

                   INTERNATIONAL EARTH ROTATION AND REFERENCE SYSTEMS SERVICE
                        EARTH ORIENTATION PARAMETERS
                          EOP (IERS) 08 C04

  
             FORMAT(3(I4),I7,2(F11.6),2(F12.7),2(F11.6),2(F11.6),2(F11.7),2F12.6)
**********************************************************************************
  
      Date      MJD      x          y        UT1-UTC       LOD         dPsi      dEps       x Err     y Err   UT1-UTC Err  LOD Err    dPsi Err   dEpsilon Err
                         "          "           s           s            "         "        "          "          s           s            "         "
     (0h UTC)

1994   1   1  49353   0.010042   0.476452   0.1994934   0.0026519  -0.016523  -0.003514   0.000366   0.000332  0.0000010  0.0000010    0.000405    0.000188
1994   1   2  49354   0.012735   0.476837   0.1967710   0.0027857  -0.016531  -0.003276   0.000356   0.000356  0.0000011  0.0000221    0.000446    0.000195
1994   1   3  49355   0.015483   0.477084   0.1939727   0.0027667  -0.016727  -0.003051   0.000236   0.000268  0.0000012  0.0000233    0.000487    0.000202
1994   1   4  49356   0.017738   0.477886   0.1911913   0.0026721  -0.017003  -0.002887   0.000232   0.000173  0.0000013  0.0000227    0.000529    0.000208
1994   1   5  49357   0.020951   0.478526   0.1885028   0.0026087  -0.017346  -0.002762   0.000177   0.000125  0.0000014  0.0000209    0.000570    0.000215
1994   1   6  49358   0.023344   0.479187   0.1859515   0.0024658  -0.017733  -0.002705   0.000145   0.000102  0.0000017  0.0000203    0.000687    0.000205
1994   1   7  49359   0.026408   0.479643   0.1835544   0.0022780  -0.018472  -0.002695   0.000160   0.000117  0.0000021  0.0000203    0.001248    0.000469
1994   1   8  49360   0.029092   0.480143   0.1813129   0.0021293  -0.019105  -0.002837   0.000165   0.000143  0.0000022  0.0000215    0.001459    0.000590
1994   1   9  49361   0.031715   0.479899   0.1792163   0.0020344  -0.019302  -0.003100   0.000252   0.000194  0.0000021  0.0000215    0.001258    0.000504
1994   1  10  49362   0.034090   0.479885   0.1772261   0.0019837  -0.019092  -0.003289   0.000271   0.000187  0.0000021  0.0000203    0.001057    0.000417
1994   1  11  49363   0.036276   0.479861   0.1752648   0.0020033  -0.018582  -0.003247   0.000191   0.000131  0.0000020  0.0000197    0.000856    0.000330
1994   1  12  49364   0.037726   0.479714   0.1732328   0.0021033  -0.018076  -0.002996   0.000152   0.000115  0.0000022  0.0000203    0.000836    0.000278
1994   1  13  49365   0.040704   0.479546   0.1710494   0.0022477  -0.017742  -0.002693   0.000115   0.000098  0.0000013  0.0000197    0.000505    0.000191
1994   1  14  49366   0.043125   0.479073   0.1687363   0.0023644  -0.017584  -0.002520   0.000084   0.000081  0.0000009  0.0000190    0.000348    0.000161
1994   1  15  49367   0.046167   0.478711   0.1663672   0.0023863  -0.017550  -0.002619   0.000073   0.000073  0.0000011  0.0000197    0.000375    0.000177
1994   1  16  49368   0.048248   0.478912   0.1640195   0.0023403  -0.017638  -0.002848   0.000073   0.000068  0.0000011  0.0000197    0.000354    0.000176
1994   1  17  49369   0.050567   0.479010   0.1617283   0.0022820  -0.017859  -0.003015   0.000080   0.000069  0.0000009  0.0000184    0.000327    0.000164
1994   1  18  49370   0.052235   0.479099   0.1594752   0.0022233  -0.018152  -0.003023   0.000075   0.000069  0.0000013  0.0000178    0.000424    0.000202
1994   1  19  49371   0.054156   0.478620   0.1572864   0.0021169  -0.018371  -0.002984   0.000077   0.000073  0.0000011  0.0000184    0.000372    0.000161
1994   1  20  49372   0.055465   0.478139   0.1552174   0.0020183  -0.018412  -0.003081   0.000073   0.000067  0.0000010  0.0000197    0.000316    0.000152
1994   1  21  49373   0.057549   0.477595   0.1532319   0.0019729  -0.018352  -0.003316   0.000064   0.000063  0.0000010  0.0000209    0.000312    0.000157
1994   1  22  49374   0.059448   0.477030   0.1512751   0.0019255  -0.018250  -0.003508   0.000067   0.000069  0.0000010  0.0000203    0.000311    0.000157
1994   1  23  49375   0.062117   0.475801   0.1493517   0.0019227  -0.018150  -0.003544   0.000076   0.000079  0.0000011  0.0000203    0.000325    0.000169
1994   1  24  49376   0.064793   0.475976   0.1474182   0.0019482  -0.018121  -0.003531   0.000074   0.000079  0.0000010  0.0000203    0.000322    0.000156
1994   1  25  49377   0.067762   0.476032   0.1454453   0.0020125  -0.018155  -0.003587   0.000066   0.000069  0.0000012  0.0000197    0.000400    0.000175
1994   1  26  49378   0.070343   0.476343   0.1433649   0.0021736  -0.018110  -0.003782   0.000090   0.000086  0.0000014  0.0000190    0.000483    0.000216
1994   1  27  49379   0.073309   0.475306   0.1410890   0.0023920  -0.017880  -0.004014   0.000122   0.000104  0.0000023  0.0000190    0.000605    0.000273
1994   1  28  49380   0.075997   0.474557   0.1385972   0.0026055  -0.017584  -0.003994   0.000129   0.000118  0.0000030  0.0000190    0.000705    0.000309
1994   1  29  49381   0.078848   0.473685   0.1359311   0.0027492  -0.017470  -0.003618   0.000165   0.000147  0.0000027  0.0000203    0.000677    0.000290
1994   1  30  49382   0.080435   0.472838   0.1331565   0.0028096  -0.017666  -0.003128   0.000196   0.000187  0.0000024  0.0000227    0.000649    0.000271
1994   1  31  49383   0.083744   0.471732   0.1303492   0.0027911  -0.018094  -0.002828   0.000189   0.000203  0.0000021  0.0000246    0.000620    0.000253
1994   2   1  49384   0.086074   0.471323   0.1275914   0.0026701  -0.018508  -0.002864   0.000164   0.000164  0.0000018  0.0000270    0.000592    0.000234
1994   2   2  49385   0.089490   0.469970   0.1249678   0.0024823  -0.018740  -0.003154   0.000121   0.000112  0.0000015  0.0000276    0.000564    0.000215
1994   2   3  49386   0.091975   0.469581   0.1225452   0.0022888  -0.018756  -0.003610   0.000124   0.000110  0.0000017  0.0000276    0.000508    0.000212
1994   2   4  49387   0.095516   0.468815   0.1203450   0.0021142  -0.018945  -0.003983   0.000153   0.000137  0.0000019  0.0000270    0.000618    0.000247
1994   2   5  49388   0.097046   0.468551   0.1183279   0.0019825  -0.019345  -0.004230   0.000161   0.000159  0.0000022  0.0000264    0.000815    0.000300
1994   2   6  49389   0.099467   0.467274   0.1164086   0.0019084  -0.019697  -0.004369   0.000219   0.000186  0.0000024  0.0000264    0.001013    0.000352
1994   2   7  49390   0.101711   0.466170   0.1144913   0.0019125  -0.019658  -0.004313   0.000219   0.000179  0.0000026  0.0000252    0.001010    0.000394
1994   2   8  49391   0.103449   0.465507   0.1125038   0.0020159  -0.019159  -0.004089   0.000156   0.000146  0.0000029  0.0000246    0.000843    0.000425
1994   2   9  49392   0.105486   0.464566   0.1104130   0.0021359  -0.018470  -0.004032   0.000132   0.000120  0.0000018  0.0000252    0.000649    0.000286
1994   2  10  49393   0.107690   0.463563   0.1082199   0.0022416  -0.017940  -0.004002   0.000159   0.000155  0.0000015  0.0000436    0.000764    0.001718
1994   2  11  49394   0.109363   0.462545   0.1059453   0.0023270  -0.017676  -0.003990   0.000188   0.000201  0.0000015  0.0000430    0.000983    0.001160
1994   2  12  49395   0.111326   0.461256   0.1036180   0.0023624  -0.017609  -0.004015   0.000199   0.000265  0.0000015  0.0000240    0.001028    0.000375
1994   2  13  49396   0.111631   0.460476   0.1012676   0.0023639  -0.017721  -0.004100   0.000276   0.000392  0.0000015  0.0000233    0.000949    0.000344
1994   2  14  49397   0.113987   0.459398   0.0989227   0.0023451  -0.018034  -0.004210   0.000254   0.000337  0.0000015  0.0000233    0.000871    0.000312
1994   2  15  49398   0.116577   0.457829   0.0966144   0.0022920  -0.018452  -0.004269   0.000169   0.000189  0.0000015  0.0000233    0.000792    0.000281
1994   2  16  49399   0.118386   0.456972   0.0943775   0.0022269  -0.018834  -0.004536   0.000151   0.000136  0.0000015  0.0000240    0.000741    0.000310
1994   2  17  49400   0.120769   0.455325   0.0922379   0.0021346  -0.018879  -0.004482   0.000148   0.000117  0.0000021  0.0000246    0.001671    0.000599
1994   2  18  49401   0.122045   0.454569   0.0901902   0.0020667  -0.018417  -0.004222   0.000156   0.000131  0.0000021  0.0000246    0.005647    0.003578
1994   2  19  49402   0.123468   0.452678   0.0881852   0.0019940  -0.017795  -0.003927   0.000187   0.000177  0.0000021  0.0000252    0.009877    0.006800
1994   2  20  49403   0.125327   0.451248   0.0861530   0.0019784  -0.017241  -0.003690   0.000246   0.000248  0.0000020  0.0000270    0.014106    0.010022
1994   2  21  49404   0.128366   0.449804   0.0840376   0.0020786  -0.016924  -0.003737   0.000249   0.000293  0.0000019  0.0000283    0.011467    0.008082
1994   2  22  49405   0.131020   0.449989   0.0818022   0.0022175  -0.016945  -0.004247   0.000208   0.000255  0.0000019  0.0000283    0.001986    0.001001
1994   2  23  49406   0.133663   0.448860   0.0794035   0.0024323  -0.017363  -0.005209   0.000196   0.000205  0.0000018  0.0000276    0.001085    0.000360
1994   2  24  49407   0.136359   0.448799   0.0767799   0.0027163  -0.017896  -0.006206   0.000206   0.000212  0.0000017  0.0000270    0.004068    0.003026
1994   2  25  49408   0.137987   0.448349   0.0738840   0.0030034  -0.018274  -0.006633   0.000200   0.000210  0.0000017  0.0000276    0.003868    0.002883
1994   2  26  49409   0.139138   0.447740   0.0707328   0.0032274  -0.018466  -0.006363   0.000191   0.000247  0.0000016  0.0000283    0.003275    0.002395
1994   2  27  49410   0.140821   0.446723   0.0674213   0.0033548  -0.018572  -0.005667   0.000202   0.000283  0.0000015  0.0000270    0.002682    0.001907
1994   2  28  49411   0.141806   0.446144   0.0640843   0.0033737  -0.018642  -0.005045   0.000248   0.000274  0.0000015  0.0000252    0.002089    0.001419
1994   3   1  49412   0.143306   0.444479   0.0608400   0.0032701  -0.018585  -0.004786   0.000241   0.000223  0.0000014  0.0000240    0.001496    0.000931
1994   3   2  49413   0.143512   0.443564   0.0577540   0.0030936  -0.018323  -0.004831   0.000160   0.000145  0.0000013  0.0000240    0.000903    0.000443
1994   3   3  49414   0.145383   0.441201   0.0548387   0.0028934  -0.017934  -0.005072   0.000170   0.000146  0.0000013  0.0000246    0.000833    0.000472
1994   3   4  49415   0.145986   0.439756   0.0520748   0.0027106  -0.017601  -0.005316   0.000187   0.000166  0.0000013  0.0000240    0.000938    0.000673
1994   3   5  49416   0.147103   0.437610   0.0494340   0.0025616  -0.017490  -0.005374   0.000166   0.000180  0.0000013  0.0000233    0.000975    0.000598
1994   3   6  49417   0.147689   0.436201   0.0468865   0.0025173  -0.017599  -0.005376   0.000302   0.000296  0.0000013  0.0000240    0.001006    0.000495
1994   3   7  49418   0.149182   0.434297   0.0443943   0.0024948  -0.017794  -0.005372   0.000360   0.000333  0.0000013  0.0000246    0.001036    0.000393
1994   3   8  49419   0.149580   0.432596   0.0419046   0.0025289  -0.017937  -0.005403   0.000280   0.000242  0.0000012  0.0000246    0.001067    0.000291
1994   3   9  49420   0.150824   0.430900   0.0393598   0.0025719  -0.017888  -0.005634   0.000210   0.000174  0.0000012  0.0000252    0.000753    0.000238
1994   3  10  49421   0.151672   0.429508   0.0367270   0.0026289  -0.018067  -0.005728   0.000181   0.000161  0.0000012  0.0000252    0.000860    0.000254
1994   3  11  49422   0.153250   0.427311   0.0340251   0.0026559  -0.018383  -0.005708   0.000217   0.000201  0.0000012  0.0000252    0.001131    0.000289
1994   3  12  49423   0.154015   0.425356   0.0313243   0.0026026  -0.018562  -0.005688   0.000254   0.000226  0.0000012  0.0000252    0.001141    0.000291
1994   3  13  49424   0.156151   0.423881   0.0287092   0.0025343  -0.018502  -0.005741   0.000217   0.000166  0.0000012  0.0000246    0.000962    0.000269
1994   3  14  49425   0.157286   0.422002   0.0262292   0.0024581  -0.018275  -0.005880   0.000117   0.000087  0.0000012  0.0000246    0.000784    0.000247
1994   3  15  49426   0.159105   0.421217   0.0238722   0.0023637  -0.017974  -0.006060   0.000082   0.000081  0.0000013  0.0000233    0.000605    0.000225
1994   3  16  49427   0.159632   0.419932   0.0215856   0.0022843  -0.017592  -0.006212   0.000079   0.000078  0.0000016  0.0000233    0.000735    0.000279
1994   3  17  49428   0.161755   0.418380   0.0193199   0.0022112  -0.017371  -0.006410   0.000071   0.000063  0.0000027  0.0000240    0.000652    0.000291
1994   3  18  49429   0.162419   0.416389   0.0171639   0.0021554  -0.017442  -0.006676   0.000107   0.000096  0.0000045  0.0000246    0.000978    0.000329
1994   3  19  49430   0.163627   0.415721   0.0151044   0.0021079  -0.017680  -0.006965   0.000144   0.000231  0.0000049  0.0000258    0.001014    0.000325
1994   3  20  49431   0.163283   0.414046   0.0130253   0.0020977  -0.017871  -0.007100   0.000186   0.000267  0.0000041  0.0000276    0.000665    0.000273
1994   3  21  49432   0.164313   0.412039   0.0108451   0.0021752  -0.017770  -0.006920   0.000235   0.000209  0.0000034  0.0000295    0.000564    0.000294
1994   3  22  49433   0.164270   0.410252   0.0085210   0.0023549  -0.017378  -0.006600   0.000251   0.000203  0.0000026  0.0000301    0.000564    0.000344
1994   3  23  49434   0.164033   0.408106   0.0060296   0.0025825  -0.016955  -0.006502   0.000223   0.000161  0.0000018  0.0000295    0.000757    0.000284
1994   3  24  49435   0.165127   0.405722   0.0033376   0.0028257  -0.016894  -0.006636   0.000142   0.000114  0.0000016  0.0000295    0.000723    0.000242
1994   3  25  49436   0.166122   0.404297   0.0004017   0.0030989  -0.017100  -0.006779   0.000122   0.000116  0.0000017  0.0000301    0.000865    0.000336
1994   3  26  49437   0.167585   0.402868  -0.0027491   0.0032762  -0.017283  -0.006673   0.000154   0.000166  0.0000017  0.0000283    0.000939    0.000382
1994   3  27  49438   0.168739   0.400628  -0.0060042   0.0032446  -0.017405  -0.006391   0.000182   0.000210  0.0000016  0.0000270    0.000872    0.000344
1994   3  28  49439   0.169353   0.398926  -0.0092235   0.0030966  -0.017520  -0.006257   0.000236   0.000227  0.0000015  0.0000258    0.000805    0.000306
1994   3  29  49440   0.169928   0.396856  -0.0122859   0.0028981  -0.017555  -0.006431   0.000225   0.000227  0.0000015  0.0000240    0.000738    0.000269
1994   3  30  49441   0.170652   0.394938  -0.0151293   0.0027128  -0.017456  -0.006747   0.000159   0.000167  0.0000014  0.0000233    0.000671    0.000231
1994   3  31  49442   0.171743   0.392763  -0.0177605   0.0025402  -0.017276  -0.007003   0.000169   0.000141  0.0000014  0.0000233    0.000689    0.000255
1994   4   1  49443   0.173569   0.391158  -0.0202336   0.0024342  -0.017043  -0.007184   0.000224   0.000169  0.0000016  0.0000240    0.000735    0.000299
1994   4   2  49444   0.174467   0.389967  -0.0226192   0.0023867  -0.016790  -0.007353   0.000227   0.000176  0.0000017  0.0000252    0.000782    0.000343
1994   4   3  49445   0.176167   0.388105  -0.0249814   0.0024164  -0.016642  -0.007482   0.000199   0.000204  0.0000018  0.0000264    0.000828    0.000387
1994   4   4  49446   0.177343   0.386387  -0.0273719   0.0024895  -0.016700  -0.007505   0.000183   0.000198  0.0000019  0.0000270    0.000821    0.000352
1994   4   5  49447   0.178865   0.384562  -0.0298306   0.0025501  -0.016890  -0.007456   0.000149   0.000137  0.0000020  0.0000283    0.000810    0.000311
1994   4   6  49448   0.179760   0.382725  -0.0323823   0.0025494  -0.017003  -0.007424   0.000122   0.000102  0.0000022  0.0000295    0.000800    0.000271
1994   4   7  49449   0.180783   0.381198  -0.0350222   0.0025649  -0.016977  -0.007429   0.000126   0.000104  0.0000022  0.0000307    0.000802    0.000268
1994   4   8  49450   0.181308   0.379365  -0.0377064   0.0026078  -0.016908  -0.007417   0.000134   0.000108  0.0000021  0.0000313    0.000809    0.000278
1994   4   9  49451   0.182020   0.377482  -0.0403639   0.0026140  -0.016902  -0.007375   0.000161   0.000138  0.0000021  0.0000319    0.000815    0.000289
1994   4  10  49452   0.182511   0.375887  -0.0429342   0.0025762  -0.016958  -0.007386   0.000213   0.000191  0.0000020  0.0000326    0.000822    0.000299
1994   4  11  49453   0.183075   0.374160  -0.0454050   0.0025066  -0.017007  -0.007526   0.000214   0.000217  0.0000020  0.0000313    0.000828    0.000309
1994   4  12  49454   0.183344   0.372814  -0.0478142   0.0024008  -0.017017  -0.007721   0.000231   0.000216  0.0000019  0.0000307    0.000835    0.000319
1994   4  13  49455   0.182991   0.370971  -0.0502068   0.0022905  -0.017014  -0.007858   0.000209   0.000176  0.0000019  0.0000289    0.000808    0.000280
1994   4  14  49456   0.182863   0.368743  -0.0525820   0.0021882  -0.016998  -0.007674   0.000183   0.000150  0.0000018  0.0000276    0.001635    0.000457
1994   4  15  49457   0.182555   0.366713  -0.0548866   0.0021196  -0.017770  -0.007331   0.000198   0.000153  0.0000017  0.0000276    0.001954    0.000529
1994   4  16  49458   0.183287   0.364234  -0.0570685   0.0021269  -0.019140  -0.007042   0.000217   0.000169  0.0000016  0.0000264    0.001874    0.000511
1994   4  17  49459   0.183365   0.362135  -0.0591443   0.0021769  -0.020315  -0.006893   0.000243   0.000208  0.0000015  0.0000258    0.001793    0.000493
1994   4  18  49460   0.183461   0.360087  -0.0612148   0.0022479  -0.020471  -0.006876   0.000217   0.000215  0.0000014  0.0000252    0.001712    0.000475
1994   4  19  49461   0.183651   0.358142  -0.0634145   0.0023721  -0.019262  -0.007001   0.000213   0.000192  0.0000013  0.0000246    0.001632    0.000457
1994   4  20  49462   0.183778   0.356841  -0.0658401   0.0025636  -0.016176  -0.007535   0.000179   0.000146  0.0000012  0.0000240    0.000800    0.000268
1994   4  21  49463   0.183938   0.355596  -0.0685168   0.0027456  -0.014253  -0.008008   0.000146   0.000128  0.0000013  0.0000240    0.000669    0.000245
1994   4  22  49464   0.183624   0.354255  -0.0714120   0.0029653  -0.013735  -0.008260   0.000151   0.000152  0.0000014  0.0000240    0.000793    0.000283
1994   4  23  49465   0.183580   0.352749  -0.0744624   0.0031483  -0.014297  -0.008120   0.000173   0.000181  0.0000016  0.0000246    0.000916    0.000320
1994   4  24  49466   0.183084   0.350432  -0.0775852   0.0031691  -0.015445  -0.007697   0.000208   0.000259  0.0000017  0.0000264    0.001040    0.000358
1994   4  25  49467   0.182678   0.348921  -0.0806785   0.0030640  -0.016559  -0.007385   0.000187   0.000242  0.0000019  0.0000276    0.001163    0.000395
1994   4  26  49468   0.182632   0.346505  -0.0836392   0.0028424  -0.017164  -0.007416   0.000157   0.000150  0.0000020  0.0000283    0.001286    0.000433
1994   4  27  49469   0.182848   0.344002  -0.0864039   0.0026433  -0.016667  -0.007796   0.000154   0.000126  0.0000016  0.0000283    0.000794    0.000286
1994   4  28  49470   0.182718   0.341226  -0.0889829   0.0025258  -0.015998  -0.008012   0.000179   0.000146  0.0000016  0.0000276    0.000761    0.000228
1994   4  29  49471   0.182861   0.338459  -0.0914577   0.0024622  -0.016219  -0.007926   0.000140   0.000120  0.0000016  0.0000270    0.000654    0.000235
1994   4  30  49472   0.183131   0.335994  -0.0939244   0.0024674  -0.016456  -0.007895   0.000151   0.000141  0.0000017  0.0000264    0.000561    0.000244
1994   5   1  49473   0.183797   0.334012  -0.0964334   0.0024922  -0.016437  -0.008001   0.000195   0.000194  0.0000017  0.0000246    0.000573    0.000247
1994   5   2  49474   0.183814   0.331948  -0.0989828   0.0025508  -0.016594  -0.008082   0.000148   0.000155  0.0000016  0.0000227    0.000585    0.000249
1994   5   3  49475   0.184647   0.329943  -0.1015532   0.0026110  -0.016887  -0.008106   0.000129   0.000124  0.0000016  0.0000221    0.000597    0.000252
1994   5   4  49476   0.185066   0.327856  -0.1041368   0.0026440  -0.017003  -0.008131   0.000125   0.000112  0.0000016  0.0000227    0.000609    0.000255
1994   5   5  49477   0.185383   0.325857  -0.1067353   0.0026543  -0.016786  -0.008146   0.000168   0.000130  0.0000015  0.0000246    0.000592    0.000249
1994   5   6  49478   0.184995   0.323694  -0.1093406   0.0025836  -0.016432  -0.008080   0.000198   0.000161  0.0000015  0.0000246    0.000566    0.000241
1994   5   7  49479   0.185576   0.321334  -0.1119237   0.0025123  -0.016312  -0.007904   0.000169   0.000183  0.0000014  0.0000246    0.000540    0.000233
1994   5   8  49480   0.185845   0.318264  -0.1144431   0.0024388  -0.016567  -0.007741   0.000153   0.000187  0.0000013  0.0000246    0.000513    0.000225
1994   5   9  49481   0.186527   0.316310  -0.1168667   0.0023647  -0.017004  -0.007780   0.000145   0.000162  0.0000012  0.0000246    0.000487    0.000217
1994   5  10  49482   0.186939   0.314023  -0.1191869   0.0022884  -0.017316  -0.008057   0.000126   0.000120  0.0000011  0.0000258    0.000461    0.000208
1994   5  11  49483   0.188188   0.312374  -0.1214224   0.0022278  -0.017300  -0.008403   0.000132   0.000112  0.0000015  0.0000252    0.000702    0.000258
1994   5  12  49484   0.188223   0.310227  -0.1236066   0.0021822  -0.017009  -0.008630   0.000118   0.000105  0.0000016  0.0000246    0.000665    0.000262
1994   5  13  49485   0.189046   0.308380  -0.1257751   0.0021565  -0.016502  -0.008724   0.000112   0.000107  0.0000020  0.0000240    0.001014    0.000414
1994   5  14  49486   0.189015   0.305910  -0.1279470   0.0021615  -0.015955  -0.008602   0.000190   0.000174  0.0000022  0.0000258    0.001436    0.000611
1994   5  15  49487   0.188880   0.303968  -0.1301370   0.0021951  -0.015622  -0.008364   0.000195   0.000170  0.0000020  0.0000264    0.001731    0.000779
1994   5  16  49488   0.187908   0.302122  -0.1323786   0.0023011  -0.015591  -0.008165   0.000141   0.000121  0.0000018  0.0000240    0.002026    0.000947
1994   5  17  49489   0.187633   0.300167  -0.1347288   0.0024502  -0.015745  -0.008065   0.000162   0.000120  0.0000016  0.0000227    0.002320    0.001115
1994   5  18  49490   0.187293   0.297856  -0.1372465   0.0025797  -0.016291  -0.008208   0.000161   0.000110  0.0000014  0.0000221    0.000943    0.000428
1994   5  19  49491   0.187089   0.295925  -0.1399492   0.0026756  -0.016858  -0.008594   0.000136   0.000111  0.0000022  0.0000221    0.000723    0.000220
1994   5  20  49492   0.187328   0.293694  -0.1427814   0.0027624  -0.017292  -0.008697   0.000161   0.000147  0.0000034  0.0000221    0.000810    0.000238
1994   5  21  49493   0.186406   0.291872  -0.1456254   0.0027794  -0.017593  -0.008383   0.000197   0.000153  0.0000045  0.0000227    0.000828    0.000275
1994   5  22  49494   0.186060   0.289925  -0.1483533   0.0027259  -0.017745  -0.007852   0.000214   0.000187  0.0000057  0.0000233    0.000847    0.000312
1994   5  23  49495   0.185324   0.288794  -0.1508833   0.0025532  -0.017736  -0.007456   0.000212   0.000197  0.0000069  0.0000240    0.000865    0.000349
1994   5  24  49496   0.184208   0.287173  -0.1532011   0.0022898  -0.017613  -0.007436   0.000188   0.000152  0.0000080  0.0000264    0.000884    0.000386
1994   5  25  49497   0.182442   0.285573  -0.1553417   0.0020826  -0.017812  -0.007828   0.000155   0.000130  0.0000028  0.0000276    0.000644    0.000277
1994   5  26  49498   0.181375   0.283326  -0.1573568   0.0019409  -0.017675  -0.008175   0.000166   0.000137  0.0000015  0.0000270    0.000715    0.000290
1994   5  27  49499   0.179905   0.281146  -0.1592949   0.0018885  -0.017444  -0.008295   0.000196   0.000162  0.0000015  0.0000270    0.000742    0.000300
1994   5  28  49500   0.178733   0.278809  -0.1611979   0.0018695  -0.017097  -0.008309   0.000228   0.000171  0.0000015  0.0000270    0.000695    0.000286
1994   5  29  49501   0.177779   0.276670  -0.1631028   0.0019135  -0.016751  -0.008308   0.000258   0.000288  0.0000015  0.0000276    0.000648    0.000272
1994   5  30  49502   0.176805   0.274553  -0.1650386   0.0019736  -0.016775  -0.008253   0.000244   0.000343  0.0000015  0.0000264    0.000601    0.000258
1994   5  31  49503   0.175675   0.271799  -0.1670186   0.0020051  -0.017275  -0.008140   0.000216   0.000252  0.0000015  0.0000252    0.000554    0.000245
1994   6   1  49504   0.174488   0.269462  -0.1690329   0.0020215  -0.017887  -0.008052   0.000160   0.000164  0.0000015  0.0000258    0.000507    0.000231
1994   6   2  49505   0.173687   0.267249  -0.1710489   0.0020043  -0.018196  -0.008098   0.000144   0.000134  0.0000041  0.0000252    0.000760    0.000376
1994   6   3  49506   0.172678   0.265279  -0.1730195   0.0019356  -0.018253  -0.008178   0.000172   0.000164  0.0000075  0.0000240    0.001113    0.000574
1994   6   4  49507   0.171594   0.263601  -0.1749000   0.0018232  -0.018443  -0.008131   0.000198   0.000184  0.0000064  0.0000233    0.001041    0.000523
1994   6   5  49508   0.170606   0.261417  -0.1766627   0.0017236  -0.018922  -0.008045   0.000234   0.000201  0.0000053  0.0000227    0.000969    0.000471
1994   6   6  49509   0.169230   0.260185  -0.1783034   0.0015785  -0.019491  -0.008032   0.000232   0.000201  0.0000042  0.0000221    0.000896    0.000420
1994   6   7  49510   0.167283   0.257986  -0.1798377   0.0014706  -0.019833  -0.008144   0.000201   0.000189  0.0000030  0.0000221    0.000824    0.000368
1994   6   8  49511   0.165984   0.256544  -0.1812944   0.0014253  -0.019817  -0.008306   0.000168   0.000161  0.0000019  0.0000240    0.000751    0.000317
1994   6   9  49512   0.165780   0.254298  -0.1827095   0.0014594  -0.019471  -0.008425   0.000169   0.000140  0.0000016  0.0000264    0.000522    0.000166
1994   6  10  49513   0.164469   0.252206  -0.1841244   0.0014413  -0.019091  -0.008447   0.000190   0.000164  0.0000017  0.0000264    0.000460    0.000129
1994   6  11  49514   0.163825   0.250014  -0.1855855   0.0014940  -0.018880  -0.008450   0.000203   0.000237  0.0000017  0.0000246    0.000508    0.000164
1994   6  12  49515   0.162653   0.248114  -0.1871401   0.0015959  -0.018953  -0.008503   0.000223   0.000263  0.0000017  0.0000227    0.000555    0.000200
1994   6  13  49516   0.161880   0.245684  -0.1888263   0.0017342  -0.019271  -0.008564   0.000205   0.000225  0.0000017  0.0000221    0.000602    0.000235
1994   6  14  49517   0.160657   0.243442  -0.1906619   0.0019016  -0.019598  -0.008550   0.000184   0.000178  0.0000017  0.0000221    0.000671    0.000279
1994   6  15  49518   0.160032   0.241416  -0.1926386   0.0020569  -0.019711  -0.008432   0.000156   0.000127  0.0000018  0.0000221    0.000815    0.000349
1994   6  16  49519   0.159259   0.239661  -0.1947224   0.0021268  -0.019294  -0.007960   0.000135   0.000126  0.0000026  0.0000221    0.001640    0.000596
1994   6  17  49520   0.158564   0.237829  -0.1968572   0.0021575  -0.018971  -0.007455   0.000173   0.000173  0.0000027  0.0000227    0.001771    0.000626
1994   6  18  49521   0.157366   0.235993  -0.1989685   0.0020729  -0.019082  -0.007037   0.000237   0.000281  0.0000023  0.0000240    0.001435    0.000516
1994   6  19  49522   0.156396   0.234689  -0.2009732   0.0019236  -0.019613  -0.006797   0.000343   0.000426  0.0000020  0.0000240    0.001100    0.000407
1994   6  20  49523   0.154372   0.232642  -0.2027998   0.0017174  -0.020340  -0.006865   0.000389   0.000488  0.0000016  0.0000233    0.000765    0.000297
1994   6  21  49524   0.152989   0.230241  -0.2044118   0.0015079  -0.020982  -0.007203   0.000247   0.000305  0.0000013  0.0000233    0.000429    0.000188
1994   6  22  49525   0.150965   0.227925  -0.2058231   0.0013359  -0.021369  -0.007548   0.000167   0.000163  0.0000017  0.0000240    0.000657    0.000288
1994   6  23  49526   0.150140   0.225538  -0.2070940   0.0012480  -0.021544  -0.007615   0.000300   0.000295  0.0000018  0.0000246    0.000871    0.000361
1994   6  24  49527   0.148376   0.223589  -0.2083064   0.0012049  -0.021500  -0.007405   0.000361   0.000390  0.0000018  0.0000252    0.001042    0.000410
1994   6  25  49528   0.146818   0.221705  -0.2095323   0.0012158  -0.021245  -0.007152   0.000285   0.000329  0.0000018  0.0000270    0.001213    0.000458
1994   6  26  49529   0.145029   0.220023  -0.2108098   0.0012781  -0.020960  -0.007101   0.000233   0.000296  0.0000018  0.0000276    0.001377    0.000492
1994   6  27  49530   0.143597   0.218240  -0.2121363   0.0013338  -0.020950  -0.007326   0.000213   0.000278  0.0000022  0.0000270    0.001522    0.000478
1994   6  28  49531   0.141724   0.216209  -0.2134776   0.0013474  -0.021440  -0.007623   0.000177   0.000200  0.0000024  0.0000270    0.001572    0.000445
1994   6  29  49532   0.139552   0.214693  -0.2147879   0.0013128  -0.022362  -0.007743   0.000154   0.000152  0.0000023  0.0000270    0.000549    0.000189
1994   6  30  49533   0.138211   0.213482  -0.2160316   0.0012100  -0.022778  -0.007814   0.000153   0.000145  0.0000022  0.0000270    0.000626    0.000279
1994   7   1  49534   0.136373   0.212078   0.7828033   0.0011036  -0.022445  -0.008003   0.000122   0.000114  0.0000021  0.0000270    0.000473    0.000190
1994   7   2  49535   0.134876   0.210604   0.7817088   0.0010443  -0.022124  -0.008066   0.000140   0.000124  0.0000020  0.0000252    0.000339    0.000123
1994   7   3  49536   0.133490   0.208904   0.7806723   0.0009942  -0.022245  -0.007977   0.000196   0.000232  0.0000019  0.0000240    0.000391    0.000151
1994   7   4  49537   0.131388   0.208612   0.7796907   0.0009354  -0.022688  -0.007877   0.000191   0.000302  0.0000018  0.0000240    0.000443    0.000179
1994   7   5  49538   0.129396   0.206936   0.7787682   0.0009084  -0.023234  -0.007813   0.000178   0.000242  0.0000016  0.0000233    0.000495    0.000207
1994   7   6  49539   0.127667   0.205133   0.7778983   0.0008844  -0.023682  -0.007787   0.000152   0.000145  0.0000015  0.0000233    0.000547    0.000235
1994   7   7  49540   0.125759   0.203726   0.7770435   0.0009032  -0.023859  -0.007826   0.000152   0.000128  0.0000022  0.0000227    0.000697    0.000336
1994   7   8  49541   0.124054   0.201779   0.7761321   0.0009772  -0.023804  -0.007884   0.000135   0.000126  0.0000032  0.0000227    0.000881    0.000462
1994   7   9  49542   0.122358   0.200809   0.7750823   0.0011333  -0.023692  -0.007892   0.000154   0.000163  0.0000033  0.0000227    0.000834    0.000414
1994   7  10  49543   0.120882   0.199506   0.7738386   0.0013189  -0.023608  -0.007861   0.000214   0.000217  0.0000033  0.0000221    0.000776    0.000352
1994   7  11  49544   0.118671   0.198548   0.7723865   0.0015158  -0.023748  -0.007772   0.000212   0.000217  0.0000033  0.0000227    0.000718    0.000289
1994   7  12  49545   0.116844   0.197113   0.7707474   0.0017018  -0.024166  -0.007649   0.000176   0.000169  0.0000032  0.0000233    0.000659    0.000227
1994   7  13  49546   0.115618   0.196406   0.7689611   0.0018457  -0.024559  -0.007455   0.000150   0.000123  0.0000020  0.0000233    0.000590    0.000230
1994   7  14  49547   0.113532   0.195068   0.7670736   0.0019397  -0.024957  -0.007439   0.000123   0.000104  0.0000019  0.0000240    0.000640    0.000279
1994   7  15  49548   0.111658   0.193854   0.7651443   0.0019484  -0.025528  -0.007563   0.000129   0.000117  0.0000019  0.0000252    0.000746    0.000264
1994   7  16  49549   0.109686   0.192752   0.7632385   0.0018706  -0.025822  -0.007481   0.000192   0.000203  0.0000017  0.0000258    0.000741    0.000233
1994   7  17  49550   0.107821   0.191217   0.7614154   0.0017581  -0.025852  -0.007222   0.000210   0.000254  0.0000016  0.0000258    0.000651    0.000215
1994   7  18  49551   0.106062   0.189542   0.7597244   0.0016486  -0.025896  -0.007079   0.000214   0.000236  0.0000014  0.0000246    0.000561    0.000197
1994   7  19  49552   0.103673   0.188050   0.7581893   0.0014707  -0.025958  -0.007194   0.000173   0.000163  0.0000013  0.0000233    0.000470    0.000180
1994   7  20  49553   0.102168   0.185270   0.7567870   0.0013422  -0.026188  -0.007767   0.000115   0.000101  0.0000014  0.0000233    0.000614    0.000245
1994   7  21  49554   0.100327   0.184369   0.7554424   0.0012842  -0.026134  -0.008114   0.000131   0.000117  0.0000014  0.0000233    0.000825    0.000327
1994   7  22  49555   0.098481   0.182571   0.7540732   0.0013234  -0.025726  -0.007983   0.000148   0.000136  0.0000015  0.0000240    0.000678    0.000289
1994   7  23  49556   0.096381   0.181623   0.7526414   0.0014122  -0.024890  -0.007774   0.000140   0.000141  0.0000015  0.0000240    0.000799    0.000288
1994   7  24  49557   0.094707   0.179367   0.7511656   0.0014879  -0.024016  -0.007710   0.000198   0.000242  0.0000015  0.0000233    0.001243    0.000355
1994   7  25  49558   0.093045   0.178788   0.7496882   0.0015066  -0.023702  -0.007772   0.000244   0.000280  0.0000016  0.0000233    0.001687    0.000423
1994   7  26  49559   0.091099   0.177462   0.7482343   0.0015287  -0.024164  -0.007912   0.000221   0.000204  0.0000016  0.0000240    0.002130    0.000490
1994   7  27  49560   0.088556   0.176979   0.7468001   0.0015011  -0.026076  -0.007723   0.000182   0.000162  0.0000016  0.0000233    0.001045    0.000304
1994   7  28  49561   0.086693   0.176197   0.7453699   0.0014549  -0.026938  -0.007722   0.000189   0.000168  0.0000021  0.0000221    0.000621    0.000230
1994   7  29  49562   0.084407   0.175907   0.7439368   0.0014032  -0.026927  -0.007741   0.000193   0.000178  0.0000028  0.0000227    0.000530    0.000212
1994   7  30  49563   0.082752   0.175149   0.7425203   0.0013705  -0.026994  -0.007532   0.000191   0.000200  0.0000031  0.0000227    0.000949    0.000369
1994   7  31  49564   0.080466   0.174956   0.7411694   0.0012904  -0.027044  -0.007352   0.000231   0.000227  0.0000033  0.0000227    0.001416    0.000542
1994   8   1  49565   0.078448   0.174114   0.7399311   0.0011901  -0.027232  -0.007303   0.000207   0.000207  0.0000035  0.0000233    0.001883    0.000715
1994   8   2  49566   0.076569   0.173847   0.7388083   0.0011038  -0.027559  -0.007406   0.000176   0.000181  0.0000037  0.0000227    0.002350    0.000888
1994   8   3  49567   0.074810   0.173190   0.7377365   0.0011004  -0.027917  -0.007684   0.000159   0.000154  0.0000022  0.0000221    0.001149    0.000485
1994   8   4  49568   0.073124   0.172883   0.7366035   0.0011858  -0.028056  -0.008066   0.000159   0.000160  0.0000021  0.0000227    0.001428    0.000477
1994   8   5  49569   0.071656   0.172763   0.7353638   0.0012963  -0.027909  -0.008385   0.000155   0.000170  0.0000030  0.0000233    0.001733    0.000647
1994   8   6  49570   0.069917   0.172632   0.7339955   0.0014314  -0.027681  -0.008538   0.000189   0.000203  0.0000032  0.0000233    0.001559    0.000641
1994   8   7  49571   0.068326   0.172310   0.7324919   0.0015538  -0.027554  -0.008459   0.000206   0.000199  0.0000027  0.0000227    0.001248    0.000507
1994   8   8  49572   0.067072   0.171750   0.7308786   0.0016536  -0.027649  -0.008131   0.000161   0.000160  0.0000022  0.0000221    0.000937    0.000373
1994   8   9  49573   0.065193   0.171879   0.7291892   0.0017159  -0.027993  -0.007653   0.000134   0.000133  0.0000017  0.0000233    0.000626    0.000239
1994   8  10  49574   0.064251   0.171708   0.7274570   0.0017482  -0.028577  -0.007297   0.000109   0.000102  0.0000016  0.0000240    0.000568    0.000201
1994   8  11  49575   0.062876   0.171606   0.7257226   0.0017461  -0.028803  -0.007199   0.000138   0.000115  0.0000018  0.0000233    0.000548    0.000232
1994   8  12  49576   0.061884   0.171521   0.7240460   0.0016810  -0.028280  -0.007055   0.000171   0.000128  0.0000021  0.0000227    0.000382    0.000167
1994   8  13  49577   0.059471   0.171426   0.7224836   0.0015149  -0.027794  -0.006992   0.000182   0.000127  0.0000024  0.0000215    0.000291    0.000117
1994   8  14  49578   0.057716   0.171028   0.7210532   0.0013520  -0.027853  -0.007085   0.000209   0.000201  0.0000028  0.0000215    0.000348    0.000138
1994   8  15  49579   0.054312   0.170650   0.7197300   0.0012379  -0.028274  -0.007254   0.000191   0.000275  0.0000031  0.0000221    0.000405    0.000158
1994   8  16  49580   0.051461   0.169683   0.7184719   0.0012158  -0.028922  -0.007539   0.000156   0.000193  0.0000034  0.0000215    0.000461    0.000178
1994   8  17  49581   0.049327   0.168973   0.7172387   0.0012497  -0.029108  -0.007857   0.000133   0.000105  0.0000019  0.0000215    0.000531    0.000184
1994   8  18  49582   0.047719   0.168480   0.7159901   0.0013221  -0.029118  -0.008129   0.000154   0.000130  0.0000015  0.0000221    0.000550    0.000186
1994   8  19  49583   0.045886   0.168314   0.7146740   0.0014088  -0.028841  -0.008207   0.000202   0.000150  0.0000016  0.0000221    0.000550    0.000187
1994   8  20  49584   0.043455   0.168714   0.7132377   0.0015214  -0.028433  -0.008055   0.000221   0.000154  0.0000016  0.0000227    0.000551    0.000187
1994   8  21  49585   0.039748   0.169084   0.7116533   0.0016229  -0.028178  -0.007778   0.000224   0.000185  0.0000016  0.0000233    0.000552    0.000187
1994   8  22  49586   0.036447   0.169006   0.7099359   0.0017323  -0.028252  -0.007537   0.000213   0.000194  0.0000016  0.0000233    0.000552    0.000188
1994   8  23  49587   0.033094   0.168939   0.7081399   0.0017730  -0.028655  -0.007429   0.000176   0.000151  0.0000016  0.0000233    0.000553    0.000188
1994   8  24  49588   0.030410   0.168752   0.7063371   0.0017730  -0.029265  -0.007430   0.000132   0.000104  0.0000016  0.0000233    0.000554    0.000189
1994   8  25  49589   0.028180   0.167831   0.7045900   0.0017113  -0.029931  -0.007468   0.000103   0.000085  0.0000018  0.0000227    0.000628    0.000224
1994   8  26  49590   0.026393   0.168091   0.7029344   0.0016033  -0.030352  -0.007458   0.000113   0.000095  0.0000016  0.0000221    0.000829    0.000384
1994   8  27  49591   0.024848   0.168129   0.7013534   0.0015276  -0.030315  -0.007480   0.000162   0.000146  0.0000014  0.0000215    0.000878    0.000434
1994   8  28  49592   0.023209   0.168479   0.6998185   0.0015017  -0.029932  -0.007605   0.000207   0.000183  0.0000014  0.0000209    0.000783    0.000365
1994   8  29  49593   0.021281   0.168781   0.6983259   0.0014559  -0.029552  -0.007797   0.000203   0.000159  0.0000014  0.0000209    0.000688    0.000296
1994   8  30  49594   0.018370   0.169177   0.6968780   0.0014200  -0.029448  -0.007939   0.000153   0.000115  0.0000013  0.0000203    0.000592    0.000227
1994   8  31  49595   0.016219   0.169947   0.6954512   0.0014660  -0.029844  -0.007955   0.000118   0.000096  0.0000014  0.0000203    0.000566    0.000196
1994   9   1  49596   0.012859   0.170434   0.6939751   0.0015502  -0.030016  -0.007731   0.000119   0.000093  0.0000019  0.0000203    0.000571    0.000211
1994   9   2  49597   0.010705   0.170647   0.6923603   0.0017072  -0.029831  -0.007560   0.000121   0.000091  0.0000025  0.0000197    0.000847    0.000359
1994   9   3  49598   0.008291   0.170751   0.6905384   0.0019205  -0.029630  -0.007553   0.000193   0.000140  0.0000026  0.0000197    0.000952    0.000393
1994   9   4  49599   0.006356   0.170863   0.6884907   0.0021556  -0.029583  -0.007618   0.000247   0.000216  0.0000023  0.0000197    0.000837    0.000302
1994   9   5  49600   0.004489   0.171039   0.6862480   0.0023497  -0.029654  -0.007595   0.000198   0.000248  0.0000020  0.0000203    0.000724    0.000224
1994   9   6  49601   0.002080   0.172459   0.6838664   0.0024539  -0.029764  -0.007424   0.000187   0.000218  0.0000017  0.0000203    0.000617    0.000205
1994   9   7  49602  -0.000644   0.173529   0.6813988   0.0025180  -0.030052  -0.007170   0.000155   0.000137  0.0000014  0.0000203    0.000511    0.000186
1994   9   8  49603  -0.003528   0.174302   0.6788805   0.0025323  -0.030654  -0.006946   0.000098   0.000082  0.0000017  0.0000209    0.000630    0.000226
1994   9   9  49604  -0.006290   0.174837   0.6763338   0.0025029  -0.031053  -0.006907   0.000131   0.000104  0.0000023  0.0000215    0.000888    0.000383
1994   9  10  49605  -0.008624   0.175725   0.6738427   0.0024158  -0.031099  -0.007037   0.000180   0.000194  0.0000028  0.0000227    0.000945    0.000430
1994   9  11  49606  -0.010828   0.176681   0.6714851   0.0022884  -0.030854  -0.007218   0.000284   0.000292  0.0000031  0.0000233    0.000835    0.000360
1994   9  12  49607  -0.013569   0.178393   0.6692517   0.0022039  -0.030452  -0.007397   0.000332   0.000269  0.0000033  0.0000227    0.000725    0.000290
1994   9  13  49608  -0.015768   0.179079   0.6670694   0.0021872  -0.030110  -0.007587   0.000235   0.000175  0.0000036  0.0000227    0.000615    0.000220
1994   9  14  49609  -0.018679   0.179824   0.6648541   0.0022276  -0.029913  -0.007688   0.000172   0.000136  0.0000019  0.0000221    0.000547    0.000208
1994   9  15  49610  -0.021929   0.180626   0.6625561   0.0023359  -0.029946  -0.007799   0.000222   0.000185  0.0000014  0.0000215    0.000551    0.000205
1994   9  16  49611  -0.025541   0.181689   0.6601533   0.0024630  -0.029955  -0.007814   0.000260   0.000228  0.0000014  0.0000221    0.000578    0.000203
1994   9  17  49612  -0.028189   0.182345   0.6576458   0.0025796  -0.029720  -0.007651   0.000264   0.000257  0.0000014  0.0000227    0.000548    0.000191
1994   9  18  49613  -0.030494   0.183092   0.6550606   0.0025961  -0.029414  -0.007368   0.000279   0.000271  0.0000014  0.0000233    0.000476    0.000170
1994   9  19  49614  -0.033671   0.183759   0.6524484   0.0025814  -0.029302  -0.007097   0.000265   0.000220  0.0000014  0.0000215    0.000405    0.000149
1994   9  20  49615  -0.035702   0.185011   0.6498657   0.0025797  -0.029452  -0.006945   0.000225   0.000167  0.0000014  0.0000203    0.000333    0.000128
1994   9  21  49616  -0.038592   0.186016   0.6473529   0.0024911  -0.030197  -0.007040   0.000154   0.000124  0.0000014  0.0000209    0.000469    0.000183
1994   9  22  49617  -0.040943   0.187693   0.6449276   0.0023906  -0.030701  -0.007171   0.000192   0.000166  0.0000016  0.0000209    0.000629    0.000250
1994   9  23  49618  -0.044461   0.188501   0.6425962   0.0022602  -0.030903  -0.007276   0.000214   0.000209  0.0000019  0.0000203    0.000792    0.000318
1994   9  24  49619  -0.046992   0.189157   0.6403694   0.0021133  -0.030798  -0.007333   0.000188   0.000203  0.0000052  0.0000209    0.000899    0.000321
1994   9  25  49620  -0.049790   0.190654   0.6382608   0.0020153  -0.030352  -0.007390   0.000186   0.000189  0.0000087  0.0000215    0.001000    0.000319
1994   9  26  49621  -0.052187   0.191635   0.6362676   0.0019473  -0.029873  -0.007521   0.000176   0.000258  0.0000123  0.0000221    0.001101    0.000317
1994   9  27  49622  -0.055278   0.192975   0.6343537   0.0019468  -0.029709  -0.007721   0.000181   0.000235  0.0000158  0.0000227    0.001202    0.000314
1994   9  28  49623  -0.057452   0.194202   0.6324534   0.0019705  -0.029820  -0.007864   0.000155   0.000106  0.0000043  0.0000227    0.000616    0.000207
1994   9  29  49624  -0.060686   0.195814   0.6304933   0.0020279  -0.030114  -0.008037   0.000145   0.000120  0.0000014  0.0000233    0.000824    0.000212
1994   9  30  49625  -0.063183   0.197319   0.6284185   0.0021433  -0.030196  -0.008080   0.000194   0.000166  0.0000016  0.0000233    0.000966    0.000243
1994  10   1  49626  -0.065795   0.198990   0.6261952   0.0022962  -0.030102  -0.008070   0.000258   0.000210  0.0000018  0.0000240    0.000937    0.000266
1994  10   2  49627  -0.067382   0.200742   0.6237997   0.0024830  -0.030024  -0.008037   0.000350   0.000283  0.0000019  0.0000246    0.000908    0.000290
1994  10   3  49628  -0.069478   0.202741   0.6212177   0.0026546  -0.029950  -0.007847   0.000308   0.000250  0.0000021  0.0000246    0.000879    0.000314
1994  10   4  49629  -0.071038   0.204406   0.6184634   0.0028225  -0.029745  -0.007452   0.000172   0.000149  0.0000022  0.0000258    0.000850    0.000337
1994  10   5  49630  -0.073497   0.206585   0.6155991   0.0029002  -0.029303  -0.006997   0.000124   0.000109  0.0000012  0.0000270    0.000520    0.000220
1994  10   6  49631  -0.076581   0.208073   0.6127300   0.0028243  -0.028818  -0.006856   0.000115   0.000100  0.0000020  0.0000252    0.000865    0.000378
1994  10   7  49632  -0.080047   0.209251   0.6099858   0.0026724  -0.028765  -0.006984   0.000132   0.000115  0.0000022  0.0000227    0.001009    0.000439
1994  10   8  49633  -0.083580   0.210493   0.6074281   0.0025019  -0.029018  -0.007107   0.000228   0.000182  0.0000020  0.0000221    0.000913    0.000398
1994  10   9  49634  -0.086177   0.211941   0.6050313   0.0023544  -0.029354  -0.007117   0.000284   0.000321  0.0000018  0.0000215    0.000799    0.000351
1994  10  10  49635  -0.089581   0.213441   0.6027247   0.0022735  -0.029509  -0.007113   0.000216   0.000303  0.0000016  0.0000209    0.000686    0.000304
1994  10  11  49636  -0.091747   0.214794   0.6004307   0.0022885  -0.029225  -0.007160   0.000171   0.000176  0.0000014  0.0000209    0.000572    0.000258
1994  10  12  49637  -0.093489   0.216025   0.5980953   0.0023486  -0.028628  -0.007189   0.000140   0.000125  0.0000012  0.0000209    0.000459    0.000211
1994  10  13  49638  -0.094753   0.217624   0.5956959   0.0024145  -0.028075  -0.007138   0.000144   0.000138  0.0000015  0.0000209    0.000429    0.000177
1994  10  14  49639  -0.096211   0.219734   0.5932329   0.0024961  -0.027803  -0.006988   0.000132   0.000139  0.0000020  0.0000209    0.000427    0.000148
1994  10  15  49640  -0.096892   0.222111   0.5907204   0.0025435  -0.027842  -0.006779   0.000135   0.000173  0.0000021  0.0000203    0.000426    0.000153
1994  10  16  49641  -0.098417   0.224312   0.5881844   0.0025209  -0.028002  -0.006600   0.000177   0.000217  0.0000022  0.0000203    0.000425    0.000164
1994  10  17  49642  -0.099423   0.226746   0.5856730   0.0024385  -0.028154  -0.006457   0.000165   0.000175  0.0000022  0.0000203    0.000424    0.000175
1994  10  18  49643  -0.101814   0.229020   0.5832529   0.0023175  -0.028249  -0.006355   0.000132   0.000140  0.0000023  0.0000197    0.000423    0.000187
1994  10  19  49644  -0.104126   0.231326   0.5809847   0.0021820  -0.027973  -0.006378   0.000122   0.000122  0.0000014  0.0000197    0.000461    0.000218
1994  10  20  49645  -0.107182   0.233293   0.5788870   0.0020902  -0.028096  -0.006509   0.000180   0.000146  0.0000035  0.0000184    0.000923    0.000339
1994  10  21  49646  -0.110137   0.235431   0.5768219   0.0020168  -0.028588  -0.006707   0.000197   0.000163  0.0000034  0.0000178    0.000655    0.000231
1994  10  22  49647  -0.113028   0.237345   0.5748011   0.0019549  -0.028570  -0.006814   0.000246   0.000218  0.0000029  0.0000190    0.000571    0.000207
1994  10  23  49648  -0.114801   0.239509   0.5728632   0.0019425  -0.028168  -0.006830   0.000287   0.000240  0.0000024  0.0000197    0.000515    0.000192
1994  10  24  49649  -0.117213   0.242108   0.5709657   0.0019609  -0.027550  -0.006832   0.000208   0.000168  0.0000018  0.0000190    0.000458    0.000177
1994  10  25  49650  -0.119246   0.244292   0.5690194   0.0020108  -0.027036  -0.006876   0.000117   0.000102  0.0000013  0.0000184    0.000402    0.000162
1994  10  26  49651  -0.121443   0.246035   0.5669529   0.0021151  -0.026642  -0.006948   0.000079   0.000067  0.0000012  0.0000184    0.000465    0.000210
1994  10  27  49652  -0.123568   0.248510   0.5647670   0.0022475  -0.026479  -0.006857   0.000088   0.000071  0.0000013  0.0000184    0.000525    0.000172
1994  10  28  49653  -0.126064   0.250079   0.5624598   0.0023646  -0.026483  -0.006591   0.000078   0.000066  0.0000014  0.0000190    0.000534    0.000211
1994  10  29  49654  -0.128510   0.252326   0.5599929   0.0025401  -0.026331  -0.006324   0.000118   0.000083  0.0000015  0.0000203    0.000684    0.000299
1994  10  30  49655  -0.130573   0.254302   0.5573364   0.0027259  -0.026196  -0.006202   0.000236   0.000182  0.0000017  0.0000215    0.000947    0.000379
1994  10  31  49656  -0.131714   0.256460   0.5545046   0.0028681  -0.026279  -0.006178   0.000269   0.000235  0.0000018  0.0000215    0.001210    0.000460
1994  11   1  49657  -0.133053   0.258712   0.5515601   0.0029741  -0.026391  -0.006124   0.000214   0.000205  0.0000019  0.0000209    0.001474    0.000540
1994  11   2  49658  -0.134448   0.261066   0.5485935   0.0029533  -0.026475  -0.006095   0.000164   0.000151  0.0000013  0.0000209    0.000652    0.000271
1994  11   3  49659  -0.136220   0.262805   0.5456929   0.0028536  -0.026271  -0.006194   0.000158   0.000142  0.0000031  0.0000209    0.001316    0.000453
1994  11   4  49660  -0.137571   0.264994   0.5429309   0.0026873  -0.026010  -0.006218   0.000194   0.000194  0.0000037  0.0000209    0.001459    0.000468
1994  11   5  49661  -0.138950   0.266922   0.5403406   0.0025019  -0.025988  -0.006035   0.000227   0.000238  0.0000031  0.0000209    0.001068    0.000316
1994  11   6  49662  -0.140571   0.270025   0.5379056   0.0023865  -0.026301  -0.005726   0.000227   0.000308  0.0000026  0.0000215    0.000676    0.000163
1994  11   7  49663  -0.141574   0.272562   0.5355776   0.0023530  -0.026478  -0.005652   0.000209   0.000263  0.0000021  0.0000215    0.000597    0.000208
1994  11   8  49664  -0.142643   0.274229   0.5332950   0.0023279  -0.026164  -0.005915   0.000178   0.000147  0.0000016  0.0000197    0.000670    0.000350
1994  11   9  49665  -0.144633   0.276727   0.5309939   0.0023124  -0.025773  -0.006157   0.000141   0.000125  0.0000021  0.0000184    0.000628    0.000366
1994  11  10  49666  -0.145146   0.278955   0.5286184   0.0023498  -0.025354  -0.006218   0.000172   0.000137  0.0000026  0.0000178    0.000829    0.000454
1994  11  11  49667  -0.145400   0.281992   0.5261514   0.0024492  -0.025308  -0.006041   0.000213   0.000148  0.0000030  0.0000178    0.001115    0.000570
1994  11  12  49668  -0.145875   0.284694   0.5236224   0.0025236  -0.025537  -0.005807   0.000338   0.000210  0.0000029  0.0000178    0.001146    0.000572
1994  11  13  49669  -0.146039   0.287669   0.5210858   0.0025382  -0.025711  -0.005673   0.000438   0.000337  0.0000026  0.0000178    0.000993    0.000491
1994  11  14  49670  -0.146746   0.290587   0.5185924   0.0024916  -0.025705  -0.005615   0.000308   0.000314  0.0000022  0.0000178    0.000839    0.000410
1994  11  15  49671  -0.147667   0.293214   0.5161712   0.0024252  -0.025591  -0.005544   0.000186   0.000187  0.0000019  0.0000178    0.000685    0.000329
1994  11  16  49672  -0.147894   0.295309   0.5138302   0.0023347  -0.025442  -0.005462   0.000162   0.000133  0.0000015  0.0000178    0.000531    0.000247
1994  11  17  49673  -0.148960   0.298107   0.5115689   0.0022356  -0.025273  -0.005446   0.000201   0.000158  0.0000016  0.0000178    0.000485    0.000228
1994  11  18  49674  -0.149329   0.300539   0.5093885   0.0021596  -0.025069  -0.005518   0.000270   0.000254  0.0000020  0.0000190    0.000476    0.000230
1994  11  19  49675  -0.150449   0.303962   0.5072881   0.0020819  -0.024825  -0.005591   0.000281   0.000293  0.0000023  0.0000197    0.000466    0.000231
1994  11  20  49676  -0.151366   0.306257   0.5052525   0.0020056  -0.024559  -0.005591   0.000293   0.000320  0.0000026  0.0000190    0.000456    0.000233
1994  11  21  49677  -0.152796   0.308570   0.5032427   0.0020236  -0.024351  -0.005558   0.000225   0.000255  0.0000029  0.0000190    0.000446    0.000235
1994  11  22  49678  -0.153607   0.312037   0.5011990   0.0020854  -0.024308  -0.005579   0.000134   0.000125  0.0000032  0.0000184    0.000436    0.000236
1994  11  23  49679  -0.154189   0.314632   0.4990565   0.0022073  -0.024420  -0.005628   0.000128   0.000097  0.0000022  0.0000178    0.000511    0.000260
1994  11  24  49680  -0.153584   0.317412   0.4967652   0.0023743  -0.024531  -0.005620   0.000166   0.000142  0.0000019  0.0000178    0.000544    0.000260
1994  11  25  49681  -0.153337   0.320036   0.4943080   0.0025397  -0.024449  -0.005477   0.000274   0.000265  0.0000018  0.0000178    0.000560    0.000251
1994  11  26  49682  -0.152399   0.323264   0.4917024   0.0026619  -0.024225  -0.005267   0.000349   0.000343  0.0000018  0.0000178    0.000576    0.000242
1994  11  27  49683  -0.151772   0.325557   0.4889912   0.0027382  -0.024091  -0.005099   0.000461   0.000572  0.0000017  0.0000178    0.000592    0.000232
1994  11  28  49684  -0.151635   0.328975   0.4862293   0.0027420  -0.024162  -0.004973   0.000393   0.000521  0.0000017  0.0000178    0.000609    0.000223
1994  11  29  49685  -0.151341   0.331246   0.4834731   0.0027262  -0.024303  -0.004813   0.000155   0.000161  0.0000016  0.0000184    0.000625    0.000214
1994  11  30  49686  -0.151664   0.334292   0.4807700   0.0026558  -0.024251  -0.004654   0.000097   0.000080  0.0000014  0.0000190    0.000496    0.000205
1994  12   1  49687  -0.151565   0.336658   0.4781485   0.0025777  -0.024033  -0.004662   0.000111   0.000098  0.0000015  0.0000184    0.000385    0.000168
1994  12   2  49688  -0.152383   0.339505   0.4756250   0.0024608  -0.023711  -0.004861   0.000114   0.000109  0.0000016  0.0000190    0.000289    0.000122
1994  12   3  49689  -0.153228   0.341593   0.4732023   0.0023609  -0.023522  -0.005027   0.000095   0.000097  0.0000018  0.0000197    0.000192    0.000075
1994  12   4  49690  -0.153096   0.344034   0.4708631   0.0023158  -0.023653  -0.004998   0.000185   0.000192  0.0000020  0.0000190    0.000246    0.000093
1994  12   5  49691  -0.152974   0.346337   0.4685667   0.0023680  -0.023919  -0.004899   0.000244   0.000261  0.0000022  0.0000184    0.000443    0.000173
1994  12   6  49692  -0.152469   0.347673   0.4662505   0.0024060  -0.023881  -0.004934   0.000176   0.000186  0.0000024  0.0000178    0.000641    0.000252
1994  12   7  49693  -0.152065   0.350285   0.4638481   0.0024495  -0.023317  -0.005060   0.000137   0.000126  0.0000020  0.0000172    0.000598    0.000276
1994  12   8  49694  -0.151747   0.352516   0.4613243   0.0024585  -0.022890  -0.004996   0.000128   0.000112  0.0000050  0.0000172    0.001077    0.000537
1994  12   9  49695  -0.151883   0.355128   0.4587551   0.0024629  -0.022880  -0.004736   0.000187   0.000149  0.0000056  0.0000172    0.001188    0.000592
1994  12  10  49696  -0.151280   0.357980   0.4562349   0.0024720  -0.023154  -0.004455   0.000288   0.000202  0.0000044  0.0000172    0.001025    0.000503
1994  12  11  49697  -0.151744   0.361134   0.4537912   0.0024598  -0.023337  -0.004336   0.000368   0.000338  0.0000033  0.0000172    0.000861    0.000415
1994  12  12  49698  -0.153290   0.364050   0.4513951   0.0024453  -0.023280  -0.004397   0.000355   0.000427  0.0000021  0.0000178    0.000698    0.000326
1994  12  13  49699  -0.153577   0.366891   0.4490125   0.0024022  -0.023153  -0.004514   0.000234   0.000284  0.0000009  0.0000178    0.000534    0.000237
1994  12  14  49700  -0.154308   0.369105   0.4466531   0.0023171  -0.022965  -0.004619   0.000141   0.000141  0.0000008  0.0000184    0.000437    0.000187
1994  12  15  49701  -0.153822   0.371571   0.4443711   0.0022238  -0.023099  -0.004638   0.000192   0.000204  0.0000015  0.0000190    0.000421    0.000194
1994  12  16  49702  -0.154843   0.374531   0.4421720   0.0021857  -0.023353  -0.004630   0.000231   0.000231  0.0000024  0.0000197    0.000426    0.000218
1994  12  17  49703  -0.154470   0.376679   0.4399926   0.0022110  -0.023465  -0.004639   0.000295   0.000365  0.0000021  0.0000209    0.000422    0.000207
1994  12  18  49704  -0.155546   0.379910   0.4377538   0.0023010  -0.023467  -0.004616   0.000280   0.000408  0.0000017  0.0000209    0.000417    0.000192
1994  12  19  49705  -0.155650   0.382488   0.4353969   0.0024273  -0.023285  -0.004604   0.000160   0.000202  0.0000013  0.0000197    0.000412    0.000178
1994  12  20  49706  -0.157083   0.385578   0.4328968   0.0025575  -0.022906  -0.004677   0.000128   0.000126  0.0000010  0.0000184    0.000408    0.000163
1994  12  21  49707  -0.157744   0.387403   0.4302545   0.0027000  -0.022434  -0.004824   0.000111   0.000099  0.0000013  0.0000178    0.000446    0.000210
1994  12  22  49708  -0.158344   0.390045   0.4274804   0.0028149  -0.022032  -0.004901   0.000136   0.000114  0.0000014  0.0000172    0.000465    0.000224
1994  12  23  49709  -0.158689   0.391987   0.4245894   0.0029132  -0.021753  -0.004795   0.000186   0.000173  0.0000013  0.0000178    0.000476    0.000222
1994  12  24  49710  -0.159303   0.394784   0.4216031   0.0029924  -0.021611  -0.004518   0.000397   0.000518  0.0000013  0.0000197    0.000486    0.000221
1994  12  25  49711  -0.159334   0.396671   0.4185535   0.0030451  -0.021674  -0.004179   0.000710   0.001227  0.0000013  0.0000203    0.000496    0.000220
1994  12  26  49712  -0.158655   0.399057   0.4154852   0.0030577  -0.022004  -0.003878   0.000587   0.001073  0.0000012  0.0000190    0.000506    0.000218
1994  12  27  49713  -0.159118   0.402668   0.4124517   0.0030114  -0.022532  -0.003667   0.000290   0.000384  0.0000012  0.0000178    0.000516    0.000217
1994  12  28  49714  -0.158770   0.405956   0.4095046   0.0029092  -0.023056  -0.003620   0.000161   0.000166  0.0000011  0.0000172    0.000527    0.000216
1994  12  29  49715  -0.158014   0.409337   0.4066759   0.0027847  -0.023487  -0.003904   0.000132   0.000150  0.0000012  0.0000172    0.000557    0.000202
1994  12  30  49716  -0.157130   0.412166   0.4039628   0.0026793  -0.023352  -0.004288   0.000121   0.000139  0.0000012  0.0000184    0.000497    0.000182
1994  12  31  49717  -0.155656   0.415186   0.4013219   0.0026395  -0.023039  -0.004605   0.000121   0.000121  0.0000012  0.0000190    0.000449    0.000172
