

                   INTERNATIONAL EARTH ROTATION AND REFERENCE SYSTEMS SERVICE
                        EARTH ORIENTATION PARAMETERS
                          EOP (IERS) 08 C04

  
             FORMAT(3(I4),I7,2(F11.6),2(F12.7),2(F11.6),2(F11.6),2(F11.7),2F12.6)
**********************************************************************************
  
      Date      MJD      x          y        UT1-UTC       LOD         dPsi      dEps       x Err     y Err   UT1-UTC Err  LOD Err    dPsi Err   dEpsilon Err
                         "          "           s           s            "         "        "          "          s           s            "         "
     (0h UTC)

2000   1   1  51544   0.043242   0.377915   0.3554777   0.0009693  -0.050543  -0.002483   0.000100   0.000105  0.0000084  0.0000076    0.000240    0.000079
2000   1   2  51545   0.043515   0.377753   0.3546065   0.0008322  -0.050745  -0.002579   0.000168   0.000174  0.0000276  0.0000006    0.000272    0.000074
2000   1   3  51546   0.043623   0.377452   0.3538444   0.0006899  -0.050818  -0.002617   0.000163   0.000165  0.0000287  0.0000006    0.000280    0.000078
2000   1   4  51547   0.043420   0.377099   0.3532222   0.0005475  -0.050624  -0.002672   0.000158   0.000164  0.0000251  0.0000006    0.000288    0.000082
2000   1   5  51548   0.043120   0.376886   0.3527506   0.0004330  -0.050227  -0.002766   0.000154   0.000160  0.0000064  0.0000006    0.000297    0.000086
2000   1   6  51549   0.043099   0.376427   0.3523871   0.0003923  -0.049800  -0.002826   0.000154   0.000157  0.0000207  0.0000006    0.000300    0.000090
2000   1   7  51550   0.043519   0.376308   0.3519551   0.0003953  -0.049449  -0.002807   0.000160   0.000163  0.0000383  0.0000006    0.000302    0.000095
2000   1   8  51551   0.043788   0.376259   0.3514734   0.0004258  -0.049206  -0.002759   0.000167   0.000169  0.0000323  0.0000006    0.000304    0.000099
2000   1   9  51552   0.043793   0.375981   0.3510970   0.0004886  -0.049106  -0.002759   0.000159   0.000161  0.0000256  0.0000006    0.000305    0.000103
2000   1  10  51553   0.043601   0.375557   0.3505869   0.0005921  -0.049184  -0.002811   0.000145   0.000148  0.0000144  0.0000006    0.000307    0.000108
2000   1  11  51554   0.043717   0.375047   0.3498892   0.0007305  -0.049404  -0.002847   0.000146   0.000149  0.0000031  0.0000006    0.000309    0.000112
2000   1  12  51555   0.044260   0.374854   0.3490554   0.0008903  -0.049678  -0.002898   0.000142   0.000144  0.0000017  0.0000006    0.000302    0.000105
2000   1  13  51556   0.045053   0.374891   0.3480849   0.0010403  -0.049944  -0.002778   0.000135   0.000138  0.0000012  0.0000006    0.000303    0.000103
2000   1  14  51557   0.046573   0.374968   0.3469615   0.0011415  -0.050175  -0.002682   0.000141   0.000144  0.0000154  0.0000006    0.000302    0.000102
2000   1  15  51558   0.047592   0.375031   0.3457499   0.0011923  -0.050338  -0.002584   0.000147   0.000151  0.0000316  0.0000006    0.000299    0.000101
2000   1  16  51559   0.048569   0.374948   0.3445829   0.0011403  -0.050491  -0.002436   0.000168   0.000174  0.0000371  0.0000007    0.000296    0.000100
2000   1  17  51560   0.049452   0.375067   0.3435405   0.0010127  -0.050785  -0.002343   0.000176   0.000185  0.0000373  0.0000007    0.000293    0.000098
2000   1  18  51561   0.050696   0.375125   0.3425623   0.0009136  -0.051229  -0.002462   0.000163   0.000169  0.0000309  0.0000007    0.000290    0.000097
2000   1  19  51562   0.052066   0.375905   0.3416107   0.0008329  -0.051528  -0.002767   0.000154   0.000160  0.0000072  0.0000007    0.000287    0.000096
2000   1  20  51563   0.053162   0.375791   0.3407340   0.0008089  -0.051331  -0.003023   0.000153   0.000161  0.0000163  0.0000007    0.000283    0.000094
2000   1  21  51564   0.054272   0.376163   0.3398876   0.0008716  -0.050600  -0.003089   0.000156   0.000165  0.0000301  0.0000007    0.000280    0.000093
2000   1  22  51565   0.055128   0.376451   0.3389816   0.0009745  -0.049625  -0.003084   0.000166   0.000175  0.0000298  0.0000007    0.000277    0.000092
2000   1  23  51566   0.055827   0.377044   0.3379638   0.0010852  -0.048793  -0.003168   0.000177   0.000185  0.0000345  0.0000007    0.000274    0.000091
2000   1  24  51567   0.056228   0.377305   0.3368016   0.0011897  -0.048414  -0.003268   0.000173   0.000182  0.0000356  0.0000007    0.000270    0.000090
2000   1  25  51568   0.056528   0.377532   0.3355488   0.0012962  -0.048610  -0.003180   0.000162   0.000170  0.0000297  0.0000007    0.000267    0.000089
2000   1  26  51569   0.056581   0.377508   0.3342603   0.0013101  -0.049220  -0.002881   0.000152   0.000159  0.0000070  0.0000008    0.000264    0.000088
2000   1  27  51570   0.056929   0.377153   0.3329637   0.0012555  -0.049936  -0.002593   0.000151   0.000158  0.0000173  0.0000008    0.000244    0.000079
2000   1  28  51571   0.057396   0.376868   0.3317513   0.0011311  -0.050542  -0.002525   0.000153   0.000160  0.0000320  0.0000009    0.000217    0.000066
2000   1  29  51572   0.057215   0.376716   0.3306946   0.0009737  -0.051001  -0.002670   0.000165   0.000169  0.0000312  0.0000009    0.000178    0.000055
2000   1  30  51573   0.057044   0.376312   0.3297833   0.0008340  -0.051303  -0.002863   0.000178   0.000180  0.0000277  0.0000009    0.000139    0.000043
2000   1  31  51574   0.057017   0.376203   0.3290018   0.0007182  -0.051303  -0.002989   0.000175   0.000176  0.0000145  0.0000009    0.000100    0.000032
2000   2   1  51575   0.057014   0.375773   0.3283203   0.0006442  -0.050941  -0.003065   0.000147   0.000149  0.0000013  0.0000009    0.000060    0.000020
2000   2   2  51576   0.057184   0.375194   0.3277097   0.0005666  -0.050346  -0.003140   0.000144   0.000145  0.0000014  0.0000010    0.000199    0.000070
2000   2   3  51577   0.057659   0.374549   0.3271394   0.0005106  -0.049992  -0.003261   0.000167   0.000167  0.0000139  0.0000010    0.000201    0.000074
2000   2   4  51578   0.058293   0.374007   0.3266495   0.0005030  -0.049952  -0.003359   0.000167   0.000168  0.0000246  0.0000011    0.000151    0.000061
2000   2   5  51579   0.059048   0.373398   0.3261521   0.0005806  -0.050087  -0.003384   0.000177   0.000178  0.0000247  0.0000011    0.000158    0.000060
2000   2   6  51580   0.060000   0.372912   0.3254717   0.0007357  -0.050212  -0.003353   0.000183   0.000181  0.0000425  0.0000011    0.000165    0.000059
2000   2   7  51581   0.061198   0.372504   0.3246358   0.0008869  -0.050278  -0.003322   0.000169   0.000165  0.0001241  0.0000012    0.000172    0.000057
2000   2   8  51582   0.062204   0.372166   0.3236719   0.0010478  -0.050295  -0.003334   0.000159   0.000154  0.0001434  0.0000012    0.000179    0.000056
2000   2   9  51583   0.063529   0.372065   0.3225795   0.0011814  -0.049955  -0.003379   0.000151   0.000148  0.0000298  0.0000012    0.000282    0.000100
2000   2  10  51584   0.064834   0.371940   0.3213676   0.0012292  -0.049853  -0.003467   0.000151   0.000149  0.0000026  0.0000012    0.000358    0.000128
2000   2  11  51585   0.065837   0.371336   0.3201543   0.0011778  -0.049868  -0.003534   0.000158   0.000153  0.0000040  0.0000012    0.000423    0.000149
2000   2  12  51586   0.066300   0.371018   0.3190715   0.0010372  -0.049837  -0.003528   0.000171   0.000163  0.0000241  0.0000012    0.000371    0.000129
2000   2  13  51587   0.066165   0.370355   0.3181423   0.0008662  -0.049969  -0.003482   0.000183   0.000173  0.0000362  0.0000012    0.000319    0.000110
2000   2  14  51588   0.066145   0.369977   0.3173396   0.0007454  -0.050248  -0.003483   0.000186   0.000175  0.0000194  0.0000011    0.000267    0.000090
2000   2  15  51589   0.066053   0.369474   0.3166403   0.0006812  -0.050578  -0.003604   0.000176   0.000169  0.0000027  0.0000011    0.000215    0.000070
2000   2  16  51590   0.066697   0.369035   0.3159951   0.0006407  -0.050806  -0.003818   0.000166   0.000161  0.0000015  0.0000011    0.000255    0.000084
2000   2  17  51591   0.067436   0.368674   0.3153139   0.0006841  -0.050804  -0.003939   0.000171   0.000168  0.0000132  0.0000011    0.000271    0.000089
2000   2  18  51592   0.068113   0.368610   0.3145981   0.0007850  -0.050538  -0.003910   0.000179   0.000173  0.0000287  0.0000010    0.000278    0.000091
2000   2  19  51593   0.068554   0.368541   0.3138007   0.0009400  -0.050091  -0.003853   0.000186   0.000175  0.0000409  0.0000010    0.000284    0.000093
2000   2  20  51594   0.069065   0.368377   0.3128053   0.0011289  -0.049605  -0.003923   0.000190   0.000181  0.0000425  0.0000010    0.000291    0.000095
2000   2  21  51595   0.069272   0.368229   0.3116253   0.0012534  -0.049229  -0.004111   0.000184   0.000176  0.0000300  0.0000010    0.000297    0.000097
2000   2  22  51596   0.069045   0.367545   0.3103545   0.0012627  -0.049073  -0.004251   0.000174   0.000165  0.0000175  0.0000009    0.000303    0.000099
2000   2  23  51597   0.068886   0.367030   0.3091107   0.0011861  -0.049161  -0.004248   0.000166   0.000159  0.0000050  0.0000009    0.000310    0.000101
2000   2  24  51598   0.068484   0.366235   0.3079717   0.0010555  -0.049422  -0.004201   0.000166   0.000159  0.0000179  0.0000009    0.000738    0.000198
2000   2  25  51599   0.067981   0.365555   0.3069407   0.0009275  -0.049775  -0.004275   0.000167   0.000161  0.0000343  0.0000009    0.001308    0.000327
2000   2  26  51600   0.067470   0.364476   0.3060664   0.0007995  -0.050155  -0.004500   0.000183   0.000177  0.0000349  0.0000009    0.001877    0.000455
2000   2  27  51601   0.067062   0.363646   0.3053439   0.0006639  -0.050449  -0.004741   0.000190   0.000186  0.0000271  0.0000009    0.002446    0.000583
2000   2  28  51602   0.066601   0.362793   0.3046608   0.0005675  -0.050482  -0.004840   0.000165   0.000168  0.0000321  0.0000009    0.003016    0.000712
2000   2  29  51603   0.066556   0.362106   0.3040878   0.0005479  -0.050168  -0.004770   0.000153   0.000159  0.0000273  0.0000009    0.002832    0.000668
2000   3   1  51604   0.066367   0.361624   0.3036035   0.0005431  -0.049638  -0.004625   0.000160   0.000165  0.0000070  0.0000009    0.000810    0.000204
2000   3   2  51605   0.066616   0.361065   0.3030466   0.0005741  -0.049146  -0.004497   0.000158   0.000163  0.0000152  0.0000009    0.000305    0.000603
2000   3   3  51606   0.067106   0.360656   0.3024001   0.0006548  -0.048839  -0.004408   0.000157   0.000164  0.0000316  0.0000009    0.000308    0.001291
2000   3   4  51607   0.067837   0.360430   0.3016760   0.0008069  -0.048679  -0.004316   0.000170   0.000178  0.0000399  0.0000009    0.000312    0.001980
2000   3   5  51608   0.067987   0.360515   0.3007802   0.0009760  -0.048584  -0.004208   0.000164   0.000169  0.0000370  0.0000009    0.000316    0.002669
2000   3   6  51609   0.068116   0.360183   0.2996884   0.0011707  -0.048552  -0.004149   0.000147   0.000151  0.0000323  0.0000009    0.000319    0.003357
2000   3   7  51610   0.068555   0.360006   0.2984418   0.0013113  -0.048628  -0.004235   0.000144   0.000149  0.0000244  0.0000009    0.000323    0.003141
2000   3   8  51611   0.068977   0.359833   0.2970915   0.0013866  -0.048789  -0.004496   0.000145   0.000148  0.0000063  0.0000009    0.000326    0.000702
2000   3   9  51612   0.069301   0.359410   0.2956776   0.0013904  -0.048957  -0.004858   0.000143   0.000148  0.0000255  0.0000009    0.000293    0.000084
2000   3  10  51613   0.070281   0.359070   0.2943150   0.0013224  -0.049091  -0.005154   0.000144   0.000151  0.0000461  0.0000009    0.000248    0.000073
2000   3  11  51614   0.071699   0.358832   0.2930691   0.0012081  -0.049226  -0.005269   0.000150   0.000158  0.0000367  0.0000009    0.000203    0.000061
2000   3  12  51615   0.073113   0.358967   0.2919156   0.0010701  -0.049396  -0.005220   0.000158   0.000164  0.0000371  0.0000009    0.000158    0.000049
2000   3  13  51616   0.073949   0.358611   0.2909084   0.0009384  -0.049558  -0.005132   0.000157   0.000162  0.0000195  0.0000009    0.000113    0.000038
2000   3  14  51617   0.074557   0.358182   0.2900573   0.0008372  -0.049642  -0.005110   0.000135   0.000140  0.0000019  0.0000009    0.000067    0.000026
2000   3  15  51618   0.074763   0.357469   0.2892926   0.0008185  -0.049470  -0.005166   0.000130   0.000134  0.0000018  0.0000009    0.000259    0.000092
2000   3  16  51619   0.074898   0.356404   0.2884868   0.0008643  -0.049596  -0.005201   0.000146   0.000151  0.0000132  0.0000009    0.000316    0.000101
2000   3  17  51620   0.074657   0.355825   0.2876152   0.0009373  -0.049876  -0.005201   0.000154   0.000159  0.0000233  0.0000009    0.000320    0.000088
2000   3  18  51621   0.074259   0.354966   0.2866990   0.0009932  -0.049918  -0.005250   0.000157   0.000160  0.0000233  0.0000009    0.000293    0.000081
2000   3  19  51622   0.073991   0.354111   0.2857282   0.0010216  -0.049809  -0.005409   0.000150   0.000151  0.0000286  0.0000009    0.000265    0.000073
2000   3  20  51623   0.073780   0.353300   0.2847285   0.0010461  -0.049447  -0.005632   0.000141   0.000142  0.0000255  0.0000009    0.000238    0.000066
2000   3  21  51624   0.073888   0.352667   0.2837031   0.0010642  -0.048850  -0.005774   0.000142   0.000144  0.0000192  0.0000009    0.000210    0.000058
2000   3  22  51625   0.074064   0.352407   0.2826490   0.0010412  -0.048187  -0.005729   0.000129   0.000135  0.0000047  0.0000010    0.000182    0.000051
2000   3  23  51626   0.074039   0.351704   0.2816005   0.0009689  -0.047711  -0.005545   0.000126   0.000130  0.0000147  0.0000010    0.000195    0.000055
2000   3  24  51627   0.074081   0.351156   0.2806981   0.0008410  -0.047546  -0.005378   0.000142   0.000140  0.0000268  0.0000010    0.000221    0.000062
2000   3  25  51628   0.073844   0.350646   0.2799637   0.0006671  -0.047648  -0.005346   0.000149   0.000147  0.0000267  0.0000010    0.000246    0.000070
2000   3  26  51629   0.073470   0.349779   0.2793204   0.0005233  -0.047863  -0.005438   0.000155   0.000156  0.0000309  0.0000010    0.000272    0.000077
2000   3  27  51630   0.073090   0.348869   0.2788533   0.0004113  -0.048042  -0.005576   0.000158   0.000165  0.0000183  0.0000010    0.000298    0.000085
2000   3  28  51631   0.072865   0.348221   0.2784853   0.0003766  -0.048124  -0.005707   0.000151   0.000157  0.0000057  0.0000011    0.000324    0.000093
2000   3  29  51632   0.072687   0.347461   0.2780968   0.0004014  -0.048171  -0.005849   0.000140   0.000144  0.0000024  0.0000011    0.000287    0.000094
2000   3  30  51633   0.073441   0.346574   0.2776580   0.0004607  -0.048157  -0.006005   0.000139   0.000143  0.0000380  0.0000011    0.000288    0.000098
2000   3  31  51634   0.074424   0.346203   0.2771553   0.0005865  -0.048164  -0.006150   0.000142   0.000146  0.0000577  0.0000011    0.000304    0.000104
2000   4   1  51635   0.075371   0.346138   0.2765191   0.0007576  -0.048212  -0.006212   0.000148   0.000155  0.0000291  0.0000012    0.000320    0.000110
2000   4   2  51636   0.075731   0.346382   0.2756588   0.0009676  -0.048223  -0.006130   0.000154   0.000155  0.0000365  0.0000012    0.000336    0.000115
2000   4   3  51637   0.076439   0.346652   0.2745594   0.0011765  -0.048083  -0.005929   0.000148   0.000143  0.0000439  0.0000012    0.000353    0.000121
2000   4   4  51638   0.077161   0.347068   0.2732848   0.0013070  -0.047769  -0.005733   0.000145   0.000140  0.0000396  0.0000013    0.000369    0.000126
2000   4   5  51639   0.077153   0.347097   0.2719398   0.0013274  -0.047423  -0.005690   0.000145   0.000140  0.0000099  0.0000013    0.000385    0.000132
2000   4   6  51640   0.077086   0.346913   0.2706233   0.0012789  -0.047260  -0.005863   0.000146   0.000141  0.0000192  0.0000013    0.000385    0.000130
2000   4   7  51641   0.077303   0.346328   0.2694113   0.0011319  -0.047371  -0.006160   0.000144   0.000139  0.0000292  0.0000013    0.000379    0.000126
2000   4   8  51642   0.077705   0.345824   0.2683395   0.0009619  -0.047659  -0.006401   0.000145   0.000139  0.0000190  0.0000013    0.000373    0.000123
2000   4   9  51643   0.077835   0.345234   0.2674027   0.0008339  -0.047949  -0.006478   0.000145   0.000140  0.0000216  0.0000013    0.000368    0.000119
2000   4  10  51644   0.078157   0.344382   0.2665692   0.0007569  -0.048114  -0.006431   0.000132   0.000127  0.0000242  0.0000013    0.000362    0.000115
2000   4  11  51645   0.079137   0.343625   0.2657805   0.0007613  -0.048097  -0.006380   0.000123   0.000119  0.0000208  0.0000012    0.000356    0.000111
2000   4  12  51646   0.080330   0.343479   0.2649571   0.0008629  -0.047895  -0.006386   0.000121   0.000116  0.0000056  0.0000012    0.000351    0.000107
2000   4  13  51647   0.081451   0.343440   0.2640217   0.0009915  -0.047573  -0.006422   0.000125   0.000121  0.0000096  0.0000012    0.000332    0.000100
2000   4  14  51648   0.082060   0.343691   0.2629326   0.0011567  -0.047281  -0.006444   0.000128   0.000125  0.0000248  0.0000012    0.000309    0.000093
2000   4  15  51649   0.082108   0.343977   0.2617025   0.0013095  -0.047187  -0.006453   0.000130   0.000127  0.0000357  0.0000012    0.000285    0.000087
2000   4  16  51650   0.082185   0.344305   0.2603437   0.0014326  -0.047342  -0.006461   0.000131   0.000128  0.0000263  0.0000012    0.000262    0.000080
2000   4  17  51651   0.082325   0.344280   0.2588655   0.0014681  -0.047600  -0.006452   0.000125   0.000123  0.0000324  0.0000012    0.000239    0.000073
2000   4  18  51652   0.082500   0.344145   0.2573903   0.0014306  -0.047731  -0.006392   0.000120   0.000118  0.0000287  0.0000011    0.000216    0.000066
2000   4  19  51653   0.082330   0.343943   0.2560229   0.0013357  -0.047647  -0.006281   0.000112   0.000112  0.0000067  0.0000011    0.000192    0.000059
2000   4  20  51654   0.082382   0.343209   0.2547778   0.0012229  -0.047469  -0.006178   0.000112   0.000113  0.0000250  0.0000010    0.000205    0.000069
2000   4  21  51655   0.082664   0.342567   0.2536468   0.0011119  -0.047374  -0.006152   0.000118   0.000119  0.0000416  0.0000010    0.000228    0.000083
2000   4  22  51656   0.082568   0.341893   0.2526244   0.0009761  -0.047405  -0.006220   0.000122   0.000123  0.0000321  0.0000010    0.000252    0.000098
2000   4  23  51657   0.082869   0.340978   0.2517107   0.0008445  -0.047489  -0.006345   0.000129   0.000133  0.0000226  0.0000009    0.000276    0.000113
2000   4  24  51658   0.083437   0.340244   0.2509122   0.0007293  -0.047587  -0.006481   0.000132   0.000140  0.0000131  0.0000076    0.000300    0.000128
2000   4  25  51659   0.084214   0.339743   0.2502242   0.0006500  -0.047711  -0.006607   0.000124   0.000132  0.0000036  0.0000141    0.000324    0.000143
2000   4  26  51660   0.084981   0.339401   0.2496089   0.0006501  -0.047849  -0.006709   0.000116   0.000123  0.0000019  0.0000138    0.000324    0.000104
2000   4  27  51661   0.085859   0.339008   0.2489911   0.0007305  -0.047902  -0.006775   0.000120   0.000127  0.0000150  0.0000072    0.000339    0.000097
2000   4  28  51662   0.086651   0.338734   0.2481708   0.0008660  -0.047912  -0.006788   0.000121   0.000129  0.0000324  0.0000007    0.000358    0.000102
2000   4  29  51663   0.087489   0.338507   0.2471585   0.0010758  -0.048044  -0.006753   0.000123   0.000132  0.0000383  0.0000007    0.000378    0.000107
2000   4  30  51664   0.088312   0.337997   0.2460443   0.0012815  -0.048332  -0.006673   0.000116   0.000122  0.0000291  0.0000007    0.000398    0.000113
2000   5   1  51665   0.089151   0.337562   0.2447085   0.0014181  -0.048519  -0.006529   0.000102   0.000105  0.0000273  0.0000007    0.000417    0.000118
2000   5   2  51666   0.089602   0.337197   0.2432394   0.0014957  -0.048322  -0.006319   0.000099   0.000102  0.0000223  0.0000007    0.000437    0.000123
2000   5   3  51667   0.090088   0.336838   0.2417459   0.0015082  -0.047825  -0.006139   0.000098   0.000101  0.0000062  0.0000007    0.000457    0.000129
2000   5   4  51668   0.089948   0.336129   0.2402516   0.0014411  -0.047436  -0.006146   0.000096   0.000099  0.0000170  0.0000006    0.000440    0.000131
2000   5   5  51669   0.089540   0.335013   0.2388313   0.0012970  -0.047430  -0.006388   0.000095   0.000097  0.0000304  0.0000006    0.000410    0.000131
2000   5   6  51670   0.089151   0.333929   0.2375902   0.0011186  -0.047683  -0.006701   0.000097   0.000099  0.0000235  0.0000006    0.000380    0.000132
2000   5   7  51671   0.088621   0.333125   0.2365709   0.0009548  -0.047913  -0.006865   0.000098   0.000099  0.0000167  0.0000006    0.000350    0.000133
2000   5   8  51672   0.087976   0.332026   0.2357246   0.0008578  -0.048016  -0.006828   0.000092   0.000093  0.0000098  0.0000006    0.000321    0.000133
2000   5   9  51673   0.087586   0.331009   0.2349312   0.0008536  -0.048054  -0.006728   0.000088   0.000088  0.0000030  0.0000006    0.000291    0.000134
2000   5  10  51674   0.087364   0.330273   0.2340566   0.0009420  -0.048242  -0.006718   0.000095   0.000095  0.0000020  0.0000006    0.000286    0.000106
2000   5  11  51675   0.087447   0.329820   0.2330092   0.0010732  -0.047946  -0.006745   0.000096   0.000097  0.0000456  0.0000006    0.000232    0.000090
2000   5  12  51676   0.088109   0.329759   0.2318809   0.0011696  -0.047498  -0.006788   0.000091   0.000092  0.0000761  0.0000006    0.000227    0.000138
2000   5  13  51677   0.088894   0.329713   0.2307296   0.0012306  -0.047099  -0.006813   0.000092   0.000092  0.0000337  0.0000006    0.000245    0.000206
2000   5  14  51678   0.089544   0.329822   0.2294638   0.0012672  -0.046999  -0.006793   0.000089   0.000090  0.0000354  0.0000006    0.000263    0.000274
2000   5  15  51679   0.090121   0.329793   0.2281468   0.0012369  -0.047377  -0.006706   0.000090   0.000092  0.0000379  0.0000006    0.000281    0.000342
2000   5  16  51680   0.090695   0.329373   0.2269342   0.0011462  -0.048108  -0.006561   0.000089   0.000091  0.0000333  0.0000006    0.000300    0.000411
2000   5  17  51681   0.090985   0.328623   0.2258873   0.0010411  -0.049007  -0.006451   0.000091   0.000094  0.0000087  0.0000006    0.000347    0.000179
2000   5  18  51682   0.091537   0.327824   0.2249182   0.0009326  -0.049557  -0.006452   0.000091   0.000094  0.0000124  0.0000006    0.000324    0.000109
2000   5  19  51683   0.092300   0.327231   0.2240165   0.0008008  -0.049741  -0.006590   0.000091   0.000094  0.0000255  0.0000006    0.000277    0.000093
2000   5  20  51684   0.093319   0.326684   0.2232576   0.0006695  -0.049628  -0.006775   0.000101   0.000103  0.0000454  0.0000006    0.000230    0.000076
2000   5  21  51685   0.094114   0.326309   0.2226583   0.0005672  -0.049325  -0.006898   0.000104   0.000104  0.0000657  0.0000006    0.000183    0.000060
2000   5  22  51686   0.094598   0.325762   0.2221374   0.0005056  -0.049013  -0.006948   0.000102   0.000102  0.0000345  0.0000006    0.000135    0.000044
2000   5  23  51687   0.094734   0.324917   0.2216366   0.0004954  -0.048849  -0.006993   0.000089   0.000090  0.0000033  0.0000006    0.000088    0.000028
2000   5  24  51688   0.094795   0.323589   0.2211184   0.0005242  -0.048891  -0.007066   0.000083   0.000085  0.0000017  0.0000006    0.000252    0.000087
2000   5  25  51689   0.095471   0.322557   0.2205446   0.0005707  -0.048814  -0.007109   0.000087   0.000090  0.0000157  0.0000006    0.000313    0.000110
2000   5  26  51690   0.096171   0.321709   0.2199708   0.0006320  -0.048607  -0.007065   0.000089   0.000091  0.0000350  0.0000007    0.000335    0.000117
2000   5  27  51691   0.097438   0.320964   0.2193300   0.0007321  -0.048556  -0.006979   0.000090   0.000092  0.0000471  0.0000006    0.000356    0.000125
2000   5  28  51692   0.098910   0.320320   0.2185017   0.0008527  -0.048903  -0.006943   0.000101   0.000103  0.0000369  0.0000006    0.000377    0.000132
2000   5  29  51693   0.100786   0.319513   0.2176294   0.0009440  -0.049448  -0.006950   0.000103   0.000106  0.0000274  0.0000006    0.000398    0.000140
2000   5  30  51694   0.102457   0.318892   0.2167218   0.0009687  -0.049736  -0.006881   0.000094   0.000097  0.0000174  0.0000006    0.000419    0.000147
2000   5  31  51695   0.103775   0.318233   0.2157933   0.0009246  -0.049664  -0.006693   0.000089   0.000094  0.0000065  0.0000006    0.000440    0.000155
2000   6   1  51696   0.105140   0.317618   0.2149383   0.0008226  -0.049611  -0.006555   0.000087   0.000091  0.0000165  0.0000006    0.000430    0.000152
2000   6   2  51697   0.106422   0.316742   0.2141912   0.0006335  -0.049855  -0.006649   0.000088   0.000092  0.0000312  0.0000007    0.000408    0.000145
2000   6   3  51698   0.107796   0.315662   0.2135703   0.0004927  -0.050203  -0.006898   0.000097   0.000099  0.0000375  0.0000008    0.000387    0.000138
2000   6   4  51699   0.108831   0.314686   0.2130747   0.0004482  -0.050301  -0.007038   0.000103   0.000104  0.0000382  0.0000083    0.000366    0.000132
2000   6   5  51700   0.109868   0.313742   0.2126136   0.0004511  -0.050117  -0.006943   0.000098   0.000099  0.0000438  0.0000149    0.000345    0.000125
2000   6   6  51701   0.110983   0.312818   0.2121409   0.0005277  -0.049930  -0.006737   0.000093   0.000095  0.0000382  0.0000142    0.000323    0.000118
2000   6   7  51702   0.111908   0.312019   0.2115817   0.0006485  -0.049984  -0.006562   0.000092   0.000094  0.0000093  0.0000146    0.000302    0.000111
2000   6   8  51703   0.112583   0.311297   0.2108416   0.0008129  -0.050255  -0.006405   0.000093   0.000096  0.0000161  0.0000149    0.000249    0.000109
2000   6   9  51704   0.112582   0.310460   0.2099430   0.0009128  -0.050515  -0.006232   0.000093   0.000096  0.0000283  0.0000152    0.000186    0.000108
2000   6  10  51705   0.112548   0.309138   0.2090097   0.0009019  -0.050547  -0.006104   0.000097   0.000099  0.0000290  0.0000159    0.000233    0.000119
2000   6  11  51706   0.112688   0.307666   0.2081375   0.0008399  -0.050418  -0.006064   0.000104   0.000106  0.0000325  0.0000159    0.000280    0.000131
2000   6  12  51707   0.113259   0.306233   0.2073440   0.0007479  -0.050419  -0.006097   0.000100   0.000101  0.0000363  0.0000147    0.000328    0.000142
2000   6  13  51708   0.113497   0.305082   0.2066773   0.0005903  -0.050770  -0.006159   0.000090   0.000093  0.0000314  0.0000140    0.000375    0.000153
2000   6  14  51709   0.113674   0.303764   0.2062303   0.0003769  -0.051390  -0.006282   0.000090   0.000093  0.0000096  0.0000140    0.000422    0.000164
2000   6  15  51710   0.113779   0.302613   0.2060634   0.0001528  -0.052058  -0.006568   0.000091   0.000094  0.0000167  0.0000110    0.001447    0.000633
2000   6  16  51711   0.113170   0.301401   0.2060756  -0.0000504  -0.052469  -0.007005   0.000089   0.000092  0.0000333  0.0000079    0.002795    0.001254
2000   6  17  51712   0.112236   0.300376   0.2061158  -0.0001590  -0.052434  -0.007400   0.000091   0.000094  0.0000387  0.0000079    0.002540    0.001140
2000   6  18  51713   0.111060   0.299379   0.2061843  -0.0001903  -0.052171  -0.007541   0.000097   0.000099  0.0000244  0.0000080    0.001859    0.000831
2000   6  19  51714   0.109910   0.297834   0.2063693  -0.0001699  -0.051948  -0.007374   0.000098   0.000099  0.0000141  0.0000080    0.001179    0.000522
2000   6  20  51715   0.108909   0.296250   0.2065954  -0.0001169  -0.051940  -0.007034   0.000094   0.000096  0.0000037  0.0000079    0.000498    0.000214
2000   6  21  51716   0.108224   0.294476   0.2067182  -0.0000461  -0.052214  -0.006647   0.000093   0.000095  0.0000023  0.0000078    0.000331    0.000126
2000   6  22  51717   0.107826   0.292721   0.2066768   0.0000624  -0.052396  -0.006277   0.000094   0.000097  0.0000317  0.0000079    0.000291    0.000105
2000   6  23  51718   0.107648   0.290970   0.2065662   0.0001615  -0.052390  -0.005897   0.000094   0.000098  0.0000441  0.0000081    0.000280    0.000101
2000   6  24  51719   0.107910   0.289278   0.2064100   0.0002566  -0.052417  -0.005582   0.000096   0.000099  0.0000238  0.0000081    0.000268    0.000097
2000   6  25  51720   0.108260   0.288066   0.2061240   0.0003463  -0.052781  -0.005499   0.000099   0.000101  0.0000271  0.0000082    0.000256    0.000093
2000   6  26  51721   0.108587   0.286787   0.2057261   0.0004151  -0.053432  -0.005701   0.000097   0.000099  0.0000287  0.0000080    0.000244    0.000089
2000   6  27  51722   0.109068   0.285455   0.2052727   0.0004486  -0.053961  -0.006020   0.000094   0.000097  0.0000231  0.0000080    0.000233    0.000085
2000   6  28  51723   0.109599   0.284108   0.2048375   0.0004183  -0.054132  -0.006251   0.000093   0.000095  0.0000058  0.0000082    0.000221    0.000081
2000   6  29  51724   0.110177   0.283031   0.2044800   0.0003093  -0.054173  -0.006402   0.000093   0.000094  0.0000209  0.0000082    0.000233    0.000083
2000   6  30  51725   0.110297   0.281714   0.2042327   0.0001607  -0.054346  -0.006620   0.000094   0.000094  0.0000336  0.0000081    0.000254    0.000088
2000   7   1  51726   0.110196   0.280081   0.2041084   0.0000480  -0.054538  -0.006886   0.000097   0.000098  0.0000272  0.0000083    0.000274    0.000093
2000   7   2  51727   0.110104   0.278751   0.2040837   0.0000014  -0.054472  -0.006996   0.000109   0.000109  0.0000225  0.0000083    0.000294    0.000097
2000   7   3  51728   0.109615   0.277628   0.2040748   0.0000621  -0.054146  -0.006870   0.000112   0.000111  0.0000178  0.0000079    0.000315    0.000102
2000   7   4  51729   0.109070   0.276459   0.2039712   0.0002026  -0.053835  -0.006678   0.000105   0.000105  0.0000132  0.0000075    0.000335    0.000106
2000   7   5  51730   0.108306   0.275630   0.2036868   0.0003745  -0.053815  -0.006575   0.000106   0.000105  0.0000085  0.0000074    0.000355    0.000111
2000   7   6  51731   0.107459   0.274881   0.2032026   0.0005326  -0.054164  -0.006497   0.000106   0.000106  0.0000038  0.0000075    0.000375    0.000115
2000   7   7  51732   0.107042   0.274134   0.2025743   0.0006253  -0.054687  -0.006326   0.000098   0.000099  0.0000013  0.0000074    0.000175    0.000060
2000   7   8  51733   0.106968   0.273346   0.2019037   0.0006387  -0.055111  -0.006145   0.000105   0.000104  0.0000009  0.0000075    0.000112    0.000044
2000   7   9  51734   0.106336   0.272936   0.2012719   0.0005884  -0.055219  -0.006109   0.000123   0.000121  0.0000010  0.0000078    0.000134    0.000051
2000   7  10  51735   0.105541   0.272130   0.2007166   0.0004974  -0.055152  -0.006233   0.000121   0.000119  0.0000011  0.0000078    0.000157    0.000058
2000   7  11  51736   0.104468   0.271571   0.2002545   0.0003804  -0.055245  -0.006378   0.000112   0.000111  0.0000012  0.0000077    0.000180    0.000065
2000   7  12  51737   0.103706   0.270476   0.1999060   0.0002660  -0.055668  -0.006443   0.000109   0.000108  0.0000018  0.0000076    0.000299    0.000101
2000   7  13  51738   0.102920   0.269438   0.1997066   0.0001386  -0.055948  -0.006476   0.000108   0.000107  0.0000019  0.0000076    0.000355    0.000113
2000   7  14  51739   0.102203   0.268177   0.1996115   0.0000260  -0.056051  -0.006584   0.000112   0.000111  0.0000130  0.0000079    0.000349    0.000109
2000   7  15  51740   0.101280   0.267240   0.1996090  -0.0000899  -0.055977  -0.006730   0.000122   0.000122  0.0000262  0.0000082    0.000331    0.000102
2000   7  16  51741   0.100097   0.265969   0.1997256  -0.0001638  -0.055879  -0.006771   0.000116   0.000116  0.0000253  0.0000083    0.000313    0.000096
2000   7  17  51742   0.099273   0.265008   0.1999310  -0.0001671  -0.055931  -0.006644   0.000099   0.000100  0.0000244  0.0000082    0.000295    0.000090
2000   7  18  51743   0.098332   0.264057   0.2001521  -0.0001595  -0.056167  -0.006452   0.000097   0.000098  0.0000214  0.0000081    0.000277    0.000083
2000   7  19  51744   0.097117   0.263063   0.2003241  -0.0001475  -0.056482  -0.006333   0.000098   0.000099  0.0000056  0.0000082    0.000260    0.000077
2000   7  20  51745   0.096042   0.261713   0.2004340  -0.0000848  -0.056685  -0.006300   0.000100   0.000102  0.0000088  0.0000083    0.000268    0.000081
2000   7  21  51746   0.094855   0.260354   0.2005168  -0.0000396  -0.056680  -0.006260   0.000100   0.000102  0.0000160  0.0000086    0.000285    0.000088
2000   7  22  51747   0.093517   0.259223   0.2005794  -0.0000060  -0.056573  -0.006169   0.000104   0.000107  0.0000106  0.0000087    0.000303    0.000096
2000   7  23  51748   0.092105   0.258370   0.2005705   0.0000719  -0.056639  -0.006108   0.000108   0.000112  0.0000079  0.0000086    0.000320    0.000103
2000   7  24  51749   0.091314   0.257137   0.2004840   0.0001279  -0.057043  -0.006164   0.000101   0.000103  0.0000052  0.0000084    0.000337    0.000111
2000   7  25  51750   0.090836   0.256277   0.2003675   0.0001305  -0.057654  -0.006308   0.000097   0.000097  0.0000025  0.0000082    0.000355    0.000118
2000   7  26  51751   0.090476   0.255836   0.2002886   0.0000617  -0.058269  -0.006432   0.000094   0.000095  0.0000021  0.0000081    0.000349    0.000112
2000   7  27  51752   0.090278   0.255309   0.2002866  -0.0000410  -0.058757  -0.006558   0.000095   0.000096  0.0000151  0.0000083    0.000349    0.000112
2000   7  28  51753   0.089955   0.254813   0.2003562  -0.0001317  -0.059145  -0.006752   0.000099   0.000100  0.0000294  0.0000086    0.000352    0.000116
2000   7  29  51754   0.089065   0.254158   0.2004796  -0.0001592  -0.059350  -0.006967   0.000103   0.000102  0.0000272  0.0000089    0.000355    0.000119
2000   7  30  51755   0.088394   0.253467   0.2006349  -0.0001423  -0.059245  -0.007033   0.000104   0.000102  0.0000219  0.0000094    0.000358    0.000123
2000   7  31  51756   0.087620   0.252576   0.2007386  -0.0000575  -0.058879  -0.006890   0.000099   0.000097  0.0000166  0.0000098    0.000361    0.000126
2000   8   1  51757   0.087002   0.251981   0.2006970   0.0001118  -0.058465  -0.006698   0.000096   0.000095  0.0000111  0.0000094    0.000364    0.000130
2000   8   2  51758   0.086358   0.251340   0.2004758   0.0002546  -0.058235  -0.006583   0.000095   0.000093  0.0000042  0.0000088    0.000367    0.000134
2000   8   3  51759   0.085943   0.250938   0.2001260   0.0003559  -0.058386  -0.006421   0.000096   0.000093  0.0000069  0.0000087    0.000383    0.000132
2000   8   4  51760   0.085347   0.250506   0.1997269   0.0003920  -0.058921  -0.006058   0.000098   0.000095  0.0000123  0.0000087    0.000403    0.000130
2000   8   5  51761   0.084672   0.249930   0.1993436   0.0003335  -0.059560  -0.005604   0.000104   0.000101  0.0000150  0.0000090    0.000422    0.000127
2000   8   6  51762   0.083948   0.249253   0.1990251   0.0002286  -0.059901  -0.005373   0.000110   0.000105  0.0000165  0.0000088    0.000442    0.000124
2000   8   7  51763   0.083283   0.248755   0.1988262   0.0001078  -0.059814  -0.005544   0.000103   0.000100  0.0000181  0.0000082    0.000462    0.000122
2000   8   8  51764   0.082364   0.248326   0.1987845  -0.0000399  -0.059553  -0.005988   0.000096   0.000094  0.0000170  0.0000079    0.000482    0.000119
2000   8   9  51765   0.081250   0.247983   0.1988923  -0.0001759  -0.059312  -0.006491   0.000098   0.000095  0.0000049  0.0000079    0.000372    0.000108
2000   8  10  51766   0.080070   0.247674   0.1990952  -0.0002448  -0.059241  -0.006829   0.000100   0.000098  0.0000112  0.0000081    0.000461    0.000508
2000   8  11  51767   0.078343   0.247432   0.1993435  -0.0002589  -0.059295  -0.007032   0.000103   0.000102  0.0000228  0.0000083    0.000542    0.000757
2000   8  12  51768   0.076657   0.246567   0.1995898  -0.0002479  -0.059465  -0.007140   0.000106   0.000103  0.0000275  0.0000083    0.000517    0.000598
2000   8  13  51769   0.075064   0.245851   0.1997856  -0.0001931  -0.059701  -0.007116   0.000106   0.000101  0.0000202  0.0000081    0.000492    0.000439
2000   8  14  51770   0.073679   0.245218   0.1999193  -0.0001057  -0.059954  -0.006908   0.000101   0.000097  0.0000129  0.0000078    0.000467    0.000280
2000   8  15  51771   0.072625   0.244791   0.1999769   0.0000058  -0.060108  -0.006570   0.000097   0.000094  0.0000057  0.0000078    0.000443    0.000121
2000   8  16  51772   0.072025   0.244293   0.1999099   0.0001591  -0.059939  -0.006285   0.000094   0.000092  0.0000040  0.0000079    0.000483    0.000132
2000   8  17  51773   0.071365   0.244335   0.1996402   0.0003228  -0.059832  -0.006077   0.000095   0.000093  0.0000173  0.0000080    0.000420    0.000142
2000   8  18  51774   0.070402   0.244259   0.1992057   0.0004769  -0.059786  -0.005976   0.000097   0.000096  0.0000272  0.0000081    0.000320    0.000146
2000   8  19  51775   0.069192   0.244390   0.1986776   0.0005849  -0.059740  -0.005963   0.000097   0.000096  0.0000110  0.0000080    0.000269    0.000128
2000   8  20  51776   0.067517   0.244184   0.1980571   0.0006413  -0.059729  -0.005989   0.000103   0.000101  0.0000079  0.0000080    0.000234    0.000103
2000   8  21  51777   0.065945   0.244032   0.1973730   0.0006522  -0.059861  -0.006048   0.000102   0.000101  0.0000048  0.0000079    0.000199    0.000077
2000   8  22  51778   0.063923   0.243828   0.1966796   0.0006208  -0.060195  -0.006145   0.000096   0.000096  0.0000018  0.0000078    0.000165    0.000052
2000   8  23  51779   0.062170   0.243528   0.1960493   0.0005509  -0.060665  -0.006268   0.000095   0.000096  0.0000015  0.0000079    0.000272    0.000087
2000   8  24  51780   0.060603   0.243308   0.1955768   0.0004725  -0.060988  -0.006426   0.000101   0.000101  0.0000206  0.0000081    0.000165    0.000055
2000   8  25  51781   0.059139   0.242866   0.1951726   0.0004048  -0.061263  -0.006607   0.000105   0.000106  0.0000421  0.0000083    0.000151    0.000052
2000   8  26  51782   0.057426   0.242978   0.1946883   0.0003889  -0.061455  -0.006689   0.000108   0.000107  0.0000193  0.0000085    0.000205    0.000071
2000   8  27  51783   0.055665   0.242900   0.1941951   0.0004670  -0.061562  -0.006535   0.000107   0.000106  0.0000233  0.0000084    0.000259    0.000089
2000   8  28  51784   0.053858   0.242612   0.1936664   0.0006015  -0.061611  -0.006180   0.000099   0.000099  0.0000274  0.0000084    0.000313    0.000108
2000   8  29  51785   0.052338   0.242364   0.1929868   0.0007561  -0.061552  -0.005851   0.000100   0.000102  0.0000292  0.0000087    0.000366    0.000127
2000   8  30  51786   0.051257   0.241982   0.1921046   0.0008970  -0.061318  -0.005735   0.000100   0.000103  0.0000075  0.0000089    0.000420    0.000146
2000   8  31  51787   0.050133   0.241879   0.1911384   0.0009393  -0.060854  -0.005712   0.000096   0.000098  0.0000147  0.0000086    0.000287    0.000123
2000   9   1  51788   0.049208   0.242003   0.1902095   0.0008990  -0.060622  -0.005676   0.000097   0.000099  0.0000295  0.0000084    0.000239    0.000108
2000   9   2  51789   0.047965   0.242097   0.1893769   0.0007823  -0.060733  -0.005579   0.000100   0.000102  0.0000244  0.0000087    0.000266    0.000104
2000   9   3  51790   0.046721   0.241981   0.1886698   0.0006254  -0.060990  -0.005561   0.000100   0.000102  0.0000193  0.0000087    0.000294    0.000100
2000   9   4  51791   0.045229   0.242187   0.1880990   0.0004664  -0.061207  -0.005749   0.000093   0.000096  0.0000142  0.0000084    0.000321    0.000095
2000   9   5  51792   0.043361   0.242223   0.1876719   0.0003070  -0.061361  -0.006035   0.000090   0.000094  0.0000091  0.0000082    0.000348    0.000091
2000   9   6  51793   0.041446   0.242256   0.1874002   0.0001648  -0.061480  -0.006136   0.000096   0.000099  0.0000039  0.0000082    0.000544    0.000199
2000   9   7  51794   0.038987   0.242116   0.1872905   0.0000333  -0.061546  -0.006015   0.000098   0.000101  0.0000095  0.0000086    0.001876    0.000511
2000   9   8  51795   0.036693   0.241720   0.1873219  -0.0000476  -0.061456  -0.005796   0.000099   0.000101  0.0000166  0.0000089    0.002943    0.000746
2000   9   9  51796   0.034255   0.241319   0.1874119  -0.0000528  -0.061196  -0.005685   0.000101   0.000104  0.0000167  0.0000090    0.002454    0.000628
2000   9  10  51797   0.031809   0.240629   0.1874501   0.0000068  -0.060856  -0.005737   0.000101   0.000105  0.0000177  0.0000087    0.001965    0.000511
2000   9  11  51798   0.029920   0.240172   0.1874035   0.0000987  -0.060503  -0.005858   0.000099   0.000103  0.0000188  0.0000083    0.001476    0.000394
2000   9  12  51799   0.027808   0.239897   0.1872775   0.0002084  -0.060147  -0.005916   0.000095   0.000099  0.0000172  0.0000081    0.000987    0.000277
2000   9  13  51800   0.025261   0.239610   0.1870481   0.0003534  -0.059840  -0.005872   0.000094   0.000097  0.0000049  0.0000082    0.000499    0.000160
2000   9  14  51801   0.022124   0.239782   0.1866475   0.0005234  -0.059711  -0.005799   0.000094   0.000097  0.0000019  0.0000082    0.000402    0.000131
2000   9  15  51802   0.019277   0.239877   0.1860609   0.0006752  -0.059806  -0.005789   0.000094   0.000096  0.0000020  0.0000082    0.000437    0.000132
2000   9  16  51803   0.016867   0.240001   0.1853505   0.0007602  -0.060008  -0.005848   0.000097   0.000097  0.0000018  0.0000084    0.000379    0.000114
2000   9  17  51804   0.015290   0.240090   0.1846117   0.0007534  -0.060152  -0.005911   0.000105   0.000105  0.0000016  0.0000084    0.000314    0.000095
2000   9  18  51805   0.013724   0.240658   0.1839314   0.0006565  -0.060217  -0.005906   0.000103   0.000104  0.0000014  0.0000082    0.000248    0.000075
2000   9  19  51806   0.012402   0.241252   0.1833558   0.0005394  -0.060309  -0.005842   0.000093   0.000095  0.0000012  0.0000080    0.000183    0.000056
2000   9  20  51807   0.010657   0.242287   0.1828891   0.0004419  -0.060422  -0.005770   0.000093   0.000094  0.0000016  0.0000079    0.000251    0.000080
2000   9  21  51808   0.008938   0.243209   0.1825196   0.0003875  -0.060526  -0.005895   0.000094   0.000095  0.0000126  0.0000078    0.000200    0.000066
2000   9  22  51809   0.006930   0.243760   0.1821540   0.0003975  -0.060429  -0.006029   0.000095   0.000096  0.0000242  0.0000077    0.000199    0.000066
2000   9  23  51810   0.005465   0.243621   0.1817031   0.0004470  -0.060091  -0.006032   0.000100   0.000100  0.0000229  0.0000076    0.000240    0.000078
2000   9  24  51811   0.004202   0.243619   0.1811877   0.0005493  -0.059699  -0.005809   0.000099   0.000098  0.0000163  0.0000076    0.000281    0.000091
2000   9  25  51812   0.003038   0.243613   0.1805918   0.0007157  -0.059477  -0.005416   0.000095   0.000093  0.0000098  0.0000075    0.000322    0.000103
2000   9  26  51813   0.001760   0.243731   0.1798456   0.0009107  -0.059491  -0.005069   0.000091   0.000089  0.0000032  0.0000075    0.000363    0.000115
2000   9  27  51814   0.000743   0.244110   0.1788874   0.0010598  -0.059548  -0.004979   0.000089   0.000087  0.0000019  0.0000075    0.000318    0.000101
2000   9  28  51815  -0.000599   0.244666   0.1777456   0.0011150  -0.059684  -0.005044   0.000093   0.000089  0.0000242  0.0000076    0.000312    0.000104
2000   9  29  51816  -0.002239   0.245647   0.1766106   0.0010897  -0.059866  -0.005094   0.000093   0.000090  0.0000449  0.0000076    0.000326    0.000115
2000   9  30  51817  -0.004240   0.246495   0.1756143   0.0009878  -0.060092  -0.005045   0.000095   0.000092  0.0000313  0.0000079    0.000340    0.000126
2000  10   1  51818  -0.005802   0.247103   0.1747099   0.0008115  -0.060278  -0.004992   0.000098   0.000094  0.0000229  0.0000083    0.000354    0.000136
2000  10   2  51819  -0.007167   0.247768   0.1739381   0.0006237  -0.060247  -0.005072   0.000094   0.000091  0.0000145  0.0000082    0.000368    0.000147
2000  10   3  51820  -0.009107   0.248460   0.1733802   0.0004219  -0.059875  -0.005275   0.000091   0.000088  0.0000060  0.0000081    0.000382    0.000158
2000  10   4  51821  -0.011205   0.248986   0.1730504   0.0002586  -0.059145  -0.005462   0.000091   0.000088  0.0000023  0.0000082    0.000313    0.000107
2000  10   5  51822  -0.013032   0.249512   0.1728167   0.0001950  -0.058341  -0.005432   0.000092   0.000088  0.0000238  0.0000081    0.000336    0.000106
2000  10   6  51823  -0.014609   0.250120   0.1725894   0.0002360  -0.057667  -0.005229   0.000090   0.000087  0.0000461  0.0000079    0.000396    0.000126
2000  10   7  51824  -0.016083   0.250505   0.1723040   0.0003470  -0.057252  -0.005023   0.000093   0.000089  0.0000449  0.0000077    0.000456    0.000145
2000  10   8  51825  -0.017572   0.250727   0.1718593   0.0004901  -0.057128  -0.004935   0.000101   0.000095  0.0000653  0.0000076    0.000515    0.000165
2000  10   9  51826  -0.018965   0.251083   0.1712452   0.0006485  -0.057228  -0.004936   0.000101   0.000096  0.0000856  0.0000075    0.000575    0.000185
2000  10  10  51827  -0.020498   0.251941   0.1704884   0.0008233  -0.057442  -0.004908   0.000098   0.000094  0.0000880  0.0000075    0.000635    0.000204
2000  10  11  51828  -0.021770   0.253165   0.1695799   0.0010139  -0.057880  -0.004779   0.000099   0.000094  0.0000191  0.0000077    0.000399    0.000128
2000  10  12  51829  -0.022873   0.254822   0.1684698   0.0011645  -0.057965  -0.004667   0.000098   0.000094  0.0000019  0.0000079    0.000290    0.000118
2000  10  13  51830  -0.024262   0.256520   0.1672125   0.0012514  -0.058083  -0.004649   0.000098   0.000094  0.0000447  0.0000080    0.000286    0.000124
2000  10  14  51831  -0.026204   0.258109   0.1658889   0.0012973  -0.058211  -0.004800   0.000102   0.000098  0.0000863  0.0000081    0.000301    0.000125
2000  10  15  51832  -0.028134   0.259278   0.1645677   0.0012880  -0.058246  -0.005043   0.000114   0.000107  0.0000594  0.0000080    0.000316    0.000127
2000  10  16  51833  -0.030366   0.260466   0.1633226   0.0011973  -0.058218  -0.005184   0.000114   0.000108  0.0000326  0.0000075    0.000331    0.000128
2000  10  17  51834  -0.032212   0.261129   0.1621967   0.0010695  -0.058222  -0.005090   0.000107   0.000104  0.0000057  0.0000075    0.000346    0.000129
2000  10  18  51835  -0.033928   0.262023   0.1611807   0.0009626  -0.058105  -0.004738   0.000107   0.000104  0.0000017  0.0000076    0.000285    0.000105
2000  10  19  51836  -0.035655   0.262758   0.1602028   0.0008989  -0.058473  -0.004476   0.000108   0.000104  0.0000376  0.0000076    0.000160    0.000059
2000  10  20  51837  -0.037428   0.263640   0.1592989   0.0009141  -0.058471  -0.004272   0.000122   0.000115  0.0000781  0.0000074    0.000117    0.000043
2000  10  21  51838  -0.039084   0.264548   0.1584399   0.0010100  -0.058044  -0.004122   0.000127   0.000120  0.0000819  0.0000076    0.000111    0.000040
2000  10  22  51839  -0.040572   0.265571   0.1573938   0.0011625  -0.057470  -0.003984   0.000116   0.000111  0.0000555  0.0000078    0.000104    0.000037
2000  10  23  51840  -0.041965   0.266907   0.1560825   0.0013360  -0.057065  -0.003849   0.000112   0.000110  0.0000291  0.0000079    0.000098    0.000033
2000  10  24  51841  -0.043341   0.268626   0.1545890   0.0014845  -0.057059  -0.003798   0.000105   0.000105  0.0000027  0.0000078    0.000091    0.000030
2000  10  25  51842  -0.044247   0.270048   0.1530407   0.0015605  -0.057503  -0.003863   0.000103   0.000103  0.0000015  0.0000079    0.000229    0.000077
2000  10  26  51843  -0.045574   0.271824   0.1514785   0.0015592  -0.058099  -0.004177   0.000100   0.000102  0.0000397  0.0000081    0.000551    0.000164
2000  10  27  51844  -0.046935   0.273617   0.1499136   0.0015125  -0.058229  -0.004419   0.000095   0.000098  0.0000746  0.0000083    0.000593    0.000172
2000  10  28  51845  -0.048299   0.275145   0.1484125   0.0013909  -0.057916  -0.004489   0.000104   0.000107  0.0000490  0.0000083    0.000497    0.000145
2000  10  29  51846  -0.049240   0.276473   0.1470790   0.0012426  -0.057433  -0.004438   0.000103   0.000105  0.0000341  0.0000082    0.000402    0.000118
2000  10  30  51847  -0.050060   0.278430   0.1459342   0.0011068  -0.056978  -0.004347   0.000092   0.000094  0.0000192  0.0000080    0.000307    0.000091
2000  10  31  51848  -0.051115   0.280763   0.1449370   0.0009835  -0.056582  -0.004260   0.000088   0.000089  0.0000044  0.0000077    0.000212    0.000063
2000  11   1  51849  -0.052457   0.282833   0.1440368   0.0008589  -0.056467  -0.004150   0.000087   0.000088  0.0000014  0.0000076    0.000285    0.000091
2000  11   2  51850  -0.053682   0.284325   0.1432141   0.0008024  -0.056155  -0.004027   0.000089   0.000090  0.0000015  0.0000076    0.000245    0.000076
2000  11   3  51851  -0.055181   0.286196   0.1424171   0.0008372  -0.055612  -0.003943   0.000090   0.000091  0.0000014  0.0000077    0.000338    0.000110
2000  11   4  51852  -0.056495   0.287829   0.1415786   0.0008930  -0.055397  -0.003894   0.000092   0.000093  0.0000034  0.0000081    0.000410    0.000140
2000  11   5  51853  -0.057688   0.289442   0.1406700   0.0009509  -0.055452  -0.003915   0.000099   0.000097  0.0000064  0.0000084    0.000446    0.000158
2000  11   6  51854  -0.059247   0.291269   0.1396870   0.0010230  -0.055608  -0.003955   0.000098   0.000097  0.0000094  0.0000083    0.000482    0.000176
2000  11   7  51855  -0.060768   0.293602   0.1386204   0.0011297  -0.055825  -0.003911   0.000094   0.000093  0.0000104  0.0000079    0.000518    0.000194
2000  11   8  51856  -0.062191   0.295856   0.1374512   0.0012349  -0.056063  -0.003726   0.000093   0.000093  0.0000040  0.0000077    0.000555    0.000213
2000  11   9  51857  -0.063772   0.297928   0.1361703   0.0013062  -0.056141  -0.003464   0.000096   0.000096  0.0000060  0.0000077    0.000512    0.000197
2000  11  10  51858  -0.065107   0.299513   0.1348154   0.0013557  -0.055954  -0.003256   0.000097   0.000096  0.0000109  0.0000076    0.000442    0.000170
2000  11  11  51859  -0.066052   0.300782   0.1334728   0.0013295  -0.055538  -0.003240   0.000095   0.000095  0.0000158  0.0000076    0.000373    0.000143
2000  11  12  51860  -0.066269   0.301844   0.1322451   0.0011848  -0.055094  -0.003427   0.000097   0.000097  0.0000207  0.0000076    0.000303    0.000116
2000  11  13  51861  -0.066468   0.303439   0.1312076   0.0009523  -0.054847  -0.003645   0.000095   0.000096  0.0000256  0.0000072    0.000234    0.000089
2000  11  14  51862  -0.067390   0.305420   0.1303744   0.0007576  -0.054884  -0.003642   0.000092   0.000092  0.0000259  0.0000069    0.000164    0.000062
2000  11  15  51863  -0.069169   0.307146   0.1296922   0.0006541  -0.055412  -0.003287   0.000092   0.000093  0.0000067  0.0000069    0.000279    0.000096
2000  11  16  51864  -0.071204   0.308664   0.1290712   0.0006058  -0.055801  -0.002816   0.000094   0.000095  0.0000109  0.0000072    0.000307    0.000103
2000  11  17  51865  -0.073128   0.309956   0.1284556   0.0006500  -0.055996  -0.002484   0.000094   0.000096  0.0000212  0.0000073    0.000300    0.000101
2000  11  18  51866  -0.074727   0.311690   0.1277813   0.0007529  -0.055939  -0.002414   0.000097   0.000099  0.0000235  0.0000076    0.000294    0.000099
2000  11  19  51867  -0.075676   0.313602   0.1269566   0.0008971  -0.055606  -0.002539   0.000098   0.000099  0.0000226  0.0000080    0.000287    0.000096
2000  11  20  51868  -0.075886   0.315786   0.1259681   0.0010546  -0.055114  -0.002718   0.000091   0.000093  0.0000218  0.0000078    0.000281    0.000094
2000  11  21  51869  -0.075851   0.318110   0.1248634   0.0011477  -0.054687  -0.002863   0.000087   0.000091  0.0000184  0.0000077    0.000275    0.000091
2000  11  22  51870  -0.075853   0.320429   0.1237042   0.0011928  -0.054504  -0.002936   0.000087   0.000090  0.0000052  0.0000076    0.000268    0.000089
2000  11  23  51871  -0.076149   0.322456   0.1225386   0.0011684  -0.054573  -0.002906   0.000086   0.000090  0.0000046  0.0000076    0.000249    0.000082
2000  11  24  51872  -0.076575   0.324244   0.1214275   0.0010250  -0.054690  -0.002784   0.000089   0.000092  0.0000084  0.0000076    0.000224    0.000073
2000  11  25  51873  -0.077117   0.326019   0.1204435   0.0008614  -0.054681  -0.002639   0.000093   0.000096  0.0000121  0.0000087    0.000200    0.000065
2000  11  26  51874  -0.077707   0.327831   0.1196407   0.0006901  -0.054541  -0.002572   0.000095   0.000097  0.0000158  0.0000095    0.000176    0.000056
2000  11  27  51875  -0.078426   0.329837   0.1190223   0.0005545  -0.054335  -0.002627   0.000089   0.000092  0.0000195  0.0000090    0.000152    0.000047
2000  11  28  51876  -0.079060   0.331688   0.1185282   0.0004907  -0.054060  -0.002738   0.000086   0.000087  0.0000197  0.0000085    0.000128    0.000038
2000  11  29  51877  -0.079289   0.333492   0.1180552   0.0005043  -0.053657  -0.002831   0.000085   0.000087  0.0000055  0.0000084    0.000282    0.000090
2000  11  30  51878  -0.079565   0.335339   0.1175145   0.0005694  -0.053251  -0.002814   0.000085   0.000087  0.0000129  0.0000086    0.000299    0.000096
2000  12   1  51879  -0.080043   0.337116   0.1169279   0.0006201  -0.053023  -0.002751   0.000087   0.000088  0.0000247  0.0000083    0.000253    0.000081
2000  12   2  51880  -0.080636   0.338897   0.1162864   0.0007339  -0.053033  -0.002715   0.000091   0.000092  0.0000234  0.0000084    0.000208    0.000066
2000  12   3  51881  -0.080808   0.340609   0.1154763   0.0008908  -0.053144  -0.002704   0.000098   0.000098  0.0000159  0.0000089    0.000162    0.000051
2000  12   4  51882  -0.080941   0.342247   0.1144963   0.0010269  -0.053224  -0.002673   0.000101   0.000102  0.0000085  0.0000091    0.000116    0.000036
2000  12   5  51883  -0.081209   0.343982   0.1134046   0.0011335  -0.053327  -0.002592   0.000091   0.000092  0.0000011  0.0000089    0.000071    0.000021
2000  12   6  51884  -0.081790   0.345579   0.1122283   0.0012436  -0.053686  -0.002480   0.000089   0.000088  0.0000014  0.0000087    0.000271    0.000077
2000  12   7  51885  -0.082312   0.347252   0.1109197   0.0013393  -0.053884  -0.002277   0.000094   0.000093  0.0000315  0.0000085    0.000378    0.000195
2000  12   8  51886  -0.082820   0.349203   0.1096010   0.0013215  -0.053644  -0.001989   0.000095   0.000095  0.0000445  0.0000084    0.000285    0.000127
2000  12   9  51887  -0.083330   0.351145   0.1083518   0.0012314  -0.053386  -0.001778   0.000097   0.000097  0.0000368  0.0000084    0.000257    0.000110
2000  12  10  51888  -0.083738   0.352870   0.1071854   0.0011097  -0.053188  -0.001774   0.000109   0.000107  0.0000411  0.0000085    0.000230    0.000093
2000  12  11  51889  -0.083732   0.354150   0.1061499   0.0009440  -0.053154  -0.001994   0.000118   0.000117  0.0000454  0.0000083    0.000202    0.000076
2000  12  12  51890  -0.083570   0.355655   0.1052885   0.0007741  -0.053109  -0.002201   0.000113   0.000114  0.0000425  0.0000082    0.000174    0.000059
2000  12  13  51891  -0.082637   0.357139   0.1045843   0.0006786  -0.053014  -0.002078   0.000110   0.000111  0.0000102  0.0000080    0.000276    0.000093
2000  12  14  51892  -0.081391   0.359312   0.1039410   0.0006735  -0.052626  -0.001760   0.000108   0.000108  0.0000013  0.0000077    0.000265    0.000095
2000  12  15  51893  -0.080171   0.361370   0.1032444   0.0007305  -0.052476  -0.001444   0.000108   0.000109  0.0000091  0.0000075    0.000251    0.000094
2000  12  16  51894  -0.079062   0.363635   0.1024565   0.0008108  -0.052603  -0.001332   0.000112   0.000114  0.0000169  0.0000075    0.000254    0.000099
2000  12  17  51895  -0.078151   0.365830   0.1015987   0.0009015  -0.052803  -0.001401   0.000128   0.000130  0.0000121  0.0000077    0.000256    0.000103
2000  12  18  51896  -0.077796   0.368185   0.1006885   0.0009613  -0.052908  -0.001527   0.000133   0.000135  0.0000073  0.0000079    0.000259    0.000108
2000  12  19  51897  -0.078217   0.369895   0.0997410   0.0009657  -0.052865  -0.001679   0.000128   0.000128  0.0000024  0.0000079    0.000262    0.000112
2000  12  20  51898  -0.078566   0.371779   0.0987938   0.0009210  -0.052666  -0.001901   0.000129   0.000129  0.0000020  0.0000078    0.000268    0.000091
2000  12  21  51899  -0.078727   0.374034   0.0979220   0.0008061  -0.052600  -0.002101   0.000131   0.000130  0.0000108  0.0000077    0.000275    0.000088
2000  12  22  51900  -0.078430   0.376478   0.0972020   0.0006711  -0.052650  -0.002216   0.000134   0.000134  0.0000258  0.0000080    0.000283    0.000092
2000  12  23  51901  -0.077997   0.379193   0.0966480   0.0005542  -0.052686  -0.002257   0.000141   0.000140  0.0000465  0.0000082    0.000290    0.000096
2000  12  24  51902  -0.077551   0.381672   0.0962030   0.0004367  -0.052631  -0.002305   0.000149   0.000144  0.0000381  0.0000084    0.000298    0.000099
2000  12  25  51903  -0.077102   0.384316   0.0958166   0.0003317  -0.052518  -0.002401   0.000148   0.000144  0.0000297  0.0000088    0.000306    0.000103
2000  12  26  51904  -0.076553   0.386626   0.0954698   0.0002644  -0.052403  -0.002468   0.000145   0.000143  0.0000213  0.0000088    0.000314    0.000107
2000  12  27  51905  -0.076262   0.388942   0.0951663   0.0002441  -0.052302  -0.002405   0.000144   0.000142  0.0000129  0.0000083    0.000321    0.000111
2000  12  28  51906  -0.076043   0.390932   0.0949008   0.0002589  -0.052232  -0.002228   0.000142   0.000140  0.0000046  0.0000078    0.000329    0.000115
2000  12  29  51907  -0.075424   0.392828   0.0946354   0.0003103  -0.052235  -0.002072   0.000141   0.000138  0.0000160  0.0000075    0.000320    0.000110
2000  12  30  51908  -0.074842   0.394715   0.0943016   0.0004139  -0.052309  -0.002030   0.000146   0.000140  0.0000291  0.0000074    0.000305    0.000103
2000  12  31  51909  -0.074274   0.396467   0.0938387   0.0005602  -0.052343  -0.002070   0.000143   0.000142  0.0000225  0.0000072    0.000290    0.000096
