

                   INTERNATIONAL EARTH ROTATION AND REFERENCE SYSTEMS SERVICE
                        EARTH ORIENTATION PARAMETERS
                          EOP (IERS) 08 C04

  
             FORMAT(3(I4),I7,2(F11.6),2(F12.7),2(F11.6),2(F11.6),2(F11.7),2F12.6)
**********************************************************************************
  
      Date      MJD      x          y        UT1-UTC       LOD         dPsi      dEps       x Err     y Err   UT1-UTC Err  LOD Err    dPsi Err   dEpsilon Err
                         "          "           s           s            "         "        "          "          s           s            "         "
     (0h UTC)

1993   1   1  48988   0.208598   0.359592   0.0621419   0.0027101  -0.011902  -0.002064   0.000266   0.000295  0.0000041  0.0000052    0.000812    0.000426
1993   1   2  48989   0.207964   0.355645   0.0594571   0.0026550  -0.011915  -0.002169   0.000155   0.000183  0.0000035  0.0000035    0.000837    0.000394
1993   1   3  48990   0.208410   0.352628   0.0568394   0.0025807  -0.012414  -0.002271   0.000167   0.000228  0.0000030  0.0000030    0.000861    0.000363
1993   1   4  48991   0.208304   0.350310   0.0542969   0.0025057  -0.013212  -0.002229   0.000240   0.000250  0.0000025  0.0000025    0.000886    0.000332
1993   1   5  48992   0.208103   0.347287   0.0518212   0.0024447  -0.013941  -0.002038   0.000351   0.000290  0.0000021  0.0000026    0.000857    0.000290
1993   1   6  48993   0.208909   0.344281   0.0493906   0.0024118  -0.014266  -0.001917   0.000318   0.000248  0.0000027  0.0000024    0.000558    0.000192
1993   1   7  48994   0.210391   0.341339   0.0469706   0.0024225  -0.014156  -0.001982   0.000308   0.000208  0.0000027  0.0000027    0.000846    0.000320
1993   1   8  48995   0.210147   0.337942   0.0445135   0.0024898  -0.013729  -0.002206   0.000337   0.000279  0.0000027  0.0000026    0.001169    0.000459
1993   1   9  48996   0.211606   0.335893   0.0419648   0.0026120  -0.013293  -0.002325   0.000356   0.000347  0.0000025  0.0000025    0.001258    0.000461
1993   1  10  48997   0.213394   0.333624   0.0392806   0.0027646  -0.013032  -0.002168   0.000362   0.000344  0.0000024  0.0000024    0.001348    0.000463
1993   1  11  48998   0.213148   0.331091   0.0364503   0.0029037  -0.013116  -0.001874   0.000282   0.000303  0.0000022  0.0000023    0.001437    0.000466
1993   1  12  48999   0.214440   0.328816   0.0335081   0.0029832  -0.013421  -0.001688   0.000205   0.000249  0.0000022  0.0000025    0.001477    0.000465
1993   1  13  49000   0.214930   0.326896   0.0305272   0.0029735  -0.013659  -0.001687   0.000182   0.000217  0.0000028  0.0000028    0.001269    0.000453
1993   1  14  49001   0.214998   0.324624   0.0275987   0.0028715  -0.013699  -0.001766   0.000188   0.000231  0.0000034  0.0000034    0.001061    0.000440
1993   1  15  49002   0.215218   0.321918   0.0248066   0.0026979  -0.013588  -0.001837   0.000163   0.000224  0.0000040  0.0000036    0.000853    0.000427
1993   1  16  49003   0.214025   0.319193   0.0222077   0.0024880  -0.013471  -0.001897   0.000174   0.000262  0.0000037  0.0000035    0.000800    0.000389
1993   1  17  49004   0.213138   0.316098   0.0198211   0.0022828  -0.013502  -0.001983   0.000184   0.000273  0.0000030  0.0000030    0.000797    0.000343
1993   1  18  49005   0.212499   0.313186   0.0176233   0.0021232  -0.013686  -0.002088   0.000170   0.000215  0.0000024  0.0000024    0.000795    0.000297
1993   1  19  49006   0.212304   0.310832   0.0155509   0.0020408  -0.013891  -0.002182   0.000187   0.000215  0.0000017  0.0000017    0.000756    0.000247
1993   1  20  49007   0.212046   0.307346   0.0135164   0.0020465  -0.014051  -0.002254   0.000150   0.000169  0.0000011  0.0000018    0.000530    0.000174
1993   1  21  49008   0.210961   0.304954   0.0114356   0.0021184  -0.013843  -0.002202   0.000135   0.000134  0.0000018  0.0000023    0.000533    0.000222
1993   1  22  49009   0.211313   0.301663   0.0092637   0.0022168  -0.013437  -0.002031   0.000197   0.000203  0.0000035  0.0000027    0.000703    0.000357
1993   1  23  49010   0.211354   0.299462   0.0069952   0.0023174  -0.013165  -0.001861   0.000244   0.000251  0.0000035  0.0000032    0.000770    0.000371
1993   1  24  49011   0.211707   0.296802   0.0046309   0.0024202  -0.013047  -0.001751   0.000273   0.000285  0.0000030  0.0000030    0.000802    0.000344
1993   1  25  49012   0.211850   0.295199   0.0021635   0.0025298  -0.013121  -0.001755   0.000194   0.000217  0.0000024  0.0000026    0.000833    0.000317
1993   1  26  49013   0.211682   0.293044  -0.0004154   0.0026381  -0.013422  -0.001840   0.000116   0.000124  0.0000023  0.0000033    0.000856    0.000306
1993   1  27  49014   0.211316   0.291258  -0.0030971   0.0027210  -0.013829  -0.001885   0.000121   0.000103  0.0000041  0.0000037    0.000836    0.000379
1993   1  28  49015   0.210918   0.289167  -0.0058418   0.0027506  -0.014119  -0.001865   0.000190   0.000133  0.0000051  0.0000049    0.000860    0.000434
1993   1  29  49016   0.210306   0.287063  -0.0085851   0.0027139  -0.014126  -0.001894   0.000215   0.000155  0.0000056  0.0000051    0.000916    0.000476
1993   1  30  49017   0.209732   0.284184  -0.0112609   0.0026222  -0.013854  -0.002190   0.000152   0.000153  0.0000050  0.0000048    0.000956    0.000457
1993   1  31  49018   0.208523   0.281781  -0.0138273   0.0025069  -0.013671  -0.002629   0.000255   0.000336  0.0000039  0.0000039    0.000990    0.000418
1993   2   1  49019   0.206339   0.279079  -0.0162799   0.0024053  -0.013756  -0.002936   0.000333   0.000416  0.0000028  0.0000030    0.001024    0.000380
1993   2   2  49020   0.205887   0.276559  -0.0186517   0.0023511  -0.014065  -0.002922   0.000470   0.000571  0.0000020  0.0000027    0.001001    0.000325
1993   2   3  49021   0.205062   0.273194  -0.0210048   0.0023683  -0.014592  -0.002613   0.000518   0.000589  0.0000026  0.0000026    0.000682    0.000183
1993   2   4  49022   0.204405   0.270293  -0.0234181   0.0024695  -0.014986  -0.002779   0.000351   0.000368  0.0000031  0.0000031    0.000721    0.000360
1993   2   5  49023   0.205228   0.267459  -0.0259743   0.0026527  -0.014390  -0.003260   0.000284   0.000340  0.0000036  0.0000032    0.000758    0.000409
1993   2   6  49024   0.205431   0.265580  -0.0287434   0.0028945  -0.013635  -0.003539   0.000359   0.000407  0.0000034  0.0000032    0.000781    0.000385
1993   2   7  49025   0.205792   0.263437  -0.0317620   0.0031451  -0.013044  -0.003348   0.000460   0.000638  0.0000028  0.0000028    0.000802    0.000349
1993   2   8  49026   0.205479   0.261116  -0.0350072   0.0033337  -0.012901  -0.002859   0.000328   0.000495  0.0000023  0.0000024    0.000822    0.000313
1993   2   9  49027   0.204169   0.258910  -0.0383849   0.0033925  -0.013219  -0.002469   0.000238   0.000245  0.0000019  0.0000023    0.000826    0.000276
1993   2  10  49028   0.203617   0.255757  -0.0417445   0.0032930  -0.013793  -0.002366   0.000218   0.000201  0.0000024  0.0000020    0.000742    0.000236
1993   2  11  49029   0.202377   0.253564  -0.0449360   0.0030849  -0.013916  -0.002495   0.000182   0.000171  0.0000020  0.0000030    0.001270    0.000516
1993   2  12  49030   0.201538   0.250846  -0.0479008   0.0028047  -0.013826  -0.002700   0.000195   0.000210  0.0000037  0.0000019    0.000942    0.000495
1993   2  13  49031   0.199962   0.248336  -0.0505525   0.0025119  -0.013922  -0.003012   0.000147   0.000158  0.0000018  0.0000023    0.000544    0.000240
1993   2  14  49032   0.198893   0.246019  -0.0529447   0.0023133  -0.013916  -0.003361   0.000231   0.000224  0.0000010  0.0000016    0.000501    0.000164
1993   2  15  49033   0.197872   0.243140  -0.0552040   0.0022257  -0.013847  -0.003627   0.000284   0.000260  0.0000013  0.0000013    0.000615    0.000204
1993   2  16  49034   0.197384   0.240465  -0.0574207   0.0022145  -0.013845  -0.003727   0.000231   0.000212  0.0000017  0.0000019    0.000710    0.000244
1993   2  17  49035   0.196786   0.237733  -0.0596547   0.0022594  -0.013846  -0.003710   0.000286   0.000250  0.0000024  0.0000024    0.000708    0.000287
1993   2  18  49036   0.196444   0.235396  -0.0619567   0.0023541  -0.013780  -0.003663   0.000289   0.000220  0.0000032  0.0000032    0.000707    0.000329
1993   2  19  49037   0.195591   0.233210  -0.0643736   0.0024893  -0.013667  -0.003610   0.000247   0.000214  0.0000039  0.0000034    0.000706    0.000372
1993   2  20  49038   0.194864   0.231453  -0.0669382   0.0026405  -0.013637  -0.003511   0.000247   0.000289  0.0000037  0.0000035    0.000745    0.000377
1993   2  21  49039   0.193159   0.230067  -0.0696494   0.0027701  -0.013713  -0.003366   0.000303   0.000368  0.0000031  0.0000031    0.000799    0.000370
1993   2  22  49040   0.191296   0.229448  -0.0724670   0.0028448  -0.013852  -0.003277   0.000272   0.000308  0.0000026  0.0000027    0.000852    0.000363
1993   2  23  49041   0.188842   0.227597  -0.0753242   0.0028506  -0.013965  -0.003332   0.000225   0.000217  0.0000022  0.0000027    0.000890    0.000358
1993   2  24  49042   0.186203   0.225860  -0.0781524   0.0027961  -0.013910  -0.003482   0.000300   0.000248  0.0000028  0.0000028    0.000846    0.000366
1993   2  25  49043   0.183434   0.223223  -0.0809018   0.0027014  -0.013602  -0.003617   0.000353   0.000284  0.0000033  0.0000033    0.000802    0.000374
1993   2  26  49044   0.182311   0.220991  -0.0835443   0.0025850  -0.013068  -0.003706   0.000298   0.000246  0.0000039  0.0000034    0.000758    0.000383
1993   2  27  49045   0.179878   0.219130  -0.0860667   0.0024584  -0.012571  -0.003845   0.000263   0.000299  0.0000035  0.0000034    0.000746    0.000374
1993   2  28  49046   0.178438   0.217041  -0.0884635   0.0023336  -0.012433  -0.004069   0.000231   0.000337  0.0000029  0.0000029    0.000743    0.000360
1993   3   1  49047   0.176021   0.214959  -0.0907446   0.0022334  -0.012739  -0.004269   0.000168   0.000227  0.0000023  0.0000024    0.000740    0.000346
1993   3   2  49048   0.174034   0.212733  -0.0929490   0.0021899  -0.013292  -0.004307   0.000145   0.000145  0.0000018  0.0000023    0.000721    0.000324
1993   3   3  49049   0.172186   0.211196  -0.0951499   0.0022312  -0.013879  -0.004239   0.000140   0.000103  0.0000023  0.0000023    0.000617    0.000261
1993   3   4  49050   0.170972   0.209625  -0.0974400   0.0023649  -0.014295  -0.004328   0.000139   0.000093  0.0000028  0.0000025    0.000514    0.000198
1993   3   5  49051   0.169553   0.208054  -0.0999043   0.0025727  -0.014290  -0.004658   0.000147   0.000104  0.0000026  0.0000026    0.000674    0.000209
1993   3   6  49052   0.168401   0.206780  -0.1025964   0.0028178  -0.014016  -0.004979   0.000183   0.000148  0.0000024  0.0000024    0.000725    0.000238
1993   3   7  49053   0.167070   0.205137  -0.1055288   0.0030520  -0.013599  -0.004950   0.000245   0.000233  0.0000022  0.0000022    0.000738    0.000272
1993   3   8  49054   0.165485   0.203135  -0.1086662   0.0032217  -0.013301  -0.004622   0.000244   0.000252  0.0000020  0.0000020    0.000751    0.000307
1993   3   9  49055   0.164032   0.201982  -0.1119240   0.0032812  -0.013191  -0.004349   0.000220   0.000222  0.0000019  0.0000023    0.000713    0.000309
1993   3  10  49056   0.163182   0.199760  -0.1151825   0.0032138  -0.013074  -0.004302   0.000218   0.000204  0.0000026  0.0000026    0.000421    0.000146
1993   3  11  49057   0.162385   0.198953  -0.1183230   0.0030465  -0.013113  -0.004411   0.000211   0.000186  0.0000033  0.0000033    0.000637    0.000224
1993   3  12  49058   0.162582   0.197045  -0.1212712   0.0028407  -0.013221  -0.004547   0.000204   0.000193  0.0000039  0.0000035    0.000900    0.000325
1993   3  13  49059   0.161287   0.195906  -0.1240202   0.0026601  -0.013246  -0.004806   0.000209   0.000224  0.0000037  0.0000035    0.000920    0.000344
1993   3  14  49060   0.159916   0.194354  -0.1266172   0.0025420  -0.013079  -0.005197   0.000227   0.000244  0.0000031  0.0000031    0.000858    0.000335
1993   3  15  49061   0.157952   0.193064  -0.1291302   0.0024911  -0.012853  -0.005558   0.000221   0.000231  0.0000026  0.0000027    0.000796    0.000325
1993   3  16  49062   0.155472   0.191552  -0.1316207   0.0024957  -0.012829  -0.005692   0.000213   0.000208  0.0000022  0.0000026    0.000726    0.000297
1993   3  17  49063   0.153079   0.189831  -0.1341373   0.0025440  -0.013032  -0.005538   0.000213   0.000173  0.0000027  0.0000027    0.000617    0.000172
1993   3  18  49064   0.150301   0.188702  -0.1367194   0.0026253  -0.012986  -0.005421   0.000224   0.000174  0.0000031  0.0000031    0.001003    0.000446
1993   3  19  49065   0.148192   0.187097  -0.1393933   0.0027220  -0.012810  -0.005490   0.000208   0.000178  0.0000036  0.0000032    0.000917    0.000346
1993   3  20  49066   0.145965   0.185963  -0.1421623   0.0028092  -0.012552  -0.005458   0.000218   0.000191  0.0000033  0.0000032    0.000838    0.000311
1993   3  21  49067   0.144173   0.184097  -0.1450040   0.0028667  -0.012370  -0.005291   0.000249   0.000277  0.0000029  0.0000029    0.000793    0.000324
1993   3  22  49068   0.142404   0.182837  -0.1478832   0.0028883  -0.012339  -0.005122   0.000244   0.000294  0.0000025  0.0000025    0.000748    0.000337
1993   3  23  49069   0.140479   0.181500  -0.1507657   0.0028755  -0.012361  -0.005124   0.000232   0.000265  0.0000020  0.0000020    0.000712    0.000345
1993   3  24  49070   0.138089   0.179893  -0.1536197   0.0028274  -0.012144  -0.005309   0.000216   0.000251  0.0000015  0.0000015    0.000723    0.000333
1993   3  25  49071   0.135891   0.178951  -0.1564082   0.0027394  -0.012245  -0.005756   0.000172   0.000183  0.0000009  0.0000024    0.000535    0.000212
1993   3  26  49072   0.132905   0.177831  -0.1590904   0.0026153  -0.012919  -0.005965   0.000152   0.000178  0.0000034  0.0000023    0.000867    0.000356
1993   3  27  49073   0.129896   0.176881  -0.1616375   0.0024781  -0.012905  -0.006064   0.000212   0.000248  0.0000037  0.0000032    0.000922    0.000394
1993   3  28  49074   0.126623   0.175356  -0.1640535   0.0023623  -0.012499  -0.006159   0.000347   0.000365  0.0000030  0.0000030    0.000848    0.000378
1993   3  29  49075   0.123562   0.174326  -0.1663774   0.0022972  -0.012088  -0.006279   0.000337   0.000341  0.0000024  0.0000025    0.000773    0.000363
1993   3  30  49076   0.120243   0.172666  -0.1686697   0.0022995  -0.011837  -0.006378   0.000227   0.000231  0.0000019  0.0000022    0.000703    0.000343
1993   3  31  49077   0.117866   0.171128  -0.1710015   0.0023774  -0.011890  -0.006443   0.000210   0.000199  0.0000019  0.0000019    0.000654    0.000304
1993   4   1  49078   0.115376   0.170151  -0.1734479   0.0025314  -0.011978  -0.006530   0.000209   0.000184  0.0000019  0.0000019    0.000605    0.000266
1993   4   2  49079   0.112655   0.169418  -0.1760794   0.0027474  -0.012034  -0.006661   0.000236   0.000217  0.0000020  0.0000020    0.000556    0.000227
1993   4   3  49080   0.109894   0.169359  -0.1789426   0.0029886  -0.011915  -0.006669   0.000392   0.000321  0.0000020  0.0000020    0.000609    0.000269
1993   4   4  49081   0.107044   0.168650  -0.1820370   0.0031993  -0.011753  -0.006393   0.000395   0.000311  0.0000020  0.0000020    0.000698    0.000339
1993   4   5  49082   0.103410   0.168079  -0.1853037   0.0033238  -0.011705  -0.005948   0.000225   0.000208  0.0000021  0.0000022    0.000786    0.000408
1993   4   6  49083   0.100143   0.167361  -0.1886390   0.0033317  -0.011806  -0.005691   0.000206   0.000195  0.0000023  0.0000028    0.000879    0.000458
1993   4   7  49084   0.096639   0.167106  -0.1919283   0.0032315  -0.012001  -0.005820   0.000212   0.000177  0.0000034  0.0000034    0.000993    0.000409
1993   4   8  49085   0.093585   0.166594  -0.1950827   0.0030633  -0.012186  -0.006181   0.000188   0.000154  0.0000046  0.0000039    0.001107    0.000359
1993   4   9  49086   0.090085   0.166321  -0.1980592   0.0028791  -0.012365  -0.006522   0.000211   0.000185  0.0000044  0.0000042    0.001101    0.000369
1993   4  10  49087   0.087544   0.165463  -0.2008628   0.0027241  -0.012405  -0.006735   0.000279   0.000307  0.0000038  0.0000038    0.001054    0.000398
1993   4  11  49088   0.083966   0.165030  -0.2035355   0.0026281  -0.012148  -0.006857   0.000325   0.000399  0.0000032  0.0000032    0.001007    0.000427
1993   4  12  49089   0.081481   0.164830  -0.2061431   0.0026034  -0.011717  -0.006888   0.000240   0.000277  0.0000026  0.0000027    0.000961    0.000457
1993   4  13  49090   0.079335   0.164382  -0.2087585   0.0026460  -0.011415  -0.006781   0.000132   0.000131  0.0000022  0.0000029    0.000905    0.000468
1993   4  14  49091   0.077219   0.164598  -0.2114442   0.0027368  -0.011211  -0.006527   0.000114   0.000109  0.0000033  0.0000033    0.000805    0.000387
1993   4  15  49092   0.076091   0.164368  -0.2142362   0.0028453  -0.011246  -0.006523   0.000106   0.000103  0.0000043  0.0000043    0.000455    0.000193
1993   4  16  49093   0.074060   0.164595  -0.2171347   0.0029371  -0.011502  -0.006809   0.000111   0.000110  0.0000053  0.0000045    0.001016    0.000311
1993   4  17  49094   0.071969   0.164158  -0.2201057   0.0029832  -0.011102  -0.007040   0.000126   0.000128  0.0000048  0.0000045    0.001101    0.000362
1993   4  18  49095   0.069996   0.163657  -0.2230915   0.0029716  -0.010631  -0.007095   0.000176   0.000206  0.0000038  0.0000038    0.000993    0.000381
1993   4  19  49096   0.067510   0.163617  -0.2260362   0.0029170  -0.010521  -0.007009   0.000181   0.000213  0.0000028  0.0000029    0.000886    0.000399
1993   4  20  49097   0.064716   0.163558  -0.2289120   0.0028527  -0.010851  -0.006925   0.000144   0.000141  0.0000020  0.0000027    0.000843    0.000412
1993   4  21  49098   0.061935   0.164385  -0.2317297   0.0028067  -0.011830  -0.006930   0.000138   0.000120  0.0000026  0.0000026    0.001126    0.000393
1993   4  22  49099   0.059247   0.164375  -0.2345166   0.0027760  -0.011536  -0.007053   0.000131   0.000116  0.0000032  0.0000032    0.000472    0.000165
1993   4  23  49100   0.056552   0.164278  -0.2372781   0.0027311  -0.011201  -0.007285   0.000137   0.000131  0.0000038  0.0000034    0.000933    0.000235
1993   4  24  49101   0.053879   0.164250  -0.2399823   0.0026481  -0.010859  -0.007504   0.000164   0.000192  0.0000035  0.0000033    0.001033    0.000296
1993   4  25  49102   0.051343   0.163934  -0.2425863   0.0025446  -0.010664  -0.007690   0.000235   0.000296  0.0000028  0.0000028    0.000930    0.000333
1993   4  26  49103   0.048200   0.163876  -0.2450911   0.0024827  -0.010774  -0.007831   0.000246   0.000288  0.0000022  0.0000029    0.000827    0.000369
1993   4  27  49104   0.045841   0.164074  -0.2475753   0.0025321  -0.011151  -0.007855   0.000223   0.000257  0.0000029  0.0000064    0.000833    0.000400
1993   4  28  49105   0.044260   0.164339  -0.2501773   0.0027158  -0.011616  -0.007635   0.000226   0.000254  0.0000107  0.0000029    0.001393    0.000401
1993   4  29  49106   0.041686   0.164343  -0.2530216   0.0029644  -0.011387  -0.007576   0.000179   0.000179  0.0000028  0.0000070    0.000727    0.000212
1993   4  30  49107   0.039693   0.164852  -0.2561090   0.0031946  -0.010639  -0.007585   0.000187   0.000187  0.0000034  0.0000032    0.001109    0.000284
1993   5   1  49108   0.038042   0.165264  -0.2593992   0.0033705  -0.010184  -0.007408   0.000279   0.000285  0.0000036  0.0000032    0.001026    0.000264
1993   5   2  49109   0.036513   0.165551  -0.2628238   0.0034614  -0.010175  -0.007060   0.000292   0.000320  0.0000030  0.0000030    0.000708    0.000193
1993   5   3  49110   0.034624   0.165768  -0.2662857   0.0034432  -0.010504  -0.006716   0.000285   0.000266  0.0000024  0.0000024    0.000454    0.000136
1993   5   4  49111   0.033355   0.166175  -0.2696729   0.0033078  -0.010888  -0.006641   0.000256   0.000196  0.0000019  0.0000019    0.000364    0.000112
1993   5   5  49112   0.031084   0.166674  -0.2728745   0.0030712  -0.011229  -0.006811   0.000174   0.000161  0.0000013  0.0000017    0.000680    0.000272
1993   5   6  49113   0.029504   0.166735  -0.2758075   0.0027828  -0.011601  -0.007113   0.000173   0.000160  0.0000016  0.0000015    0.000951    0.000346
1993   5   7  49114   0.027509   0.166797  -0.2784526   0.0025241  -0.011890  -0.007284   0.000238   0.000200  0.0000017  0.0000017    0.000770    0.000345
1993   5   8  49115   0.025234   0.166706  -0.2808813   0.0023729  -0.011726  -0.007213   0.000354   0.000296  0.0000018  0.0000018    0.000467    0.000233
1993   5   9  49116   0.023414   0.166274  -0.2832261   0.0023493  -0.011236  -0.007024   0.000363   0.000305  0.0000018  0.0000018    0.000176    0.000071
1993   5  10  49117   0.021104   0.165932  -0.2856007   0.0024014  -0.010955  -0.006921   0.000265   0.000232  0.0000019  0.0000019    0.000378    0.000147
1993   5  11  49118   0.019313   0.166284  -0.2880398   0.0024532  -0.010998  -0.006952   0.000206   0.000190  0.0000019  0.0000019    0.000700    0.000281
1993   5  12  49119   0.017522   0.166801  -0.2905101   0.0024684  -0.011284  -0.007087   0.000179   0.000156  0.0000019  0.0000015    0.001023    0.000416
1993   5  13  49120   0.016500   0.167171  -0.2929748   0.0024700  -0.011420  -0.007231   0.000137   0.000115  0.0000012  0.0000014    0.000619    0.000265
1993   5  14  49121   0.015193   0.167691  -0.2954450   0.0024978  -0.011075  -0.007314   0.000149   0.000130  0.0000009  0.0000012    0.000642    0.000297
1993   5  15  49122   0.013742   0.168308  -0.2979622   0.0025563  -0.010605  -0.007297   0.000230   0.000192  0.0000011  0.0000011    0.000764    0.000347
1993   5  16  49123   0.012918   0.169034  -0.3005466   0.0026090  -0.010494  -0.007191   0.000237   0.000215  0.0000013  0.0000013    0.000715    0.000309
1993   5  17  49124   0.010941   0.169873  -0.3031679   0.0026116  -0.010915  -0.007096   0.000210   0.000224  0.0000015  0.0000015    0.000665    0.000270
1993   5  18  49125   0.009795   0.170414  -0.3057586   0.0025481  -0.011680  -0.007139   0.000179   0.000196  0.0000017  0.0000013    0.000616    0.000231
1993   5  19  49126   0.008634   0.171661  -0.3082558   0.0024391  -0.012629  -0.007321   0.000144   0.000146  0.0000011  0.0000015    0.000522    0.000177
1993   5  20  49127   0.007573   0.172685  -0.3106329   0.0023215  -0.012913  -0.007596   0.000163   0.000142  0.0000013  0.0000015    0.000493    0.000192
1993   5  21  49128   0.006070   0.173854  -0.3129007   0.0022250  -0.012724  -0.007805   0.000207   0.000174  0.0000019  0.0000019    0.000491    0.000230
1993   5  22  49129   0.004520   0.174775  -0.3150921   0.0021644  -0.012368  -0.007874   0.000209   0.000159  0.0000024  0.0000021    0.000488    0.000268
1993   5  23  49130   0.002910   0.175556  -0.3172470   0.0021427  -0.012310  -0.007786   0.000219   0.000177  0.0000023  0.0000022    0.000466    0.000234
1993   5  24  49131   0.000924   0.176307  -0.3194010   0.0021617  -0.012432  -0.007662   0.000225   0.000214  0.0000021  0.0000021    0.000441    0.000186
1993   5  25  49132  -0.001528   0.176918  -0.3215938   0.0022352  -0.012648  -0.007565   0.000202   0.000168  0.0000018  0.0000018    0.000415    0.000139
1993   5  26  49133  -0.004804   0.177631  -0.3238878   0.0023875  -0.012574  -0.007622   0.000189   0.000150  0.0000016  0.0000020    0.000760    0.000248
1993   5  27  49134  -0.007300   0.177952  -0.3263724   0.0026243  -0.012301  -0.007638   0.000194   0.000173  0.0000021  0.0000019    0.001060    0.000484
1993   5  28  49135  -0.008891   0.177871  -0.3291253   0.0028817  -0.011904  -0.007615   0.000242   0.000212  0.0000022  0.0000021    0.001105    0.000541
1993   5  29  49136  -0.010711   0.178802  -0.3321127   0.0030287  -0.011509  -0.007523   0.000293   0.000254  0.0000021  0.0000021    0.001041    0.000492
1993   5  30  49137  -0.011901   0.179075  -0.3351526   0.0029631  -0.011345  -0.007322   0.000317   0.000269  0.0000019  0.0000019    0.000977    0.000443
1993   5  31  49138  -0.013149   0.179912  -0.3380077   0.0027057  -0.011575  -0.007066   0.000283   0.000241  0.0000018  0.0000018    0.000912    0.000394
1993   6   1  49139  -0.015511   0.180405  -0.3405388   0.0023953  -0.012149  -0.006900   0.000235   0.000191  0.0000016  0.0000016    0.000848    0.000345
1993   6   2  49140  -0.017162   0.180641  -0.3427858   0.0021758  -0.012846  -0.006927   0.000188   0.000146  0.0000015  0.0000015    0.000784    0.000296
1993   6   3  49141  -0.019394   0.180833  -0.3448944   0.0020817  -0.013438  -0.007175   0.000159   0.000141  0.0000014  0.0000015    0.001452    0.000471
1993   6   4  49142  -0.020865   0.181094  -0.3469681   0.0020390  -0.013635  -0.007227   0.000171   0.000160  0.0000014  0.0000014    0.000744    0.000253
1993   6   5  49143  -0.023101   0.182254  -0.3489993   0.0019739  -0.013537  -0.007143   0.000211   0.000208  0.0000014  0.0000014    0.000649    0.000207
1993   6   6  49144  -0.024806   0.183250  -0.3509413   0.0018985  -0.013197  -0.006932   0.000244   0.000282  0.0000014  0.0000014    0.000695    0.000202
1993   6   7  49145  -0.026877   0.183831  -0.3528131   0.0018790  -0.012842  -0.006756   0.000218   0.000273  0.0000014  0.0000014    0.000741    0.000196
1993   6   8  49146  -0.028192   0.184801  -0.3547055   0.0019445  -0.012726  -0.006790   0.000192   0.000215  0.0000014  0.0000014    0.000787    0.000190
1993   6   9  49147  -0.030304   0.185926  -0.3566999   0.0020555  -0.012696  -0.007023   0.000154   0.000156  0.0000014  0.0000014    0.000718    0.000236
1993   6  10  49148  -0.031864   0.186736  -0.3588097   0.0021545  -0.013300  -0.007505   0.000169   0.000157  0.0000014  0.0000014    0.000769    0.000385
1993   6  11  49149  -0.033881   0.187771  -0.3609996   0.0022169  -0.013761  -0.007771   0.000223   0.000191  0.0000014  0.0000014    0.000748    0.000409
1993   6  12  49150  -0.034644   0.188406  -0.3632325   0.0022452  -0.013899  -0.007698   0.000256   0.000218  0.0000014  0.0000014    0.000664    0.000352
1993   6  13  49151  -0.035594   0.189672  -0.3654781   0.0022362  -0.013948  -0.007431   0.000262   0.000216  0.0000014  0.0000014    0.000581    0.000296
1993   6  14  49152  -0.036692   0.190973  -0.3676936   0.0021757  -0.014103  -0.007189   0.000212   0.000164  0.0000015  0.0000015    0.000497    0.000239
1993   6  15  49153  -0.038089   0.192762  -0.3698211   0.0020620  -0.014456  -0.007139   0.000144   0.000124  0.0000015  0.0000016    0.000414    0.000182
1993   6  16  49154  -0.038925   0.194417  -0.3718137   0.0019206  -0.014992  -0.007472   0.000120   0.000124  0.0000016  0.0000016    0.000682    0.000303
1993   6  17  49155  -0.041111   0.195403  -0.3736635   0.0017905  -0.015532  -0.007628   0.000162   0.000152  0.0000017  0.0000016    0.001020    0.000343
1993   6  18  49156  -0.042477   0.196822  -0.3754022   0.0017026  -0.015949  -0.007594   0.000182   0.000170  0.0000016  0.0000016    0.001358    0.000342
1993   6  19  49157  -0.045320   0.197455  -0.3770836   0.0016720  -0.016151  -0.007498   0.000181   0.000200  0.0000016  0.0000016    0.001695    0.000341
1993   6  20  49158  -0.047218   0.198389  -0.3787683   0.0017044  -0.016093  -0.007443   0.000211   0.000209  0.0000015  0.0000015    0.002032    0.000341
1993   6  21  49159  -0.049645   0.199499  -0.3805178   0.0017993  -0.015829  -0.007469   0.000190   0.000184  0.0000015  0.0000015    0.001916    0.000306
1993   6  22  49160  -0.051509   0.200274  -0.3823879   0.0019438  -0.015519  -0.007545   0.000160   0.000165  0.0000015  0.0000015    0.000342    0.000164
1993   6  23  49161  -0.053111   0.201044  -0.3844134   0.0021058  -0.015542  -0.007354   0.000146   0.000131  0.0000014  0.0000016    0.000611    0.000271
1993   6  24  49162  -0.054683   0.202205  -0.3865903   0.0022409  -0.015580  -0.006934   0.000112   0.000097  0.0000017  0.0000017    0.000837    0.000325
1993   6  25  49163  -0.055630   0.203058  -0.3888705   0.0023121  -0.015765  -0.006535   0.000112   0.000108  0.0000020  0.0000015    0.001035    0.000358
1993   6  26  49164  -0.056378   0.204409  -0.3911821   0.0023059  -0.016350  -0.006461   0.000122   0.000124  0.0000013  0.0000016    0.000563    0.000242
1993   6  27  49165  -0.057531   0.205497  -0.3934511   0.0022213  -0.016768  -0.006474   0.000143   0.000154  0.0000013  0.0000013    0.000527    0.000207
1993   6  28  49166  -0.058718   0.206412  -0.3956016   0.0020650  -0.017084  -0.006515   0.000163   0.000161  0.0000013  0.0000013    0.000521    0.000178
1993   6  29  49167  -0.059983   0.207701  -0.3975700   0.0018633  -0.017410  -0.006565   0.000133   0.000117  0.0000013  0.0000013    0.000515    0.000149
1993   6  30  49168  -0.061466   0.208464  -0.3993301   0.0016618  -0.017632  -0.006615   0.000122   0.000111  0.0000014  0.0000014    0.000412    0.000172
1993   7   1  49169  -0.062375   0.210028   0.5990926   0.0015071  -0.017974  -0.006832   0.000142   0.000135  0.0000014  0.0000014    0.000400    0.000182
1993   7   2  49170  -0.063928   0.211301   0.5976332   0.0014241  -0.018197  -0.007121   0.000150   0.000149  0.0000014  0.0000014    0.000425    0.000184
1993   7   3  49171  -0.065071   0.212387   0.5962191   0.0014081  -0.018132  -0.007306   0.000158   0.000158  0.0000014  0.0000014    0.000451    0.000185
1993   7   4  49172  -0.066491   0.214021   0.5947960   0.0014362  -0.017845  -0.007274   0.000384   0.000580  0.0000015  0.0000015    0.000476    0.000187
1993   7   5  49173  -0.067069   0.214847   0.5933346   0.0014861  -0.017522  -0.007066   0.000589   0.000958  0.0000015  0.0000015    0.000501    0.000188
1993   7   6  49174  -0.067600   0.216433   0.5918221   0.0015428  -0.017316  -0.006849   0.000593   0.000957  0.0000015  0.0000015    0.000527    0.000190
1993   7   7  49175  -0.067918   0.217231   0.5902551   0.0015945  -0.017291  -0.006781   0.000394   0.000586  0.0000015  0.0000016    0.000552    0.000192
1993   7   8  49176  -0.068365   0.217436   0.5886436   0.0016266  -0.017258  -0.006842   0.000365   0.000505  0.0000017  0.0000017    0.001116    0.000528
1993   7   9  49177  -0.067695   0.218352   0.5870140   0.0016273  -0.017682  -0.007034   0.000530   0.000757  0.0000018  0.0000018    0.001118    0.000534
1993   7  10  49178  -0.068007   0.219769   0.5854015   0.0015967  -0.018037  -0.007143   0.000548   0.000833  0.0000020  0.0000020    0.000928    0.000433
1993   7  11  49179  -0.068569   0.220720   0.5838323   0.0015480  -0.018205  -0.007123   0.000370   0.000580  0.0000021  0.0000021    0.000796    0.000369
1993   7  12  49180  -0.068428   0.221046   0.5823147   0.0014936  -0.018400  -0.007080   0.000144   0.000163  0.0000023  0.0000023    0.000663    0.000305
1993   7  13  49181  -0.069008   0.223127   0.5808501   0.0014330  -0.018800  -0.007094   0.000134   0.000120  0.0000025  0.0000019    0.000531    0.000241
1993   7  14  49182  -0.069701   0.223877   0.5794483   0.0013600  -0.019505  -0.007113   0.000116   0.000095  0.0000015  0.0000024    0.000470    0.000215
1993   7  15  49183  -0.070504   0.225968   0.5781239   0.0012890  -0.020258  -0.007113   0.000119   0.000090  0.0000024  0.0000021    0.000556    0.000235
1993   7  16  49184  -0.071104   0.226926   0.5768577   0.0012490  -0.020587  -0.007068   0.000133   0.000098  0.0000027  0.0000024    0.000992    0.000346
1993   7  17  49185  -0.071925   0.228865   0.5756067   0.0012579  -0.020339  -0.007013   0.000112   0.000108  0.0000025  0.0000025    0.000680    0.000219
1993   7  18  49186  -0.072220   0.230219   0.5743174   0.0013294  -0.019777  -0.007064   0.000126   0.000124  0.0000023  0.0000023    0.000423    0.000120
1993   7  19  49187  -0.072370   0.232337   0.5729235   0.0014748  -0.019272  -0.007193   0.000166   0.000148  0.0000021  0.0000021    0.000708    0.000196
1993   7  20  49188  -0.072861   0.233628   0.5713522   0.0016889  -0.019328  -0.007339   0.000149   0.000129  0.0000019  0.0000019    0.000531    0.000162
1993   7  21  49189  -0.073255   0.236008   0.5695471   0.0019365  -0.019804  -0.007100   0.000115   0.000094  0.0000017  0.0000019    0.000699    0.000281
1993   7  22  49190  -0.074082   0.237117   0.5675006   0.0021552  -0.020485  -0.006479   0.000109   0.000089  0.0000018  0.0000018    0.000903    0.000311
1993   7  23  49191  -0.074467   0.239443   0.5652725   0.0022760  -0.021363  -0.005992   0.000142   0.000115  0.0000018  0.0000018    0.000927    0.000300
1993   7  24  49192  -0.075004   0.240967   0.5629869   0.0022546  -0.022108  -0.005832   0.000185   0.000142  0.0000018  0.0000018    0.000872    0.000290
1993   7  25  49193  -0.075842   0.242725   0.5607922   0.0020987  -0.022413  -0.005931   0.000605   0.000643  0.0000018  0.0000018    0.000817    0.000280
1993   7  26  49194  -0.077374   0.244756   0.5588027   0.0018667  -0.022285  -0.006158   0.000836   0.000998  0.0000018  0.0000018    0.000763    0.000270
1993   7  27  49195  -0.077686   0.246021   0.5570563   0.0016397  -0.022004  -0.006410   0.000662   0.000828  0.0000018  0.0000018    0.000708    0.000260
1993   7  28  49196  -0.079259   0.246681   0.5555092   0.0014853  -0.021899  -0.006641   0.000415   0.000502  0.0000018  0.0000019    0.000653    0.000250
1993   7  29  49197  -0.080133   0.249246   0.5540651   0.0014327  -0.022003  -0.006876   0.000263   0.000289  0.0000021  0.0000016    0.001177    0.000439
1993   7  30  49198  -0.081425   0.250816   0.5526210   0.0014557  -0.022355  -0.006959   0.000245   0.000249  0.0000014  0.0000018    0.000851    0.000311
1993   7  31  49199  -0.082334   0.252165   0.5511327   0.0015081  -0.022524  -0.007020   0.000419   0.000497  0.0000015  0.0000018    0.000571    0.000225
1993   8   1  49200  -0.083440   0.254148   0.5495894   0.0015779  -0.022390  -0.007051   0.000437   0.000516  0.0000022  0.0000022    0.000633    0.000280
1993   8   2  49201  -0.084447   0.255627   0.5479701   0.0016732  -0.022139  -0.006965   0.000136   0.000140  0.0000030  0.0000030    0.000696    0.000334
1993   8   3  49202  -0.085320   0.257353   0.5462452   0.0017920  -0.021925  -0.006789   0.000107   0.000108  0.0000037  0.0000026    0.000758    0.000388
1993   8   4  49203  -0.086183   0.259623   0.5443950   0.0019119  -0.021890  -0.006579   0.000104   0.000101  0.0000022  0.0000028    0.000659    0.000270
1993   8   5  49204  -0.087521   0.261555   0.5424341   0.0019977  -0.021966  -0.006454   0.000109   0.000105  0.0000018  0.0000021    0.000783    0.000262
1993   8   6  49205  -0.089142   0.263653   0.5404131   0.0020218  -0.022310  -0.006454   0.000121   0.000116  0.0000019  0.0000019    0.000702    0.000265
1993   8   7  49206  -0.091009   0.265560   0.5384031   0.0019765  -0.022641  -0.006500   0.000130   0.000140  0.0000020  0.0000020    0.000577    0.000243
1993   8   8  49207  -0.092667   0.267680   0.5364703   0.0018772  -0.022738  -0.006546   0.000153   0.000182  0.0000021  0.0000021    0.000524    0.000216
1993   8   9  49208  -0.094028   0.269363   0.5346552   0.0017503  -0.022706  -0.006642   0.000162   0.000185  0.0000022  0.0000022    0.000472    0.000189
1993   8  10  49209  -0.094696   0.271523   0.5329710   0.0016184  -0.022827  -0.006829   0.000137   0.000126  0.0000023  0.0000023    0.000420    0.000162
1993   8  11  49210  -0.095211   0.273895   0.5314137   0.0015011  -0.023448  -0.007117   0.000116   0.000096  0.0000024  0.0000023    0.000664    0.000242
1993   8  12  49211  -0.095849   0.276275   0.5299581   0.0014274  -0.024031  -0.007108   0.000111   0.000099  0.0000023  0.0000023    0.000601    0.000272
1993   8  13  49212  -0.096290   0.278054   0.5285423   0.0014342  -0.024344  -0.006853   0.000101   0.000097  0.0000022  0.0000022    0.000536    0.000268
1993   8  14  49213  -0.096962   0.280464   0.5270679   0.0015418  -0.024227  -0.006579   0.000120   0.000112  0.0000020  0.0000020    0.000529    0.000258
1993   8  15  49214  -0.097510   0.282797   0.5254345   0.0017308  -0.023820  -0.006550   0.000146   0.000158  0.0000019  0.0000019    0.000523    0.000247
1993   8  16  49215  -0.098569   0.284669   0.5235854   0.0019545  -0.023440  -0.006815   0.000148   0.000165  0.0000017  0.0000017    0.000516    0.000237
1993   8  17  49216  -0.099513   0.286497   0.5215169   0.0021739  -0.023311  -0.007126   0.000123   0.000119  0.0000016  0.0000020    0.000510    0.000227
1993   8  18  49217  -0.099779   0.288218   0.5192485   0.0023740  -0.023575  -0.007380   0.000098   0.000096  0.0000022  0.0000018    0.000774    0.000305
1993   8  19  49218  -0.100638   0.289762   0.5168001   0.0025302  -0.023944  -0.007267   0.000097   0.000088  0.0000019  0.0000018    0.000845    0.000376
1993   8  20  49219  -0.100977   0.291347   0.5142307   0.0025896  -0.024583  -0.006834   0.000085   0.000077  0.0000013  0.0000015    0.000627    0.000268
1993   8  21  49220  -0.101743   0.292608   0.5116606   0.0025115  -0.025111  -0.006433   0.000095   0.000090  0.0000011  0.0000013    0.000598    0.000225
1993   8  22  49221  -0.102063   0.294734   0.5092316   0.0023133  -0.025341  -0.006184   0.000126   0.000101  0.0000014  0.0000014    0.000778    0.000290
1993   8  23  49222  -0.102096   0.296352   0.5070371   0.0020667  -0.025325  -0.006117   0.000123   0.000091  0.0000017  0.0000017    0.000957    0.000354
1993   8  24  49223  -0.102065   0.298654   0.5050843   0.0018476  -0.025029  -0.006335   0.000117   0.000086  0.0000020  0.0000022    0.001136    0.000419
1993   8  25  49224  -0.101858   0.300237   0.5033194   0.0016930  -0.024788  -0.006873   0.000122   0.000080  0.0000027  0.0000026    0.001119    0.000368
1993   8  26  49225  -0.101763   0.302823   0.5016750   0.0016027  -0.024166  -0.007371   0.000114   0.000086  0.0000032  0.0000030    0.001443    0.000490
1993   8  27  49226  -0.100942   0.304736   0.5000941   0.0015744  -0.023745  -0.007633   0.000111   0.000088  0.0000033  0.0000032    0.001456    0.000517
1993   8  28  49227  -0.100721   0.307739   0.4985114   0.0016150  -0.023631  -0.007645   0.000120   0.000108  0.0000032  0.0000032    0.001251    0.000463
1993   8  29  49228  -0.100587   0.309564   0.4968550   0.0017150  -0.023680  -0.007476   0.000202   0.000233  0.0000031  0.0000031    0.001045    0.000409
1993   8  30  49229  -0.100500   0.311976   0.4950793   0.0018372  -0.023843  -0.007175   0.000258   0.000278  0.0000030  0.0000030    0.000839    0.000355
1993   8  31  49230  -0.099556   0.313974   0.4931855   0.0019426  -0.024088  -0.006775   0.000199   0.000192  0.0000029  0.0000028    0.000634    0.000301
1993   9   1  49231  -0.099817   0.315792   0.4912047   0.0020167  -0.024369  -0.006440   0.000149   0.000142  0.0000025  0.0000027    0.000711    0.000262
1993   9   2  49232  -0.099721   0.317444   0.4891656   0.0020652  -0.024833  -0.006162   0.000158   0.000152  0.0000025  0.0000026    0.000653    0.000186
1993   9   3  49233  -0.099485   0.319429   0.4870877   0.0020870  -0.024684  -0.006006   0.000185   0.000200  0.0000027  0.0000027    0.000543    0.000175
1993   9   4  49234  -0.099422   0.321110   0.4850031   0.0020655  -0.024487  -0.006069   0.000215   0.000217  0.0000030  0.0000030    0.000534    0.000189
1993   9   5  49235  -0.099581   0.323249   0.4829649   0.0019948  -0.024445  -0.006280   0.000243   0.000279  0.0000032  0.0000032    0.000594    0.000192
1993   9   6  49236  -0.099998   0.325561   0.4810171   0.0018993  -0.024370  -0.006550   0.000218   0.000282  0.0000034  0.0000034    0.000654    0.000195
1993   9   7  49237  -0.100609   0.326483   0.4791639   0.0018167  -0.024467  -0.006887   0.000166   0.000177  0.0000036  0.0000031    0.000713    0.000198
1993   9   8  49238  -0.101188   0.328431   0.4773749   0.0017672  -0.024818  -0.007260   0.000133   0.000128  0.0000029  0.0000031    0.000695    0.000239
1993   9   9  49239  -0.101324   0.329613   0.4756147   0.0017518  -0.025316  -0.007459   0.000138   0.000135  0.0000025  0.0000026    0.000683    0.000249
1993   9  10  49240  -0.101671   0.331544   0.4738517   0.0017772  -0.025519  -0.007365   0.000174   0.000172  0.0000024  0.0000024    0.000675    0.000248
1993   9  11  49241  -0.101266   0.332842   0.4720377   0.0018682  -0.025171  -0.007061   0.000213   0.000217  0.0000022  0.0000022    0.000668    0.000247
1993   9  12  49242  -0.100832   0.334965   0.4700935   0.0020455  -0.024495  -0.006795   0.000200   0.000211  0.0000021  0.0000021    0.000660    0.000246
1993   9  13  49243  -0.100095   0.336934   0.4679317   0.0022949  -0.023973  -0.006726   0.000148   0.000152  0.0000019  0.0000019    0.000653    0.000245
1993   9  14  49244  -0.099252   0.339361   0.4655031   0.0025603  -0.023945  -0.006761   0.000119   0.000112  0.0000017  0.0000017    0.000645    0.000244
1993   9  15  49245  -0.098475   0.341489   0.4628300   0.0027666  -0.024436  -0.006750   0.000098   0.000093  0.0000016  0.0000018    0.000637    0.000243
1993   9  16  49246  -0.097736   0.344254   0.4600066   0.0028518  -0.025259  -0.006878   0.000095   0.000101  0.0000018  0.0000018    0.000656    0.000233
1993   9  17  49247  -0.097559   0.346392   0.4571706   0.0027927  -0.025854  -0.006815   0.000110   0.000117  0.0000021  0.0000020    0.001072    0.000393
1993   9  18  49248  -0.097278   0.348521   0.4544579   0.0026157  -0.026196  -0.006718   0.000121   0.000139  0.0000022  0.0000020    0.001226    0.000458
1993   9  19  49249  -0.096954   0.349951   0.4519558   0.0023883  -0.026493  -0.006561   0.000179   0.000209  0.0000019  0.0000019    0.001055    0.000396
1993   9  20  49250  -0.097020   0.351668   0.4496753   0.0021861  -0.026771  -0.006313   0.000201   0.000220  0.0000017  0.0000017    0.000884    0.000334
1993   9  21  49251  -0.097295   0.352672   0.4475615   0.0020586  -0.026710  -0.006223   0.000166   0.000177  0.0000015  0.0000015    0.000712    0.000271
1993   9  22  49252  -0.097471   0.353761   0.4455313   0.0020145  -0.025980  -0.006393   0.000138   0.000142  0.0000013  0.0000016    0.000541    0.000209
1993   9  23  49253  -0.097605   0.355064   0.4435099   0.0020344  -0.024658  -0.006610   0.000126   0.000131  0.0000017  0.0000018    0.000822    0.000294
1993   9  24  49254  -0.097598   0.357328   0.4414475   0.0020933  -0.023559  -0.006639   0.000135   0.000153  0.0000023  0.0000020    0.001255    0.000429
1993   9  25  49255  -0.096943   0.359004   0.4393151   0.0021746  -0.023482  -0.006469   0.000175   0.000200  0.0000023  0.0000023    0.001126    0.000376
1993   9  26  49256  -0.096924   0.360939   0.4370953   0.0022676  -0.023945  -0.006274   0.000187   0.000207  0.0000024  0.0000024    0.000993    0.000321
1993   9  27  49257  -0.096531   0.362290   0.4347818   0.0023585  -0.024487  -0.006165   0.000146   0.000154  0.0000025  0.0000025    0.000860    0.000267
1993   9  28  49258  -0.095810   0.364856   0.4323852   0.0024258  -0.024822  -0.006097   0.000127   0.000127  0.0000026  0.0000026    0.000727    0.000213
1993   9  29  49259  -0.095921   0.366550   0.4299414   0.0024439  -0.024505  -0.006039   0.000114   0.000113  0.0000027  0.0000031    0.000727    0.000271
1993   9  30  49260  -0.095957   0.368739   0.4275107   0.0023964  -0.024472  -0.006028   0.000131   0.000118  0.0000037  0.0000023    0.001177    0.000538
1993  10   1  49261  -0.096423   0.370131   0.4251610   0.0023084  -0.024637  -0.006008   0.000114   0.000099  0.0000020  0.0000022    0.000724    0.000339
1993  10   2  49262  -0.095734   0.372180   0.4229034   0.0022272  -0.024735  -0.006149   0.000155   0.000152  0.0000008  0.0000015    0.000388    0.000170
1993  10   3  49263  -0.095194   0.373616   0.4207122   0.0021685  -0.024647  -0.006395   0.000280   0.000262  0.0000010  0.0000010    0.000512    0.000216
1993  10   4  49264  -0.094369   0.375217   0.4185668   0.0021280  -0.024399  -0.006579   0.000288   0.000255  0.0000012  0.0000012    0.000637    0.000262
1993  10   5  49265  -0.094054   0.377595   0.4164505   0.0021092  -0.024136  -0.006706   0.000216   0.000191  0.0000014  0.0000014    0.000761    0.000308
1993  10   6  49266  -0.093020   0.379588   0.4143359   0.0021282  -0.024073  -0.006832   0.000170   0.000161  0.0000016  0.0000017    0.000885    0.000354
1993  10   7  49267  -0.093001   0.381693   0.4121760   0.0022031  -0.024411  -0.006885   0.000158   0.000156  0.0000021  0.0000059    0.001026    0.000379
1993  10   8  49268  -0.092498   0.383156   0.4099084   0.0023130  -0.024387  -0.006809   0.000177   0.000162  0.0000101  0.0000075    0.001944    0.000651
1993  10   9  49269  -0.091590   0.385083   0.4075288   0.0024274  -0.024062  -0.006624   0.000191   0.000195  0.0000130  0.0000099    0.002232    0.000740
1993  10  10  49270  -0.090266   0.386895   0.4050370   0.0025715  -0.023670  -0.006429   0.000196   0.000223  0.0000097  0.0000097    0.001803    0.000610
1993  10  11  49271  -0.088658   0.388715   0.4023786   0.0027785  -0.023404  -0.006314   0.000201   0.000207  0.0000063  0.0000063    0.001374    0.000481
1993  10  12  49272  -0.087406   0.390783   0.3994876   0.0030251  -0.023466  -0.006248   0.000176   0.000168  0.0000029  0.0000040    0.000945    0.000351
1993  10  13  49273  -0.086274   0.393117   0.3963531   0.0032303  -0.023779  -0.006035   0.000147   0.000130  0.0000016  0.0000021    0.000602    0.000233
1993  10  14  49274  -0.084603   0.395506   0.3930649   0.0033086  -0.023948  -0.006069   0.000156   0.000133  0.0000014  0.0000015    0.000690    0.000316
1993  10  15  49275  -0.083947   0.397514   0.3897764   0.0032272  -0.023470  -0.006365   0.000193   0.000181  0.0000013  0.0000013    0.000609    0.000281
1993  10  16  49276  -0.082669   0.399541   0.3866397   0.0030166  -0.022696  -0.006577   0.000251   0.000294  0.0000013  0.0000013    0.000510    0.000220
1993  10  17  49277  -0.082319   0.401407   0.3837513   0.0027516  -0.022268  -0.006423   0.000265   0.000402  0.0000012  0.0000012    0.000511    0.000208
1993  10  18  49278  -0.081398   0.401943   0.3811229   0.0025182  -0.022547  -0.005965   0.000206   0.000321  0.0000012  0.0000012    0.000512    0.000195
1993  10  19  49279  -0.081807   0.403359   0.3786882   0.0023779  -0.023253  -0.005569   0.000140   0.000159  0.0000011  0.0000012    0.000513    0.000183
1993  10  20  49280  -0.080541   0.404091   0.3763396   0.0023470  -0.023760  -0.005725   0.000136   0.000127  0.0000013  0.0000013    0.000542    0.000211
1993  10  21  49281  -0.080100   0.405841   0.3739748   0.0023959  -0.023250  -0.005958   0.000188   0.000165  0.0000015  0.0000016    0.000774    0.000334
1993  10  22  49282  -0.079265   0.407440   0.3715385   0.0024776  -0.022643  -0.006110   0.000277   0.000214  0.0000019  0.0000020    0.000882    0.000376
1993  10  23  49283  -0.079361   0.409570   0.3690178   0.0025616  -0.022431  -0.006083   0.000352   0.000247  0.0000024  0.0000024    0.000894    0.000363
1993  10  24  49284  -0.078589   0.410552   0.3664178   0.0026389  -0.022448  -0.005949   0.000477   0.000318  0.0000029  0.0000029    0.000906    0.000350
1993  10  25  49285  -0.078022   0.411860   0.3637454   0.0027083  -0.022369  -0.005831   0.000445   0.000305  0.0000033  0.0000033    0.000918    0.000337
1993  10  26  49286  -0.077418   0.413587   0.3610097   0.0027609  -0.022078  -0.005710   0.000261   0.000203  0.0000038  0.0000027    0.000930    0.000323
1993  10  27  49287  -0.076285   0.415374   0.3582349   0.0027770  -0.021553  -0.005614   0.000182   0.000162  0.0000021  0.0000028    0.000890    0.000321
1993  10  28  49288  -0.075568   0.417328   0.3554679   0.0027413  -0.021271  -0.005270   0.000146   0.000139  0.0000018  0.0000020    0.001398    0.000314
1993  10  29  49289  -0.075670   0.418881   0.3527630   0.0026560  -0.021306  -0.005098   0.000149   0.000143  0.0000020  0.0000020    0.001489    0.000308
1993  10  30  49290  -0.075128   0.420049   0.3501629   0.0025395  -0.021560  -0.005185   0.000170   0.000184  0.0000023  0.0000023    0.001278    0.000301
1993  10  31  49291  -0.074839   0.420622   0.3476864   0.0024154  -0.021895  -0.005372   0.000220   0.000268  0.0000025  0.0000025    0.001066    0.000295
1993  11   1  49292  -0.074163   0.422157   0.3453290   0.0023047  -0.022156  -0.005510   0.000213   0.000266  0.0000028  0.0000028    0.000855    0.000288
1993  11   2  49293  -0.072496   0.422535   0.3430676   0.0022250  -0.022234  -0.005554   0.000170   0.000170  0.0000031  0.0000023    0.000644    0.000282
1993  11   3  49294  -0.071182   0.423275   0.3408633   0.0021908  -0.021873  -0.005494   0.000151   0.000112  0.0000018  0.0000023    0.000596    0.000256
1993  11   4  49295  -0.068744   0.424269   0.3386655   0.0022110  -0.021782  -0.005467   0.000161   0.000116  0.0000014  0.0000016    0.000540    0.000214
1993  11   5  49296  -0.066955   0.425601   0.3364201   0.0022854  -0.021885  -0.005493   0.000184   0.000136  0.0000014  0.0000014    0.001712    0.000627
1993  11   6  49297  -0.064348   0.427397   0.3340777   0.0024087  -0.021531  -0.005418   0.000249   0.000202  0.0000014  0.0000014    0.002147    0.000779
1993  11   7  49298  -0.062592   0.428979   0.3315940   0.0025759  -0.020735  -0.005233   0.000266   0.000280  0.0000014  0.0000014    0.001615    0.000581
1993  11   8  49299  -0.060311   0.430700   0.3289289   0.0027748  -0.020058  -0.005038   0.000236   0.000266  0.0000014  0.0000014    0.001082    0.000383
1993  11   9  49300  -0.058681   0.432531   0.3260604   0.0029704  -0.019936  -0.004857   0.000228   0.000199  0.0000014  0.0000014    0.000550    0.000186
1993  11  10  49301  -0.056916   0.433653   0.3230160   0.0031022  -0.020935  -0.004743   0.000165   0.000135  0.0000014  0.0000014    0.000476    0.000202
1993  11  11  49302  -0.055077   0.434776   0.3198905   0.0031116  -0.021941  -0.004678   0.000132   0.000143  0.0000014  0.0000014    0.000466    0.000211
1993  11  12  49303  -0.054091   0.436004   0.3168246   0.0029814  -0.022510  -0.004788   0.000172   0.000219  0.0000015  0.0000015    0.000477    0.000219
1993  11  13  49304  -0.052276   0.436638   0.3139462   0.0027538  -0.022408  -0.005016   0.000211   0.000240  0.0000015  0.0000015    0.000487    0.000226
1993  11  14  49305  -0.051163   0.437531   0.3113157   0.0025095  -0.021849  -0.005098   0.000297   0.000333  0.0000016  0.0000016    0.000498    0.000234
1993  11  15  49306  -0.049702   0.438963   0.3089077   0.0023250  -0.021275  -0.004876   0.000282   0.000329  0.0000016  0.0000016    0.000509    0.000241
1993  11  16  49307  -0.048977   0.439522   0.3066375   0.0022366  -0.020797  -0.004523   0.000205   0.000203  0.0000017  0.0000017    0.000519    0.000249
1993  11  17  49308  -0.047759   0.440181   0.3044091   0.0022343  -0.020151  -0.004349   0.000184   0.000175  0.0000017  0.0000017    0.000530    0.000257
1993  11  18  49309  -0.046623   0.441530   0.3021542   0.0022806  -0.019267  -0.004471   0.000125   0.000142  0.0000018  0.0000017    0.000775    0.000348
1993  11  19  49310  -0.046160   0.442792   0.2998444   0.0023398  -0.018427  -0.004706   0.000111   0.000131  0.0000017  0.0000017    0.000835    0.000368
1993  11  20  49311  -0.046132   0.444114   0.2974787   0.0023931  -0.018021  -0.004867   0.000159   0.000156  0.0000017  0.0000017    0.000763    0.000337
1993  11  21  49312  -0.045893   0.445355   0.2950656   0.0024359  -0.018075  -0.004910   0.000203   0.000189  0.0000017  0.0000017    0.000691    0.000307
1993  11  22  49313  -0.044807   0.445851   0.2926155   0.0024666  -0.018333  -0.004871   0.000202   0.000197  0.0000016  0.0000016    0.000618    0.000277
1993  11  23  49314  -0.043760   0.446579   0.2901423   0.0024791  -0.018631  -0.004768   0.000208   0.000174  0.0000016  0.0000016    0.000546    0.000246
1993  11  24  49315  -0.042514   0.447537   0.2876685   0.0024628  -0.018968  -0.004601   0.000175   0.000131  0.0000016  0.0000015    0.000474    0.000216
1993  11  25  49316  -0.041636   0.448504   0.2852273   0.0024077  -0.019305  -0.004396   0.000135   0.000138  0.0000015  0.0000015    0.000448    0.000204
1993  11  26  49317  -0.040864   0.449521   0.2828608   0.0023095  -0.019518  -0.004211   0.000187   0.000231  0.0000014  0.0000014    0.000438    0.000197
1993  11  27  49318  -0.040294   0.450276   0.2806117   0.0021743  -0.019545  -0.004081   0.000251   0.000297  0.0000012  0.0000012    0.000428    0.000191
1993  11  28  49319  -0.039082   0.450935   0.2785104   0.0020220  -0.019454  -0.003990   0.000346   0.000401  0.0000011  0.0000011    0.000419    0.000184
1993  11  29  49320  -0.038472   0.451877   0.2765603   0.0018854  -0.019317  -0.003926   0.000346   0.000422  0.0000010  0.0000010    0.000409    0.000178
1993  11  30  49321  -0.038557   0.451655   0.2747264   0.0018011  -0.019106  -0.003931   0.000200   0.000237  0.0000009  0.0000012    0.000399    0.000172
1993  12   1  49322  -0.036471   0.452626   0.2729393   0.0017946  -0.018648  -0.004013   0.000150   0.000138  0.0000014  0.0000019    0.000484    0.000201
1993  12   2  49323  -0.035714   0.453238   0.2711158   0.0018546  -0.018477  -0.004285   0.000169   0.000150  0.0000028  0.0000023    0.000582    0.000304
1993  12   3  49324  -0.034103   0.454214   0.2692114   0.0019569  -0.018340  -0.004505   0.000185   0.000171  0.0000031  0.0000028    0.000610    0.000325
1993  12   4  49325  -0.032239   0.454853   0.2671920   0.0021014  -0.018253  -0.004545   0.000210   0.000208  0.0000027  0.0000027    0.000603    0.000294
1993  12   5  49326  -0.030459   0.456555   0.2650108   0.0022887  -0.018238  -0.004400   0.000230   0.000233  0.0000023  0.0000023    0.000596    0.000264
1993  12   6  49327  -0.029531   0.457158   0.2626291   0.0024924  -0.018243  -0.004114   0.000201   0.000200  0.0000019  0.0000019    0.000589    0.000233
1993  12   7  49328  -0.027849   0.458307   0.2600501   0.0026588  -0.018313  -0.003748   0.000148   0.000139  0.0000014  0.0000018    0.000582    0.000203
1993  12   8  49329  -0.026786   0.459251   0.2573403   0.0027301  -0.018648  -0.003354   0.000144   0.000119  0.0000017  0.0000020    0.000580    0.000226
1993  12   9  49330  -0.025641   0.460413   0.2546174   0.0026906  -0.018924  -0.003125   0.000152   0.000123  0.0000026  0.0000027    0.000853    0.000280
1993  12  10  49331  -0.024396   0.461322   0.2519784   0.0025762  -0.019001  -0.003139   0.000156   0.000129  0.0000037  0.0000033    0.001216    0.000341
1993  12  11  49332  -0.022260   0.462652   0.2494705   0.0024313  -0.018780  -0.003295   0.000178   0.000148  0.0000041  0.0000038    0.001102    0.000295
1993  12  12  49333  -0.020852   0.462965   0.2471050   0.0022938  -0.018353  -0.003462   0.000219   0.000215  0.0000038  0.0000038    0.000646    0.000172
1993  12  13  49334  -0.020645   0.464231   0.2448596   0.0022035  -0.018022  -0.003595   0.000225   0.000222  0.0000036  0.0000036    0.000557    0.000196
1993  12  14  49335  -0.019439   0.465647   0.2426706   0.0021970  -0.017831  -0.003553   0.000189   0.000148  0.0000033  0.0000027    0.000589    0.000269
1993  12  15  49336  -0.018232   0.467235   0.2404440   0.0022861  -0.017557  -0.003446   0.000142   0.000114  0.0000018  0.0000029    0.000540    0.000222
1993  12  16  49337  -0.017284   0.468449   0.2380887   0.0024259  -0.017365  -0.003275   0.000145   0.000123  0.0000025  0.0000029    0.000752    0.000301
1993  12  17  49338  -0.016018   0.469610   0.2355942   0.0025394  -0.017319  -0.003163   0.000176   0.000135  0.0000040  0.0000033    0.001053    0.000426
1993  12  18  49339  -0.014846   0.470225   0.2330191   0.0025934  -0.017512  -0.003132   0.000207   0.000190  0.0000041  0.0000036    0.000972    0.000378
1993  12  19  49340  -0.013553   0.470756   0.2304191   0.0026101  -0.017823  -0.003137   0.000295   0.000262  0.0000032  0.0000032    0.000619    0.000207
1993  12  20  49341  -0.011731   0.471249   0.2278106   0.0026211  -0.017963  -0.003172   0.000284   0.000231  0.0000022  0.0000022    0.000426    0.000123
1993  12  21  49342  -0.010733   0.471974   0.2251881   0.0026299  -0.017741  -0.003276   0.000172   0.000144  0.0000013  0.0000018    0.000709    0.000294
1993  12  22  49343  -0.007335   0.473126   0.2225613   0.0026100  -0.017736  -0.003308   0.000119   0.000091  0.0000014  0.0000014    0.000544    0.000228
1993  12  23  49344  -0.005368   0.474331   0.2199764   0.0025380  -0.017678  -0.003356   0.000132   0.000100  0.0000015  0.0000015    0.000501    0.000211
1993  12  24  49345  -0.002081   0.475108   0.2174892   0.0024198  -0.017562  -0.003410   0.000202   0.000139  0.0000015  0.0000015    0.000529    0.000226
1993  12  25  49346  -0.000550   0.476076   0.2151353   0.0022826  -0.017438  -0.003423   0.000400   0.000472  0.0000015  0.0000015    0.000557    0.000241
1993  12  26  49347   0.001457   0.477050   0.2129169   0.0021599  -0.017401  -0.003372   0.000736   0.000861  0.0000015  0.0000015    0.000584    0.000257
1993  12  27  49348   0.002590   0.476360   0.2108032   0.0020815  -0.017490  -0.003310   0.000679   0.000815  0.0000016  0.0000016    0.000612    0.000272
1993  12  28  49349   0.003678   0.476442   0.2087366   0.0020704  -0.017582  -0.003326   0.000400   0.000517  0.0000016  0.0000016    0.000640    0.000287
1993  12  29  49350   0.004827   0.476444   0.2066413   0.0021395  -0.017480  -0.003452   0.000256   0.000240  0.0000016  0.0000013    0.000668    0.000303
1993  12  30  49351   0.006624   0.475815   0.2044368   0.0022834  -0.017177  -0.003615   0.000130   0.000113  0.0000011  0.0000013    0.000441    0.000217
1993  12  31  49352   0.008037   0.476216   0.2020606   0.0024713  -0.016778  -0.003653   0.000187   0.000192  0.0000009  0.0000011    0.000364    0.000181
