

                   INTERNATIONAL EARTH ROTATION AND REFERENCE SYSTEMS SERVICE
                        EARTH ORIENTATION PARAMETERS
                          EOP (IERS) 08 C04

  
             FORMAT(3(I4),I7,2(F11.6),2(F12.7),2(F11.6),2(F11.6),2(F11.7),2F12.6)
**********************************************************************************
  
      Date      MJD      x          y        UT1-UTC       LOD         dPsi      dEps       x Err     y Err   UT1-UTC Err  LOD Err    dPsi Err   dEpsilon Err
                         "          "           s           s            "         "        "          "          s           s            "         "
     (0h UTC)

1998   1   1  50814   0.102424   0.174630   0.2181343   0.0015106  -0.040893  -0.004550   0.000108   0.000114  0.0000073  0.0000091    0.000206    0.000087
1998   1   2  50815   0.100036   0.173786   0.2165466   0.0016835  -0.040875  -0.004414   0.000112   0.000118  0.0000076  0.0000084    0.000217    0.000093
1998   1   3  50816   0.097441   0.172937   0.2147705   0.0018493  -0.041006  -0.004306   0.000108   0.000111  0.0000080  0.0000084    0.000227    0.000099
1998   1   4  50817   0.095109   0.172490   0.2128276   0.0020013  -0.041137  -0.004285   0.000119   0.000122  0.0000083  0.0000079    0.000238    0.000105
1998   1   5  50818   0.092746   0.172135   0.2107812   0.0020807  -0.041186  -0.004287   0.000124   0.000128  0.0000087  0.0000099    0.000249    0.000111
1998   1   6  50819   0.090359   0.171816   0.2087202   0.0020402  -0.041205  -0.004257   0.000121   0.000123  0.0000090  0.0000086    0.000260    0.000117
1998   1   7  50820   0.087888   0.171256   0.2067347   0.0019194  -0.041290  -0.004231   0.000121   0.000123  0.0000094  0.0000083    0.000271    0.000123
1998   1   8  50821   0.085392   0.170552   0.2048926   0.0017562  -0.041438  -0.004283   0.000126   0.000129  0.0000090  0.0000109    0.000269    0.000122
1998   1   9  50822   0.082391   0.169742   0.2032214   0.0015785  -0.041524  -0.004398   0.000129   0.000133  0.0000083  0.0000125    0.000264    0.000118
1998   1  10  50823   0.079191   0.169033   0.2017037   0.0014481  -0.041420  -0.004474   0.000128   0.000133  0.0000076  0.0000131    0.000258    0.000114
1998   1  11  50824   0.076103   0.168492   0.2002853   0.0014131  -0.041176  -0.004427   0.000126   0.000131  0.0000070  0.0000112    0.000252    0.000110
1998   1  12  50825   0.072741   0.168409   0.1988948   0.0014242  -0.041002  -0.004285   0.000122   0.000126  0.0000063  0.0000092    0.000246    0.000106
1998   1  13  50826   0.069316   0.168021   0.1974660   0.0014682  -0.041065  -0.004161   0.000118   0.000122  0.0000056  0.0000119    0.000241    0.000102
1998   1  14  50827   0.066508   0.167877   0.1959551   0.0015518  -0.041328  -0.004142   0.000116   0.000119  0.0000083  0.0000145    0.000257    0.000111
1998   1  15  50828   0.063719   0.167628   0.1943480   0.0016233  -0.041616  -0.004243   0.000121   0.000125  0.0000091  0.0000139    0.000259    0.000113
1998   1  16  50829   0.060293   0.167565   0.1926559   0.0016731  -0.041833  -0.004383   0.000125   0.000128  0.0000090  0.0000123    0.000254    0.000112
1998   1  17  50830   0.057049   0.167627   0.1909088   0.0016961  -0.042021  -0.004492   0.000124   0.000125  0.0000089  0.0000103    0.000250    0.000111
1998   1  18  50831   0.054048   0.167610   0.1891460   0.0017291  -0.042186  -0.004565   0.000125   0.000122  0.0000089  0.0000109    0.000246    0.000110
1998   1  19  50832   0.051159   0.168030   0.1874039   0.0017771  -0.042210  -0.004637   0.000130   0.000126  0.0000088  0.0000116    0.000242    0.000109
1998   1  20  50833   0.048192   0.168591   0.1857022   0.0017837  -0.041990  -0.004723   0.000137   0.000136  0.0000087  0.0000120    0.000238    0.000109
1998   1  21  50834   0.044774   0.168454   0.1840348   0.0017361  -0.041602  -0.004775   0.000137   0.000136  0.0000086  0.0000153    0.000234    0.000108
1998   1  22  50835   0.041284   0.168122   0.1823755   0.0016828  -0.040996  -0.004708   0.000133   0.000133  0.0000083  0.0000134    0.000311    0.000418
1998   1  23  50836   0.037821   0.167649   0.1806989   0.0016986  -0.040818  -0.004499   0.000138   0.000140  0.0000080  0.0000128    0.000330    0.000467
1998   1  24  50837   0.034625   0.167333   0.1789980   0.0017196  -0.040957  -0.004246   0.000138   0.000142  0.0000076  0.0000142    0.000316    0.000380
1998   1  25  50838   0.031663   0.166990   0.1772831   0.0017095  -0.041223  -0.004146   0.000148   0.000151  0.0000072  0.0000137    0.000303    0.000292
1998   1  26  50839   0.028478   0.166941   0.1755543   0.0017275  -0.041543  -0.004325   0.000156   0.000155  0.0000068  0.0000116    0.000289    0.000205
1998   1  27  50840   0.025666   0.166942   0.1737728   0.0018163  -0.041762  -0.004690   0.000149   0.000149  0.0000064  0.0000123    0.000275    0.000118
1998   1  28  50841   0.023193   0.167403   0.1718591   0.0020026  -0.041436  -0.004955   0.000146   0.000149  0.0000097  0.0000150    0.000345    0.000151
1998   1  29  50842   0.020284   0.167984   0.1697309   0.0022425  -0.040921  -0.004939   0.000147   0.000151  0.0000091  0.0000147    0.000298    0.000136
1998   1  30  50843   0.017233   0.168613   0.1673784   0.0024418  -0.040418  -0.004689   0.000148   0.000152  0.0000069  0.0000148    0.000207    0.000097
1998   1  31  50844   0.014023   0.169186   0.1648686   0.0025344  -0.040207  -0.004413   0.000152   0.000155  0.0000074  0.0000136    0.000189    0.000083
1998   2   1  50845   0.010888   0.169884   0.1622942   0.0025546  -0.040392  -0.004325   0.000162   0.000165  0.0000080  0.0000120    0.000172    0.000070
1998   2   2  50846   0.007753   0.170412   0.1597347   0.0025350  -0.040831  -0.004400   0.000160   0.000162  0.0000085  0.0000110    0.000154    0.000057
1998   2   3  50847   0.004633   0.171365   0.1572391   0.0024923  -0.041313  -0.004541   0.000153   0.000155  0.0000091  0.0000106    0.000137    0.000043
1998   2   4  50848   0.001342   0.172078   0.1548268   0.0024068  -0.041562  -0.004704   0.000155   0.000161  0.0000096  0.0000093    0.000256    0.000109
1998   2   5  50849  -0.002049   0.172868   0.1524984   0.0023141  -0.041984  -0.004955   0.000162   0.000171  0.0000091  0.0000103    0.000401    0.000155
1998   2   6  50850  -0.005147   0.173473   0.1502468   0.0021925  -0.042239  -0.005120   0.000161   0.000168  0.0000082  0.0000121    0.000399    0.000150
1998   2   7  50851  -0.007866   0.174368   0.1480674   0.0020983  -0.042205  -0.005149   0.000159   0.000162  0.0000072  0.0000128    0.000318    0.000121
1998   2   8  50852  -0.010101   0.174892   0.1459622   0.0020718  -0.041915  -0.005088   0.000135   0.000140  0.0000063  0.0000133    0.000238    0.000093
1998   2   9  50853  -0.012440   0.175333   0.1439349   0.0020097  -0.041499  -0.005023   0.000103   0.000108  0.0000054  0.0000115    0.000157    0.000065
1998   2  10  50854  -0.015009   0.175420   0.1419767   0.0019468  -0.041147  -0.005033   0.000091   0.000096  0.0000045  0.0000104    0.000077    0.000036
1998   2  11  50855  -0.018046   0.175424   0.1400565   0.0019275  -0.041050  -0.005223   0.000091   0.000095  0.0000091  0.0000115    0.000224    0.000099
1998   2  12  50856  -0.020574   0.175725   0.1381266   0.0019565  -0.040865  -0.005326   0.000098   0.000102  0.0000094  0.0000109    0.000248    0.000116
1998   2  13  50857  -0.023226   0.176430   0.1361561   0.0019760  -0.040674  -0.005359   0.000100   0.000104  0.0000082  0.0000123    0.000224    0.000114
1998   2  14  50858  -0.025285   0.176907   0.1341455   0.0019838  -0.040747  -0.005407   0.000101   0.000104  0.0000086  0.0000140    0.000223    0.000108
1998   2  15  50859  -0.026929   0.177409   0.1321204   0.0019963  -0.041034  -0.005464   0.000094   0.000096  0.0000090  0.0000114    0.000223    0.000103
1998   2  16  50860  -0.028626   0.178465   0.1301186   0.0019785  -0.041396  -0.005541   0.000089   0.000091  0.0000094  0.0000086    0.000222    0.000097
1998   2  17  50861  -0.030210   0.179966   0.1281741   0.0019247  -0.041641  -0.005654   0.000091   0.000095  0.0000097  0.0000095    0.000221    0.000091
1998   2  18  50862  -0.032042   0.181351   0.1263032   0.0018523  -0.041709  -0.005812   0.000089   0.000093  0.0000101  0.0000110    0.000221    0.000085
1998   2  19  50863  -0.034633   0.182918   0.1244992   0.0017861  -0.041578  -0.005982   0.000085   0.000088  0.0000099  0.0000101    0.001946    0.000496
1998   2  20  50864  -0.037894   0.183942   0.1227351   0.0017784  -0.041230  -0.006048   0.000080   0.000084  0.0000096  0.0000095    0.003360    0.000836
1998   2  21  50865  -0.041068   0.185207   0.1209726   0.0018032  -0.040632  -0.005932   0.000083   0.000085  0.0000092  0.0000098    0.002604    0.000662
1998   2  22  50866  -0.044820   0.186279   0.1191717   0.0018391  -0.040001  -0.005729   0.000087   0.000089  0.0000089  0.0000098    0.001848    0.000488
1998   2  23  50867  -0.048068   0.186780   0.1172949   0.0019011  -0.039827  -0.005662   0.000089   0.000091  0.0000085  0.0000094    0.001092    0.000314
1998   2  24  50868  -0.050843   0.187818   0.1153078   0.0020317  -0.040306  -0.005847   0.000091   0.000091  0.0000082  0.0000095    0.000335    0.000140
1998   2  25  50869  -0.053529   0.188551   0.1131792   0.0021907  -0.041113  -0.006098   0.000089   0.000088  0.0000078  0.0000079    0.000199    0.000084
1998   2  26  50870  -0.056005   0.189353   0.1108880   0.0023359  -0.041532  -0.006127   0.000088   0.000087  0.0000080  0.0000100    0.000195    0.000077
1998   2  27  50871  -0.057855   0.190132   0.1084362   0.0024918  -0.041480  -0.005869   0.000090   0.000088  0.0000082  0.0000135    0.000195    0.000079
1998   2  28  50872  -0.058809   0.191486   0.1058592   0.0026448  -0.041324  -0.005569   0.000093   0.000090  0.0000085  0.0000131    0.000194    0.000081
1998   3   1  50873  -0.059516   0.193318   0.1032251   0.0026629  -0.041365  -0.005479   0.000092   0.000088  0.0000088  0.0000120    0.000194    0.000083
1998   3   2  50874  -0.060507   0.195012   0.1006201   0.0025908  -0.041570  -0.005602   0.000087   0.000084  0.0000091  0.0000097    0.000193    0.000085
1998   3   3  50875  -0.061946   0.196857   0.0981246   0.0024337  -0.041683  -0.005810   0.000085   0.000082  0.0000093  0.0000092    0.000193    0.000087
1998   3   4  50876  -0.063671   0.198560   0.0957915   0.0022433  -0.041499  -0.006052   0.000088   0.000084  0.0000096  0.0000098    0.000192    0.000089
1998   3   5  50877  -0.065201   0.200550   0.0936358   0.0020883  -0.041061  -0.006332   0.000091   0.000088  0.0000097  0.0000098    0.000196    0.000089
1998   3   6  50878  -0.067097   0.202471   0.0916357   0.0019792  -0.040616  -0.006593   0.000089   0.000086  0.0000097  0.0000093    0.000201    0.000088
1998   3   7  50879  -0.068465   0.204296   0.0897434   0.0019060  -0.040384  -0.006744   0.000090   0.000086  0.0000096  0.0000082    0.000206    0.000088
1998   3   8  50880  -0.070161   0.206507   0.0878986   0.0018446  -0.040353  -0.006777   0.000095   0.000090  0.0000096  0.0000111    0.000211    0.000087
1998   3   9  50881  -0.071671   0.208515   0.0860436   0.0018141  -0.040359  -0.006776   0.000098   0.000090  0.0000096  0.0000128    0.000216    0.000087
1998   3  10  50882  -0.073288   0.210769   0.0841349   0.0018800  -0.040309  -0.006801   0.000100   0.000094  0.0000096  0.0000126    0.000221    0.000086
1998   3  11  50883  -0.074923   0.212645   0.0821511   0.0019892  -0.040230  -0.006816   0.000098   0.000093  0.0000096  0.0000132    0.000226    0.000086
1998   3  12  50884  -0.076194   0.214754   0.0800944   0.0020800  -0.040161  -0.006769   0.000090   0.000086  0.0000063  0.0000127    0.000221    0.000096
1998   3  13  50885  -0.077308   0.216679   0.0779864   0.0021202  -0.040109  -0.006690   0.000092   0.000089  0.0000059  0.0000139    0.000222    0.000099
1998   3  14  50886  -0.078294   0.218966   0.0758584   0.0021287  -0.040093  -0.006676   0.000099   0.000095  0.0000069  0.0000110    0.000226    0.000100
1998   3  15  50887  -0.080026   0.221002   0.0737433   0.0021082  -0.040130  -0.006772   0.000098   0.000094  0.0000079  0.0000076    0.000231    0.000100
1998   3  16  50888  -0.082358   0.222951   0.0716684   0.0020710  -0.040201  -0.006918   0.000092   0.000091  0.0000089  0.0000093    0.000236    0.000101
1998   3  17  50889  -0.084740   0.224382   0.0696513   0.0019962  -0.040292  -0.007040   0.000089   0.000088  0.0000099  0.0000104    0.000240    0.000101
1998   3  18  50890  -0.086949   0.226194   0.0676985   0.0019181  -0.040459  -0.007144   0.000087   0.000085  0.0000109  0.0000108    0.000245    0.000101
1998   3  19  50891  -0.089023   0.227623   0.0658083   0.0018201  -0.040732  -0.007266   0.000087   0.000086  0.0000112  0.0000129    0.000246    0.000101
1998   3  20  50892  -0.090635   0.229363   0.0639769   0.0017620  -0.040924  -0.007357   0.000091   0.000091  0.0000114  0.0000118    0.000245    0.000100
1998   3  21  50893  -0.092769   0.231247   0.0621974   0.0017450  -0.040737  -0.007299   0.000095   0.000094  0.0000115  0.0000106    0.000244    0.000100
1998   3  22  50894  -0.094955   0.232889   0.0604495   0.0017823  -0.040173  -0.007077   0.000092   0.000091  0.0000116  0.0000088    0.000244    0.000099
1998   3  23  50895  -0.096764   0.234107   0.0586842   0.0018478  -0.039680  -0.006895   0.000087   0.000085  0.0000117  0.0000084    0.000243    0.000098
1998   3  24  50896  -0.098128   0.235485   0.0568202   0.0019726  -0.039629  -0.006996   0.000083   0.000080  0.0000119  0.0000090    0.000242    0.000097
1998   3  25  50897  -0.099286   0.237026   0.0547647   0.0021708  -0.039801  -0.007342   0.000080   0.000079  0.0000092  0.0000078    0.000234    0.000077
1998   3  26  50898  -0.100836   0.239073   0.0524586   0.0024156  -0.039674  -0.007631   0.000081   0.000081  0.0000093  0.0000095    0.000265    0.000109
1998   3  27  50899  -0.102229   0.240845   0.0499348   0.0025585  -0.039235  -0.007633   0.000087   0.000086  0.0000100  0.0000108    0.000285    0.000125
1998   3  28  50900  -0.103936   0.242945   0.0473008   0.0025808  -0.038912  -0.007483   0.000090   0.000090  0.0000105  0.0000096    0.000295    0.000129
1998   3  29  50901  -0.105832   0.245168   0.0446884   0.0025442  -0.039086  -0.007434   0.000101   0.000100  0.0000110  0.0000077    0.000305    0.000133
1998   3  30  50902  -0.107868   0.247767   0.0422078   0.0024197  -0.039693  -0.007532   0.000110   0.000105  0.0000116  0.0000098    0.000315    0.000136
1998   3  31  50903  -0.109134   0.249733   0.0399157   0.0022388  -0.040305  -0.007677   0.000107   0.000103  0.0000121  0.0000106    0.000326    0.000140
1998   4   1  50904  -0.109956   0.252218   0.0378116   0.0020724  -0.040495  -0.007862   0.000107   0.000105  0.0000126  0.0000089    0.000336    0.000144
1998   4   2  50905  -0.110429   0.254619   0.0358544   0.0019393  -0.040125  -0.008161   0.000109   0.000107  0.0000122  0.0000095    0.000327    0.000141
1998   4   3  50906  -0.111015   0.257191   0.0339876   0.0018278  -0.039571  -0.008516   0.000108   0.000106  0.0000115  0.0000090    0.000311    0.000135
1998   4   4  50907  -0.111868   0.259347   0.0321591   0.0018060  -0.039355  -0.008739   0.000105   0.000104  0.0000107  0.0000083    0.000287    0.000124
1998   4   5  50908  -0.112873   0.261746   0.0303308   0.0018288  -0.039513  -0.008741   0.000099   0.000097  0.0000100  0.0000099    0.000263    0.000112
1998   4   6  50909  -0.113836   0.263593   0.0284808   0.0018500  -0.039694  -0.008593   0.000093   0.000092  0.0000092  0.0000112    0.000239    0.000100
1998   4   7  50910  -0.114147   0.265619   0.0265994   0.0018778  -0.039563  -0.008406   0.000091   0.000091  0.0000085  0.0000106    0.000216    0.000088
1998   4   8  50911  -0.114125   0.268346   0.0246845   0.0019295  -0.039156  -0.008198   0.000088   0.000088  0.0000077  0.0000100    0.000192    0.000076
1998   4   9  50912  -0.114002   0.270977   0.0227380   0.0019595  -0.038720  -0.007935   0.000085   0.000088  0.0000071  0.0000098    0.000214    0.000088
1998   4  10  50913  -0.113823   0.273820   0.0207657   0.0019554  -0.038500  -0.007665   0.000089   0.000092  0.0000075  0.0000097    0.000232    0.000094
1998   4  11  50914  -0.113714   0.276635   0.0187842   0.0019628  -0.038515  -0.007519   0.000093   0.000093  0.0000083  0.0000089    0.000243    0.000095
1998   4  12  50915  -0.113730   0.279715   0.0168202   0.0019698  -0.038684  -0.007579   0.000096   0.000094  0.0000090  0.0000077    0.000254    0.000096
1998   4  13  50916  -0.114130   0.282324   0.0149016   0.0019057  -0.038939  -0.007777   0.000095   0.000096  0.0000098  0.0000090    0.000265    0.000096
1998   4  14  50917  -0.114669   0.285075   0.0130468   0.0018374  -0.039223  -0.007982   0.000092   0.000093  0.0000105  0.0000099    0.000276    0.000097
1998   4  15  50918  -0.114954   0.287646   0.0112588   0.0017759  -0.039655  -0.008163   0.000090   0.000091  0.0000110  0.0000090    0.000256    0.000097
1998   4  16  50919  -0.114891   0.290173   0.0095260   0.0017001  -0.039747  -0.008312   0.000081   0.000082  0.0000069  0.0000082    0.000142    0.000055
1998   4  17  50920  -0.114681   0.292875   0.0078373   0.0016568  -0.039708  -0.008502   0.000083   0.000083  0.0000056  0.0000090    0.000193    0.000046
1998   4  18  50921  -0.113892   0.295717   0.0061697   0.0016674  -0.039432  -0.008642   0.000091   0.000089  0.0000064  0.0000086    0.000337    0.000060
1998   4  19  50922  -0.113642   0.298734   0.0044786   0.0017311  -0.038859  -0.008616   0.000083   0.000082  0.0000073  0.0000057    0.000482    0.000074
1998   4  20  50923  -0.113712   0.301401   0.0027049   0.0018485  -0.038300  -0.008463   0.000075   0.000075  0.0000081  0.0000064    0.000627    0.000088
1998   4  21  50924  -0.113621   0.304136   0.0007911   0.0019986  -0.038149  -0.008338   0.000076   0.000076  0.0000090  0.0000091    0.000771    0.000102
1998   4  22  50925  -0.113783   0.306927  -0.0013014   0.0021776  -0.038457  -0.008320   0.000075   0.000074  0.0000098  0.0000078    0.000365    0.000119
1998   4  23  50926  -0.113747   0.309821  -0.0035791   0.0023738  -0.038842  -0.008229   0.000072   0.000071  0.0000064  0.0000065    0.000220    0.000102
1998   4  24  50927  -0.113629   0.312798  -0.0060082   0.0025341  -0.039042  -0.008047   0.000075   0.000076  0.0000057  0.0000070    0.000219    0.000095
1998   4  25  50928  -0.113572   0.315291  -0.0085159   0.0025778  -0.039178  -0.007893   0.000076   0.000079  0.0000065  0.0000085    0.000239    0.000097
1998   4  26  50929  -0.113196   0.317032  -0.0110052   0.0024829  -0.039468  -0.007931   0.000073   0.000074  0.0000074  0.0000103    0.000258    0.000099
1998   4  27  50930  -0.112700   0.319200  -0.0133839   0.0022781  -0.039908  -0.008130   0.000069   0.000070  0.0000082  0.0000095    0.000278    0.000101
1998   4  28  50931  -0.112644   0.321331  -0.0155966   0.0020545  -0.040261  -0.008309   0.000067   0.000068  0.0000091  0.0000088    0.000298    0.000103
1998   4  29  50932  -0.113032   0.323867  -0.0176417   0.0018848  -0.040267  -0.008416   0.000068   0.000067  0.0000099  0.0000088    0.000318    0.000105
1998   4  30  50933  -0.113386   0.326158  -0.0195589   0.0018112  -0.039897  -0.008565   0.000068   0.000067  0.0000100  0.0000088    0.000324    0.000108
1998   5   1  50934  -0.113328   0.328268  -0.0213982   0.0017993  -0.039444  -0.008815   0.000067   0.000067  0.0000099  0.0000090    0.000325    0.000111
1998   5   2  50935  -0.113506   0.330281  -0.0231926   0.0017966  -0.039332  -0.009038   0.000071   0.000070  0.0000097  0.0000098    0.000326    0.000114
1998   5   3  50936  -0.113574   0.332171  -0.0249549   0.0017859  -0.039641  -0.009087   0.000071   0.000071  0.0000096  0.0000102    0.000327    0.000118
1998   5   4  50937  -0.114061   0.334312  -0.0266938   0.0017563  -0.039971  -0.008971   0.000071   0.000072  0.0000094  0.0000093    0.000329    0.000121
1998   5   5  50938  -0.114154   0.336429  -0.0284323   0.0017593  -0.039907  -0.008810   0.000071   0.000072  0.0000093  0.0000087    0.000330    0.000124
1998   5   6  50939  -0.114556   0.338962  -0.0302072   0.0018121  -0.039396  -0.008680   0.000067   0.000067  0.0000086  0.0000073    0.000245    0.000093
1998   5   7  50940  -0.114540   0.341271  -0.0320472   0.0018524  -0.039152  -0.008568   0.000065   0.000066  0.0000057  0.0000088    0.000210    0.000089
1998   5   8  50941  -0.114525   0.343452  -0.0339303   0.0018337  -0.039244  -0.008458   0.000066   0.000069  0.0000054  0.0000106    0.000204    0.000091
1998   5   9  50942  -0.114283   0.345468  -0.0358018   0.0017994  -0.039563  -0.008398   0.000068   0.000070  0.0000062  0.0000092    0.000203    0.000094
1998   5  10  50943  -0.114041   0.347476  -0.0376067   0.0017529  -0.039882  -0.008445   0.000073   0.000075  0.0000071  0.0000090    0.000202    0.000096
1998   5  11  50944  -0.113302   0.349511  -0.0393083   0.0016743  -0.040052  -0.008572   0.000077   0.000078  0.0000080  0.0000081    0.000201    0.000098
1998   5  12  50945  -0.112904   0.351607  -0.0408960   0.0015899  -0.040068  -0.008683   0.000078   0.000078  0.0000089  0.0000095    0.000199    0.000101
1998   5  13  50946  -0.112413   0.353719  -0.0423837   0.0014914  -0.039986  -0.008716   0.000075   0.000075  0.0000097  0.0000100    0.000198    0.000103
1998   5  14  50947  -0.112033   0.356010  -0.0438062   0.0014236  -0.039887  -0.008689   0.000072   0.000072  0.0000098  0.0000093    0.000199    0.000102
1998   5  15  50948  -0.111476   0.357817  -0.0452146   0.0014082  -0.039846  -0.008656   0.000073   0.000073  0.0000096  0.0000093    0.000199    0.000099
1998   5  16  50949  -0.110954   0.359731  -0.0466702   0.0014904  -0.039857  -0.008629   0.000072   0.000071  0.0000094  0.0000064    0.000200    0.000097
1998   5  17  50950  -0.110619   0.361444  -0.0482341   0.0016342  -0.039793  -0.008580   0.000072   0.000071  0.0000093  0.0000070    0.000201    0.000094
1998   5  18  50951  -0.110473   0.363302  -0.0499550   0.0017990  -0.039554  -0.008501   0.000074   0.000073  0.0000091  0.0000086    0.000202    0.000092
1998   5  19  50952  -0.110078   0.364996  -0.0518603   0.0019965  -0.039226  -0.008421   0.000074   0.000075  0.0000089  0.0000073    0.000203    0.000089
1998   5  20  50953  -0.109944   0.367014  -0.0539513   0.0021678  -0.039011  -0.008357   0.000071   0.000072  0.0000087  0.0000070    0.000204    0.000086
1998   5  21  50954  -0.110118   0.369315  -0.0562019   0.0022965  -0.039031  -0.008312   0.000069   0.000070  0.0000063  0.0000082    0.000187    0.000089
1998   5  22  50955  -0.109610   0.371764  -0.0585586   0.0023842  -0.039323  -0.008271   0.000071   0.000073  0.0000060  0.0000096    0.000186    0.000091
1998   5  23  50956  -0.109253   0.374657  -0.0609413   0.0023738  -0.039827  -0.008332   0.000076   0.000077  0.0000068  0.0000097    0.000193    0.000092
1998   5  24  50957  -0.108751   0.377328  -0.0632551   0.0022623  -0.040431  -0.008551   0.000073   0.000074  0.0000075  0.0000084    0.000200    0.000093
1998   5  25  50958  -0.108132   0.379944  -0.0654122   0.0020594  -0.040978  -0.008789   0.000068   0.000069  0.0000082  0.0000073    0.000207    0.000094
1998   5  26  50959  -0.107536   0.382268  -0.0673562   0.0018169  -0.041294  -0.008823   0.000066   0.000069  0.0000090  0.0000068    0.000214    0.000095
1998   5  27  50960  -0.107375   0.384645  -0.0690768   0.0016083  -0.041262  -0.008607   0.000066   0.000068  0.0000097  0.0000074    0.000221    0.000096
1998   5  28  50961  -0.107450   0.386508  -0.0706071   0.0014534  -0.040924  -0.008347   0.000067   0.000069  0.0000098  0.0000078    0.000224    0.000097
1998   5  29  50962  -0.107304   0.387981  -0.0720056   0.0013527  -0.040545  -0.008260   0.000068   0.000071  0.0000096  0.0000077    0.000226    0.000099
1998   5  30  50963  -0.106512   0.389409  -0.0733339   0.0013254  -0.040479  -0.008357   0.000069   0.000071  0.0000094  0.0000081    0.000228    0.000100
1998   5  31  50964  -0.105860   0.391492  -0.0746390   0.0013273  -0.040822  -0.008490   0.000072   0.000072  0.0000093  0.0000077    0.000230    0.000102
1998   6   1  50965  -0.105288   0.393630  -0.0759468   0.0013142  -0.041265  -0.008552   0.000076   0.000075  0.0000091  0.0000065    0.000233    0.000104
1998   6   2  50966  -0.104810   0.395687  -0.0772637   0.0013050  -0.041404  -0.008561   0.000077   0.000076  0.0000089  0.0000064    0.000235    0.000105
1998   6   3  50967  -0.104314   0.397580  -0.0785818   0.0013067  -0.041177  -0.008572   0.000073   0.000073  0.0000088  0.0000068    0.000237    0.000107
1998   6   4  50968  -0.104637   0.399299  -0.0798825   0.0012904  -0.040889  -0.008584   0.000074   0.000074  0.0000089  0.0000065    0.000232    0.000106
1998   6   5  50969  -0.104770   0.400810  -0.0811403   0.0012495  -0.040836  -0.008541   0.000079   0.000079  0.0000091  0.0000070    0.000226    0.000104
1998   6   6  50970  -0.104632   0.402468  -0.0823265   0.0011515  -0.041042  -0.008419   0.000081   0.000079  0.0000092  0.0000060    0.000219    0.000102
1998   6   7  50971  -0.104146   0.403880  -0.0834154   0.0010332  -0.041354  -0.008260   0.000077   0.000077  0.0000094  0.0000051    0.000213    0.000101
1998   6   8  50972  -0.103623   0.405689  -0.0843913   0.0009064  -0.041659  -0.008144   0.000072   0.000074  0.0000096  0.0000055    0.000207    0.000099
1998   6   9  50973  -0.103043   0.407167  -0.0852558   0.0007986  -0.041910  -0.008123   0.000070   0.000072  0.0000098  0.0000051    0.000200    0.000097
1998   6  10  50974  -0.102203   0.408846  -0.0860288   0.0007335  -0.042058  -0.008190   0.000071   0.000072  0.0000100  0.0000051    0.000194    0.000095
1998   6  11  50975  -0.101205   0.410481  -0.0867454   0.0006819  -0.042084  -0.008300   0.000070   0.000071  0.0000101  0.0000057    0.000194    0.000097
1998   6  12  50976  -0.100426   0.412135  -0.0874463   0.0006764  -0.042074  -0.008400   0.000070   0.000071  0.0000101  0.0000065    0.000197    0.000099
1998   6  13  50977  -0.100034   0.413423  -0.0881683   0.0007476  -0.042153  -0.008459   0.000071   0.000072  0.0000101  0.0000065    0.000199    0.000102
1998   6  14  50978  -0.099490   0.414612  -0.0889379   0.0008297  -0.042315  -0.008475   0.000072   0.000072  0.0000101  0.0000053    0.000202    0.000104
1998   6  15  50979  -0.098326   0.415669  -0.0897700   0.0008813  -0.042396  -0.008441   0.000071   0.000072  0.0000101  0.0000060    0.000205    0.000106
1998   6  16  50980  -0.097027   0.417280  -0.0906698   0.0009337  -0.042295  -0.008321   0.000070   0.000069  0.0000101  0.0000080    0.000207    0.000109
1998   6  17  50981  -0.095388   0.418619  -0.0916315   0.0009891  -0.042022  -0.008122   0.000068   0.000067  0.0000090  0.0000079    0.000205    0.000095
1998   6  18  50982  -0.093560   0.420456  -0.0926334   0.0010025  -0.042312  -0.007705   0.000066   0.000066  0.0000061  0.0000076    0.000159    0.000064
1998   6  19  50983  -0.091760   0.422065  -0.0936277   0.0009662  -0.042964  -0.007432   0.000068   0.000068  0.0000059  0.0000077    0.000164    0.000111
1998   6  20  50984  -0.089753   0.423660  -0.0945547   0.0008777  -0.043860  -0.007481   0.000070   0.000070  0.0000069  0.0000077    0.000193    0.000190
1998   6  21  50985  -0.088091   0.425050  -0.0953645   0.0007459  -0.044734  -0.007853   0.000073   0.000073  0.0000080  0.0000080    0.000222    0.000268
1998   6  22  50986  -0.086376   0.426182  -0.0960330   0.0006108  -0.045263  -0.008338   0.000075   0.000077  0.0000091  0.0000077    0.000251    0.000347
1998   6  23  50987  -0.084721   0.427471  -0.0965694   0.0004790  -0.045301  -0.008619   0.000075   0.000076  0.0000101  0.0000062    0.000280    0.000425
1998   6  24  50988  -0.082754   0.428914  -0.0970100   0.0004008  -0.044811  -0.008530   0.000074   0.000074  0.0000112  0.0000060    0.000252    0.000169
1998   6  25  50989  -0.081207   0.430640  -0.0974021   0.0003814  -0.044308  -0.008154   0.000070   0.000070  0.0000075  0.0000071    0.000136    0.000062
1998   6  26  50990  -0.079832   0.432083  -0.0977889   0.0003979  -0.043717  -0.007919   0.000072   0.000073  0.0000078  0.0000077    0.000158    0.000080
1998   6  27  50991  -0.078225   0.433318  -0.0982041   0.0004417  -0.043294  -0.007965   0.000078   0.000080  0.0000107  0.0000075    0.000260    0.000134
1998   6  28  50992  -0.076273   0.434453  -0.0986707   0.0005007  -0.043273  -0.008176   0.000074   0.000075  0.0000136  0.0000066    0.000361    0.000188
1998   6  29  50993  -0.073773   0.435648  -0.0991992   0.0005510  -0.043629  -0.008377   0.000069   0.000070  0.0000165  0.0000064    0.000463    0.000242
1998   6  30  50994  -0.071110   0.437050  -0.0997853   0.0005938  -0.044219  -0.008464   0.000069   0.000071  0.0000194  0.0000068    0.000565    0.000296
1998   7   1  50995  -0.068273   0.438808  -0.1004071   0.0006234  -0.044852  -0.008416   0.000070   0.000072  0.0000124  0.0000079    0.000334    0.000148
1998   7   2  50996  -0.065504   0.440752  -0.1010270   0.0006034  -0.045836  -0.008261   0.000071   0.000071  0.0000078  0.0000082    0.000295    0.000108
1998   7   3  50997  -0.063051   0.442157  -0.1016035   0.0005259  -0.046671  -0.008049   0.000073   0.000073  0.0000074  0.0000080    0.000297    0.000108
1998   7   4  50998  -0.060353   0.443783  -0.1020998   0.0004333  -0.047258  -0.007764   0.000076   0.000077  0.0000080  0.0000066    0.000281    0.000105
1998   7   5  50999  -0.058120   0.445458  -0.1024894   0.0003383  -0.047562  -0.007451   0.000082   0.000082  0.0000085  0.0000064    0.000265    0.000101
1998   7   6  51000  -0.055281   0.447285  -0.1027600   0.0002387  -0.047555  -0.007242   0.000087   0.000088  0.0000091  0.0000077    0.000249    0.000098
1998   7   7  51001  -0.052933   0.448887  -0.1029164   0.0001235  -0.047299  -0.007271   0.000085   0.000085  0.0000096  0.0000095    0.000234    0.000095
1998   7   8  51002  -0.050208   0.449999  -0.1029841   0.0000438  -0.046912  -0.007559   0.000079   0.000078  0.0000102  0.0000105    0.000218    0.000091
1998   7   9  51003  -0.047864   0.451189  -0.1030125   0.0000159  -0.046589  -0.007966   0.000081   0.000080  0.0000103  0.0000088    0.000209    0.000091
1998   7  10  51004  -0.045137   0.452422  -0.1030703   0.0000860  -0.046488  -0.008267   0.000082   0.000082  0.0000103  0.0000088    0.000202    0.000091
1998   7  11  51005  -0.042817   0.454335  -0.1032309   0.0002446  -0.046722  -0.008313   0.000079   0.000079  0.0000102  0.0000091    0.000195    0.000091
1998   7  12  51006  -0.040172   0.456077  -0.1035495   0.0004149  -0.047236  -0.008128   0.000075   0.000075  0.0000102  0.0000093    0.000189    0.000092
1998   7  13  51007  -0.037752   0.457694  -0.1040440   0.0005824  -0.047782  -0.007863   0.000069   0.000070  0.0000101  0.0000102    0.000182    0.000092
1998   7  14  51008  -0.035464   0.459147  -0.1046889   0.0006958  -0.048069  -0.007664   0.000068   0.000068  0.0000101  0.0000096    0.000178    0.000093
1998   7  15  51009  -0.032936   0.460498  -0.1054240   0.0007479  -0.047787  -0.007497   0.000069   0.000069  0.0000099  0.0000095    0.000226    0.000096
1998   7  16  51010  -0.030859   0.461641  -0.1061737   0.0007323  -0.047719  -0.007573   0.000068   0.000068  0.0000075  0.0000098    0.000197    0.000073
1998   7  17  51011  -0.028651   0.462490  -0.1068704   0.0006358  -0.047635  -0.007761   0.000069   0.000070  0.0000078  0.0000082    0.000216    0.000087
1998   7  18  51012  -0.026596   0.463311  -0.1074585   0.0005043  -0.047749  -0.008057   0.000069   0.000071  0.0000095  0.0000077    0.000262    0.000119
1998   7  19  51013  -0.024583   0.464178  -0.1078992   0.0003671  -0.048147  -0.008442   0.000068   0.000069  0.0000112  0.0000081    0.000309    0.000151
1998   7  20  51014  -0.022524   0.465068  -0.1081825   0.0002334  -0.048635  -0.008768   0.000067   0.000067  0.0000129  0.0000091    0.000356    0.000183
1998   7  21  51015  -0.020594   0.465934  -0.1083355   0.0001307  -0.048981  -0.008835   0.000067   0.000069  0.0000147  0.0000090    0.000402    0.000215
1998   7  22  51016  -0.018702   0.466814  -0.1084201   0.0000911  -0.049212  -0.008479   0.000067   0.000069  0.0000163  0.0000078    0.000373    0.000149
1998   7  23  51017  -0.016592   0.467692  -0.1085153   0.0001182  -0.049136  -0.007956   0.000071   0.000072  0.0000160  0.0000080    0.000347    0.000122
1998   7  24  51018  -0.014301   0.468502  -0.1086863   0.0001992  -0.048934  -0.007477   0.000070   0.000072  0.0000149  0.0000081    0.000328    0.000116
1998   7  25  51019  -0.011944   0.469146  -0.1089629   0.0003260  -0.048780  -0.007205   0.000067   0.000069  0.0000139  0.0000067    0.000309    0.000109
1998   7  26  51020  -0.009385   0.469834  -0.1093374   0.0004341  -0.048757  -0.007184   0.000071   0.000073  0.0000129  0.0000065    0.000289    0.000102
1998   7  27  51021  -0.006619   0.470978  -0.1097781   0.0004798  -0.048909  -0.007350   0.000075   0.000077  0.0000119  0.0000085    0.000270    0.000096
1998   7  28  51022  -0.004223   0.472086  -0.1102492   0.0004690  -0.049223  -0.007631   0.000074   0.000076  0.0000109  0.0000082    0.000251    0.000089
1998   7  29  51023  -0.001812   0.473235  -0.1107246   0.0004550  -0.049598  -0.007969   0.000072   0.000074  0.0000099  0.0000070    0.000231    0.000083
1998   7  30  51024   0.000302   0.474381  -0.1111927   0.0004744  -0.049956  -0.008279   0.000070   0.000072  0.0000078  0.0000081    0.000277    0.000125
1998   7  31  51025   0.002021   0.475625  -0.1116506   0.0004743  -0.050185  -0.008480   0.000075   0.000077  0.0000077  0.0000092    0.000293    0.000136
1998   8   1  51026   0.003865   0.476509  -0.1120940   0.0004492  -0.050422  -0.008475   0.000077   0.000079  0.0000083  0.0000094    0.000290    0.000129
1998   8   2  51027   0.005994   0.477179  -0.1125126   0.0003899  -0.050799  -0.008245   0.000081   0.000082  0.0000089  0.0000088    0.000287    0.000122
1998   8   3  51028   0.007738   0.477480  -0.1128952   0.0003378  -0.051247  -0.007898   0.000085   0.000087  0.0000095  0.0000082    0.000283    0.000115
1998   8   4  51029   0.009745   0.477687  -0.1132389   0.0003136  -0.051554  -0.007620   0.000086   0.000088  0.0000101  0.0000084    0.000280    0.000108
1998   8   5  51030   0.011900   0.478249  -0.1135584   0.0003235  -0.051587  -0.007555   0.000087   0.000087  0.0000108  0.0000084    0.000277    0.000101
1998   8   6  51031   0.014240   0.478444  -0.1138902   0.0003602  -0.051435  -0.007696   0.000092   0.000093  0.0000102  0.0000079    0.000252    0.000092
1998   8   7  51032   0.016175   0.478774  -0.1142887   0.0004457  -0.051293  -0.007875   0.000095   0.000097  0.0000093  0.0000085    0.000220    0.000081
1998   8   8  51033   0.017787   0.478798  -0.1148109   0.0005898  -0.051293  -0.007908   0.000092   0.000094  0.0000084  0.0000093    0.000187    0.000071
1998   8   9  51034   0.019845   0.478429  -0.1154960   0.0007747  -0.051453  -0.007759   0.000093   0.000094  0.0000074  0.0000083    0.000154    0.000061
1998   8  10  51035   0.022283   0.478485  -0.1163452   0.0009285  -0.051733  -0.007581   0.000092   0.000094  0.0000065  0.0000084    0.000122    0.000050
1998   8  11  51036   0.024663   0.478635  -0.1173138   0.0009914  -0.052049  -0.007554   0.000083   0.000086  0.0000056  0.0000096    0.000089    0.000040
1998   8  12  51037   0.027589   0.478633  -0.1183199   0.0009958  -0.052300  -0.007715   0.000079   0.000082  0.0000092  0.0000101    0.000213    0.000070
1998   8  13  51038   0.030540   0.478748  -0.1192682   0.0009200  -0.052275  -0.007896   0.000085   0.000087  0.0000103  0.0000109    0.000250    0.000078
1998   8  14  51039   0.033343   0.478510  -0.1200802   0.0007600  -0.052037  -0.007977   0.000087   0.000089  0.0000104  0.0000110    0.000253    0.000078
1998   8  15  51040   0.035514   0.478505  -0.1207171   0.0005587  -0.051825  -0.007974   0.000087   0.000089  0.0000105  0.0000101    0.000257    0.000077
1998   8  16  51041   0.037214   0.478219  -0.1211843   0.0003819  -0.051879  -0.007993   0.000086   0.000089  0.0000106  0.0000094    0.000260    0.000077
1998   8  17  51042   0.039369   0.477753  -0.1215223   0.0002866  -0.052234  -0.008098   0.000085   0.000088  0.0000106  0.0000090    0.000264    0.000076
1998   8  18  51043   0.041652   0.477365  -0.1217866   0.0002358  -0.052694  -0.008259   0.000086   0.000088  0.0000107  0.0000088    0.000267    0.000076
1998   8  19  51044   0.043892   0.477281  -0.1220298   0.0001978  -0.053101  -0.008423   0.000087   0.000087  0.0000108  0.0000103    0.000275    0.000096
1998   8  20  51045   0.046147   0.477341  -0.1222906   0.0002121  -0.053203  -0.008485   0.000090   0.000089  0.0000107  0.0000099    0.000275    0.000102
1998   8  21  51046   0.048322   0.477476  -0.1225925   0.0003144  -0.053105  -0.008435   0.000091   0.000091  0.0000106  0.0000085    0.000273    0.000103
1998   8  22  51047   0.050332   0.477177  -0.1229489   0.0004283  -0.052924  -0.008288   0.000091   0.000091  0.0000105  0.0000097    0.000271    0.000104
1998   8  23  51048   0.052236   0.476716  -0.1233694   0.0004882  -0.052720  -0.008082   0.000094   0.000093  0.0000104  0.0000112    0.000268    0.000104
1998   8  24  51049   0.054141   0.476613  -0.1238620   0.0005459  -0.052567  -0.007894   0.000098   0.000096  0.0000103  0.0000094    0.000266    0.000105
1998   8  25  51050   0.056047   0.476615  -0.1244294   0.0005996  -0.052540  -0.007812   0.000093   0.000093  0.0000102  0.0000088    0.000263    0.000106
1998   8  26  51051   0.058208   0.476661  -0.1250616   0.0006644  -0.052503  -0.007872   0.000086   0.000087  0.0000107  0.0000088    0.000252    0.000083
1998   8  27  51052   0.060377   0.476586  -0.1257312   0.0006535  -0.052632  -0.008005   0.000091   0.000094  0.0000087  0.0000084    0.000239    0.000087
1998   8  28  51053   0.063026   0.476539  -0.1263947   0.0005792  -0.052601  -0.008108   0.000093   0.000096  0.0000082  0.0000120    0.000238    0.000091
1998   8  29  51054   0.065559   0.476380  -0.1270163   0.0005247  -0.052585  -0.008113   0.000094   0.000093  0.0000085  0.0000147    0.000240    0.000091
1998   8  30  51055   0.067535   0.476579  -0.1275867   0.0005575  -0.052842  -0.008014   0.000092   0.000090  0.0000089  0.0000128    0.000243    0.000092
1998   8  31  51056   0.069506   0.476188  -0.1281246   0.0005890  -0.053280  -0.007859   0.000088   0.000086  0.0000093  0.0000094    0.000246    0.000093
1998   9   1  51057   0.071099   0.475846  -0.1286658   0.0006094  -0.053534  -0.007727   0.000089   0.000087  0.0000097  0.0000113    0.000249    0.000094
1998   9   2  51058   0.072867   0.475012  -0.1292507   0.0006586  -0.053376  -0.007709   0.000086   0.000085  0.0000100  0.0000133    0.000251    0.000095
1998   9   3  51059   0.074710   0.473719  -0.1299196   0.0007357  -0.052979  -0.007852   0.000084   0.000083  0.0000099  0.0000124    0.000248    0.000093
1998   9   4  51060   0.077034   0.472380  -0.1307121   0.0008593  -0.052650  -0.008069   0.000086   0.000084  0.0000097  0.0000117    0.000243    0.000089
1998   9   5  51061   0.079792   0.471216  -0.1316660   0.0010541  -0.052490  -0.008163   0.000084   0.000082  0.0000094  0.0000105    0.000238    0.000086
1998   9   6  51062   0.082456   0.470298  -0.1328046   0.0012430  -0.052423  -0.008004   0.000087   0.000085  0.0000091  0.0000119    0.000232    0.000082
1998   9   7  51063   0.084926   0.469242  -0.1341198   0.0013878  -0.052451  -0.007701   0.000092   0.000089  0.0000089  0.0000144    0.000227    0.000079
1998   9   8  51064   0.087242   0.468500  -0.1355597   0.0014604  -0.052686  -0.007501   0.000097   0.000093  0.0000086  0.0000133    0.000222    0.000075
1998   9   9  51065   0.089364   0.467973  -0.1370350   0.0014422  -0.053159  -0.007518   0.000095   0.000090  0.0000084  0.0000130    0.000216    0.000072
1998   9  10  51066   0.091378   0.467249  -0.1384423   0.0013288  -0.053723  -0.007639   0.000092   0.000087  0.0000086  0.0000114    0.000220    0.000073
1998   9  11  51067   0.093193   0.466815  -0.1396965   0.0011493  -0.054149  -0.007716   0.000096   0.000091  0.0000090  0.0000090    0.000226    0.000077
1998   9  12  51068   0.094917   0.466240  -0.1407557   0.0009623  -0.054299  -0.007749   0.000100   0.000095  0.0000094  0.0000101    0.000232    0.000080
1998   9  13  51069   0.096750   0.465939  -0.1416303   0.0007907  -0.054213  -0.007822   0.000097   0.000091  0.0000099  0.0000104    0.000239    0.000083
1998   9  14  51070   0.098955   0.465299  -0.1423744   0.0006910  -0.054040  -0.007946   0.000094   0.000089  0.0000103  0.0000113    0.000245    0.000087
1998   9  15  51071   0.101731   0.465152  -0.1430620   0.0006999  -0.053864  -0.008057   0.000094   0.000090  0.0000107  0.0000101    0.000251    0.000090
1998   9  16  51072   0.104166   0.464857  -0.1437595   0.0007637  -0.053625  -0.008109   0.000092   0.000089  0.0000111  0.0000092    0.000258    0.000093
1998   9  17  51073   0.106430   0.464497  -0.1445049   0.0008307  -0.053254  -0.008106   0.000093   0.000089  0.0000108  0.0000097    0.000336    0.000139
1998   9  18  51074   0.107906   0.464030  -0.1453070   0.0009057  -0.052844  -0.008046   0.000095   0.000091  0.0000103  0.0000080    0.000397    0.000176
1998   9  19  51075   0.109179   0.462759  -0.1461665   0.0010053  -0.052563  -0.007889   0.000095   0.000091  0.0000098  0.0000090    0.000360    0.000156
1998   9  20  51076   0.110427   0.461268  -0.1471019   0.0011045  -0.052497  -0.007626   0.000093   0.000090  0.0000093  0.0000099    0.000323    0.000136
1998   9  21  51077   0.112006   0.459620  -0.1481564   0.0011464  -0.052631  -0.007350   0.000088   0.000089  0.0000088  0.0000093    0.000286    0.000116
1998   9  22  51078   0.113824   0.458231  -0.1493658   0.0011347  -0.052870  -0.007206   0.000085   0.000087  0.0000083  0.0000103    0.000250    0.000096
1998   9  23  51079   0.115798   0.456628  -0.1507047   0.0010592  -0.053034  -0.007251   0.000083   0.000084  0.0000078  0.0000116    0.000213    0.000076
1998   9  24  51080   0.117547   0.455215  -0.1520598   0.0010081  -0.052923  -0.007390   0.000084   0.000084  0.0000076  0.0000102    0.000204    0.000070
1998   9  25  51081   0.119165   0.453886  -0.1532734   0.0009565  -0.052517  -0.007488   0.000088   0.000088  0.0000075  0.0000072    0.000204    0.000070
1998   9  26  51082   0.120265   0.452728  -0.1542392   0.0009176  -0.052093  -0.007501   0.000092   0.000093  0.0000074  0.0000076    0.000205    0.000070
1998   9  27  51083   0.121234   0.451414  -0.1549771   0.0008793  -0.052002  -0.007476   0.000095   0.000095  0.0000072  0.0000092    0.000205    0.000069
1998   9  28  51084   0.122144   0.449883  -0.1556197   0.0008244  -0.052270  -0.007450   0.000092   0.000091  0.0000071  0.0000094    0.000206    0.000069
1998   9  29  51085   0.123230   0.447977  -0.1563210   0.0008260  -0.052547  -0.007409   0.000086   0.000086  0.0000070  0.0000105    0.000207    0.000069
1998   9  30  51086   0.124123   0.446552  -0.1571670   0.0009189  -0.052505  -0.007343   0.000085   0.000085  0.0000090  0.0000106    0.000234    0.000095
1998  10   1  51087   0.125225   0.445102  -0.1581676   0.0010775  -0.052346  -0.007345   0.000087   0.000089  0.0000085  0.0000102    0.000186    0.000081
1998  10   2  51088   0.126449   0.444072  -0.1593475   0.0012899  -0.052303  -0.007437   0.000086   0.000086  0.0000072  0.0000107    0.000112    0.000055
1998  10   3  51089   0.127917   0.442585  -0.1607544   0.0015277  -0.052329  -0.007476   0.000085   0.000085  0.0000072  0.0000098    0.000133    0.000058
1998  10   4  51090   0.129823   0.441297  -0.1623949   0.0017306  -0.052209  -0.007331   0.000090   0.000092  0.0000073  0.0000097    0.000162    0.000064
1998  10   5  51091   0.131492   0.439777  -0.1642116   0.0018721  -0.051894  -0.007037   0.000094   0.000096  0.0000074  0.0000097    0.000192    0.000070
1998  10   6  51092   0.132923   0.438101  -0.1661040   0.0018956  -0.051630  -0.006817   0.000093   0.000095  0.0000075  0.0000099    0.000221    0.000076
1998  10   7  51093   0.134298   0.436163  -0.1679758   0.0018180  -0.051511  -0.006905   0.000094   0.000095  0.0000113  0.0000104    0.000291    0.000105
1998  10   8  51094   0.135614   0.433970  -0.1697686   0.0017079  -0.052103  -0.006847   0.000095   0.000093  0.0000078  0.0000111    0.000197    0.000095
1998  10   9  51095   0.137090   0.432040  -0.1714367   0.0015905  -0.053020  -0.006741   0.000096   0.000093  0.0000066  0.0000117    0.000158    0.000084
1998  10  10  51096   0.138853   0.430574  -0.1729577   0.0014655  -0.053801  -0.006686   0.000096   0.000095  0.0000072  0.0000105    0.000160    0.000076
1998  10  11  51097   0.140141   0.429768  -0.1743431   0.0013190  -0.054050  -0.006826   0.000093   0.000092  0.0000078  0.0000103    0.000163    0.000069
1998  10  12  51098   0.141367   0.428623  -0.1756310   0.0012583  -0.053664  -0.007138   0.000099   0.000098  0.0000084  0.0000120    0.000166    0.000062
1998  10  13  51099   0.142029   0.427854  -0.1768737   0.0012539  -0.052868  -0.007409   0.000101   0.000100  0.0000090  0.0000126    0.000168    0.000055
1998  10  14  51100   0.142781   0.426150  -0.1781224   0.0013138  -0.051641  -0.007463   0.000096   0.000096  0.0000096  0.0000110    0.000218    0.000092
1998  10  15  51101   0.143983   0.424579  -0.1794154   0.0013755  -0.050649  -0.007399   0.000097   0.000097  0.0000096  0.0000085    0.000232    0.000102
1998  10  16  51102   0.145158   0.423291  -0.1807707   0.0013843  -0.049869  -0.007298   0.000099   0.000099  0.0000095  0.0000092    0.000235    0.000102
1998  10  17  51103   0.146610   0.422183  -0.1821872   0.0014249  -0.049400  -0.007154   0.000101   0.000100  0.0000093  0.0000108    0.000237    0.000103
1998  10  18  51104   0.147951   0.421134  -0.1836488   0.0014614  -0.049351  -0.006915   0.000104   0.000105  0.0000092  0.0000105    0.000239    0.000103
1998  10  19  51105   0.149169   0.419902  -0.1851320   0.0014723  -0.049626  -0.006616   0.000104   0.000107  0.0000091  0.0000099    0.000241    0.000103
1998  10  20  51106   0.150120   0.418572  -0.1866114   0.0014537  -0.049977  -0.006394   0.000098   0.000100  0.0000089  0.0000101    0.000243    0.000104
1998  10  21  51107   0.151142   0.417031  -0.1880647   0.0014219  -0.050159  -0.006337   0.000092   0.000094  0.0000088  0.0000100    0.000246    0.000104
1998  10  22  51108   0.151753   0.414924  -0.1894758   0.0013638  -0.049934  -0.006382   0.000090   0.000092  0.0000071  0.0000085    0.000254    0.000105
1998  10  23  51109   0.152209   0.413092  -0.1908356   0.0012714  -0.049553  -0.006385   0.000090   0.000092  0.0000070  0.0000070    0.000254    0.000104
1998  10  24  51110   0.152407   0.411067  -0.1921387   0.0012330  -0.049233  -0.006316   0.000094   0.000094  0.0000077  0.0000080    0.000252    0.000103
1998  10  25  51111   0.152892   0.409613  -0.1933827   0.0012442  -0.049192  -0.006258   0.000091   0.000090  0.0000084  0.0000085    0.000250    0.000102
1998  10  26  51112   0.153347   0.408126  -0.1945719   0.0012067  -0.049459  -0.006272   0.000085   0.000087  0.0000091  0.0000099    0.000247    0.000100
1998  10  27  51113   0.154045   0.406354  -0.1957279   0.0011797  -0.049758  -0.006302   0.000082   0.000086  0.0000098  0.0000104    0.000245    0.000099
1998  10  28  51114   0.154899   0.404677  -0.1969002   0.0012141  -0.049799  -0.006254   0.000081   0.000082  0.0000105  0.0000092    0.000242    0.000098
1998  10  29  51115   0.155954   0.402817  -0.1981644   0.0013423  -0.049558  -0.006163   0.000079   0.000077  0.0000113  0.0000113    0.000186    0.000088
1998  10  30  51116   0.157120   0.401369  -0.1996018   0.0015283  -0.049414  -0.006056   0.000078   0.000079  0.0000121  0.0000125    0.000154    0.000084
1998  10  31  51117   0.158130   0.399820  -0.2012669   0.0017552  -0.049554  -0.005896   0.000080   0.000082  0.0000130  0.0000122    0.000228    0.000100
1998  11   1  51118   0.159319   0.398389  -0.2031589   0.0019863  -0.049709  -0.005653   0.000085   0.000086  0.0000138  0.0000107    0.000303    0.000117
1998  11   2  51119   0.160745   0.396949  -0.2052159   0.0021278  -0.049724  -0.005366   0.000090   0.000091  0.0000147  0.0000091    0.000377    0.000133
1998  11   3  51120   0.161787   0.395384  -0.2073360   0.0021183  -0.049631  -0.005241   0.000091   0.000093  0.0000155  0.0000110    0.000451    0.000150
1998  11   4  51121   0.162821   0.394073  -0.2094121   0.0020136  -0.049367  -0.005445   0.000090   0.000091  0.0000108  0.0000132    0.000322    0.000130
1998  11   5  51122   0.163271   0.392328  -0.2113631   0.0018696  -0.049285  -0.005701   0.000088   0.000089  0.0000057  0.0000132    0.000220    0.000102
1998  11   6  51123   0.163005   0.390673  -0.2131331   0.0017081  -0.049424  -0.005627   0.000091   0.000094  0.0000146  0.0000131    0.000296    0.000111
1998  11   7  51124   0.163118   0.388323  -0.2147314   0.0015676  -0.049558  -0.005401   0.000098   0.000101  0.0000184  0.0000105    0.000671    0.000319
1998  11   8  51125   0.163529   0.385996  -0.2162179   0.0014571  -0.049485  -0.005347   0.000105   0.000107  0.0000166  0.0000099    0.001176    0.000628
1998  11   9  51126   0.164239   0.383501  -0.2176606   0.0014470  -0.049199  -0.005557   0.000107   0.000107  0.0000147  0.0000107    0.001681    0.000937
1998  11  10  51127   0.164828   0.381368  -0.2191094   0.0014612  -0.048929  -0.005828   0.000099   0.000099  0.0000129  0.0000109    0.001699    0.000956
1998  11  11  51128   0.165498   0.378897  -0.2205861   0.0014748  -0.048865  -0.005923   0.000089   0.000087  0.0000110  0.0000115    0.000534    0.000274
1998  11  12  51129   0.166126   0.376941  -0.2220893   0.0015038  -0.048954  -0.005749   0.000088   0.000088  0.0000108  0.0000108    0.000233    0.000091
1998  11  13  51130   0.166646   0.375065  -0.2236071   0.0015182  -0.048907  -0.005493   0.000092   0.000092  0.0000111  0.0000078    0.000220    0.000075
1998  11  14  51131   0.166615   0.372699  -0.2251249   0.0015206  -0.048672  -0.005286   0.000095   0.000095  0.0000115  0.0000075    0.000222    0.000074
1998  11  15  51132   0.166172   0.370966  -0.2266275   0.0014843  -0.048450  -0.005105   0.000105   0.000103  0.0000119  0.0000098    0.000237    0.000086
1998  11  16  51133   0.165303   0.368715  -0.2281016   0.0014489  -0.048373  -0.004905   0.000112   0.000109  0.0000124  0.0000092    0.000251    0.000099
1998  11  17  51134   0.164642   0.366689  -0.2295376   0.0014052  -0.048367  -0.004740   0.000109   0.000106  0.0000128  0.0000087    0.000266    0.000111
1998  11  18  51135   0.163987   0.364776  -0.2309310   0.0013823  -0.048318  -0.004688   0.000103   0.000102  0.0000132  0.0000082    0.000280    0.000123
1998  11  19  51136   0.163844   0.362806  -0.2322815   0.0013275  -0.048204  -0.004738   0.000101   0.000103  0.0000129  0.0000079    0.000275    0.000122
1998  11  20  51137   0.163189   0.361059  -0.2335904   0.0012541  -0.048051  -0.004800   0.000106   0.000109  0.0000123  0.0000077    0.000262    0.000117
1998  11  21  51138   0.162137   0.359158  -0.2348596   0.0012246  -0.047891  -0.004816   0.000107   0.000109  0.0000118  0.0000073    0.000250    0.000112
1998  11  22  51139   0.160045   0.357478  -0.2360944   0.0012166  -0.047772  -0.004813   0.000103   0.000103  0.0000112  0.0000066    0.000237    0.000106
1998  11  23  51140   0.158064   0.355049  -0.2373093   0.0012452  -0.047754  -0.004827   0.000101   0.000101  0.0000106  0.0000064    0.000225    0.000101
1998  11  24  51141   0.156390   0.353282  -0.2385341   0.0012724  -0.047808  -0.004830   0.000105   0.000107  0.0000100  0.0000074    0.000213    0.000096
1998  11  25  51142   0.154757   0.351298  -0.2398133   0.0013221  -0.047805  -0.004756   0.000106   0.000106  0.0000095  0.0000077    0.000200    0.000090
1998  11  26  51143   0.153780   0.349333  -0.2411976   0.0014533  -0.047655  -0.004606   0.000106   0.000106  0.0000091  0.0000074    0.000196    0.000089
1998  11  27  51144   0.152805   0.347431  -0.2427257   0.0016211  -0.047423  -0.004441   0.000109   0.000110  0.0000089  0.0000078    0.000193    0.000088
1998  11  28  51145   0.151871   0.345067  -0.2444061   0.0017657  -0.047231  -0.004299   0.000107   0.000107  0.0000086  0.0000079    0.000191    0.000088
1998  11  29  51146   0.150825   0.342991  -0.2462063   0.0018528  -0.047147  -0.004150   0.000108   0.000109  0.0000083  0.0000078    0.000189    0.000088
1998  11  30  51147   0.150208   0.340849  -0.2480575   0.0018502  -0.047221  -0.004009   0.000107   0.000111  0.0000081  0.0000080    0.000187    0.000087
1998  12   1  51148   0.149270   0.339659  -0.2498752   0.0017509  -0.047492  -0.003997   0.000103   0.000106  0.0000078  0.0000083    0.000185    0.000087
1998  12   2  51149   0.147993   0.337786  -0.2515847   0.0016062  -0.047891  -0.004176   0.000097   0.000099  0.0000075  0.0000083    0.000182    0.000087
1998  12   3  51150   0.146905   0.336292  -0.2531415   0.0014331  -0.048252  -0.004367   0.000099   0.000100  0.0000075  0.0000081    0.000187    0.000090
1998  12   4  51151   0.146559   0.335239  -0.2545360   0.0012789  -0.048442  -0.004306   0.000107   0.000110  0.0000075  0.0000083    0.000194    0.000094
1998  12   5  51152   0.146011   0.334602  -0.2557852   0.0011706  -0.048403  -0.004001   0.000115   0.000117  0.0000075  0.0000083    0.000201    0.000098
1998  12   6  51153   0.144880   0.333621  -0.2569222   0.0011236  -0.048108  -0.003761   0.000114   0.000115  0.0000076  0.0000079    0.000209    0.000102
1998  12   7  51154   0.143647   0.332591  -0.2579892   0.0010984  -0.047626  -0.003827   0.000106   0.000106  0.0000076  0.0000076    0.000216    0.000106
1998  12   8  51155   0.142304   0.331454  -0.2590335   0.0010759  -0.047208  -0.004096   0.000100   0.000100  0.0000076  0.0000080    0.000223    0.000110
1998  12   9  51156   0.140900   0.330021  -0.2601008   0.0010844  -0.046999  -0.004253   0.000097   0.000097  0.0000089  0.0000081    0.000210    0.000098
1998  12  10  51157   0.139637   0.328098  -0.2612206   0.0011459  -0.047177  -0.004284   0.000101   0.000101  0.0000091  0.0000082    0.000270    0.000109
1998  12  11  51158   0.138569   0.326089  -0.2623903   0.0011878  -0.047385  -0.004163   0.000106   0.000104  0.0000089  0.0000082    0.000319    0.000119
1998  12  12  51159   0.137848   0.324027  -0.2635785   0.0011867  -0.047429  -0.003932   0.000103   0.000100  0.0000087  0.0000077    0.000285    0.000111
1998  12  13  51160   0.137318   0.322217  -0.2647426   0.0011312  -0.047451  -0.003719   0.000091   0.000091  0.0000085  0.0000074    0.000251    0.000103
1998  12  14  51161   0.137140   0.320448  -0.2658454   0.0010471  -0.047509  -0.003512   0.000081   0.000082  0.0000083  0.0000081    0.000217    0.000094
1998  12  15  51162   0.137233   0.318578  -0.2668620   0.0009750  -0.047518  -0.003332   0.000077   0.000078  0.0000081  0.0000067    0.000183    0.000086
1998  12  16  51163   0.137480   0.317175  -0.2677818   0.0008713  -0.047321  -0.003376   0.000073   0.000075  0.0000079  0.0000065    0.000186    0.000091
1998  12  17  51164   0.137902   0.315989  -0.2686077   0.0007881  -0.047236  -0.003425   0.000070   0.000071  0.0000057  0.0000079    0.000197    0.000078
1998  12  18  51165   0.138721   0.314743  -0.2693557   0.0007106  -0.047142  -0.003581   0.000073   0.000074  0.0000048  0.0000073    0.000181    0.000066
1998  12  19  51166   0.139944   0.313534  -0.2700453   0.0006611  -0.046999  -0.003790   0.000076   0.000079  0.0000047  0.0000071    0.000156    0.000057
1998  12  20  51167   0.141331   0.312710  -0.2706962   0.0006391  -0.046768  -0.003958   0.000081   0.000085  0.0000046  0.0000073    0.000130    0.000047
1998  12  21  51168   0.142507   0.311937  -0.2713342   0.0006400  -0.046516  -0.004029   0.000086   0.000090  0.0000045  0.0000070    0.000104    0.000038
1998  12  22  51169   0.142808   0.310416  -0.2719989   0.0006948  -0.046422  -0.003983   0.000079   0.000084  0.0000044  0.0000070    0.000079    0.000028
1998  12  23  51170   0.143063   0.308447  -0.2727447   0.0008173  -0.046558  -0.003838   0.000078   0.000083  0.0000082  0.0000076    0.000168    0.000072
1998  12  24  51171   0.143107   0.306854  -0.2736287   0.0009912  -0.046796  -0.003630   0.000086   0.000089  0.0000091  0.0000081    0.000209    0.000090
1998  12  25  51172   0.143091   0.305507  -0.2746850   0.0011934  -0.046946  -0.003412   0.000090   0.000093  0.0000088  0.0000088    0.000226    0.000095
1998  12  26  51173   0.142894   0.304015  -0.2759059   0.0013127  -0.046961  -0.003213   0.000091   0.000092  0.0000086  0.0000090    0.000243    0.000101
1998  12  27  51174   0.142288   0.302602  -0.2772430   0.0013361  -0.046951  -0.003061   0.000094   0.000094  0.0000083  0.0000085    0.000260    0.000107
1998  12  28  51175   0.141712   0.301423  -0.2786222   0.0013296  -0.047045  -0.003029   0.000099   0.000100  0.0000080  0.0000098    0.000277    0.000112
1998  12  29  51176   0.141295   0.300315  -0.2799661   0.0012855  -0.047270  -0.003225   0.000096   0.000098  0.0000078  0.0000105    0.000294    0.000118
1998  12  30  51177   0.140720   0.298889  -0.2812150   0.0011891  -0.047490  -0.003683   0.000091   0.000091  0.0000080  0.0000102    0.000192    0.000071
1998  12  31  51178   0.139816   0.297679  -0.2823394   0.0010543  -0.047596  -0.004154   0.000096   0.000094  0.0000082  0.0000095    0.000168    0.000061
