

                   INTERNATIONAL EARTH ROTATION AND REFERENCE SYSTEMS SERVICE
                        EARTH ORIENTATION PARAMETERS
                          EOP (IERS) 08 C04

  
             FORMAT(3(I4),I7,2(F11.6),2(F12.7),2(F11.6),2(F11.6),2(F11.7),2F12.6)
**********************************************************************************
  
      Date      MJD      x          y        UT1-UTC       LOD         dPsi      dEps       x Err     y Err   UT1-UTC Err  LOD Err    dPsi Err   dEpsilon Err
                         "          "           s           s            "         "        "          "          s           s            "         "
     (0h UTC)

1989   1   1  47527  -0.160458   0.315608  -0.1159429   0.0014313  -0.002271   0.001908   0.000888   0.000837  0.0000112  0.0000114    0.000436    0.000220
1989   1   2  47528  -0.160331   0.318168  -0.1173313   0.0013347  -0.002556   0.001921   0.000307   0.000278  0.0000112  0.0000112    0.000435    0.000225
1989   1   3  47529  -0.159781   0.321060  -0.1186028   0.0011949  -0.002796   0.001840   0.000307   0.000278  0.0000112  0.0000112    0.000435    0.000225
1989   1   4  47530  -0.158415   0.323850  -0.1197203   0.0010283  -0.002947   0.001781   0.000346   0.000313  0.0000112  0.0000112    0.000435    0.000225
1989   1   5  47531  -0.156727   0.326320  -0.1206703   0.0008666  -0.003031   0.001822   0.001330   0.001214  0.0000112  0.0000123    0.000435    0.000225
1989   1   6  47532  -0.155426   0.328529  -0.1214788   0.0007557  -0.003063   0.001902   0.003070   0.004168  0.0000134  0.0000124    0.000471    0.000289
1989   1   7  47533  -0.154421   0.330706  -0.1222201   0.0007421  -0.002926   0.001896   0.000402   0.000608  0.0000136  0.0000135    0.000475    0.000297
1989   1   8  47534  -0.153053   0.333106  -0.1230066   0.0008534  -0.002427   0.001769   0.000363   0.000549  0.0000136  0.0000136    0.000475    0.000297
1989   1   9  47535  -0.151118   0.335861  -0.1239619   0.0010807  -0.001576   0.001594   0.000510   0.000784  0.0000136  0.0000136    0.000475    0.000297
1989   1  10  47536  -0.149504   0.338849  -0.1251806   0.0013739  -0.000782   0.001450   0.001177   0.002149  0.0000136  0.0000115    0.000475    0.000297
1989   1  11  47537  -0.148776   0.341714  -0.1266927   0.0016542  -0.000606   0.001358   0.001200   0.002115  0.0000093  0.0000113    0.000436    0.000152
1989   1  12  47538  -0.148353   0.344138  -0.1284466   0.0018405  -0.001329   0.001339   0.000637   0.000660  0.0000089  0.0000089    0.000439    0.000148
1989   1  13  47539  -0.147789   0.346222  -0.1303194   0.0018773  -0.002717   0.001441   0.000369   0.000311  0.0000084  0.0000083    0.000456    0.000149
1989   1  14  47540  -0.147590   0.348529  -0.1321511   0.0017566  -0.004104   0.001659   0.000417   0.000291  0.0000077  0.0000079    0.000490    0.000149
1989   1  15  47541  -0.147090   0.351375  -0.1337988   0.0015175  -0.004609   0.001870   0.000661   0.000410  0.0000073  0.0000077    0.000519    0.000149
1989   1  16  47542  -0.145888   0.353922  -0.1351743   0.0012292  -0.004176   0.001930   0.000949   0.000646  0.0000076  0.0000082    0.000485    0.000146
1989   1  17  47543  -0.144584   0.356040  -0.1362672   0.0009668  -0.003383   0.001775   0.000326   0.000312  0.0000091  0.0000084    0.000402    0.000138
1989   1  18  47544  -0.143958   0.358056  -0.1371351   0.0007859  -0.002885   0.001445   0.000324   0.000311  0.0000091  0.0000100    0.000404    0.000139
1989   1  19  47545  -0.143944   0.360321  -0.1378760   0.0007145  -0.002948   0.001059   0.000397   0.000382  0.0000110  0.0000277    0.000483    0.000167
1989   1  20  47546  -0.143107   0.362781  -0.1386027   0.0007565  -0.003137   0.000776   0.001794   0.001732  0.0000462  0.0000655    0.001541    0.000682
1989   1  21  47547  -0.140583   0.365251  -0.1394213   0.0008961  -0.002925   0.000746   0.004054   0.003591  0.0001200  0.0000330    0.001852    0.002115
1989   1  22  47548  -0.138107   0.367779  -0.1404150   0.0011034  -0.002541   0.001022   0.000573   0.000531  0.0000197  0.0000658    0.000884    0.000499
1989   1  23  47549  -0.136900   0.369892  -0.1416339   0.0013391  -0.002313   0.001467   0.000394   0.000381  0.0000117  0.0000177    0.000541    0.000275
1989   1  24  47550  -0.136589   0.371464  -0.1430864   0.0015594  -0.002314   0.001805   0.000489   0.000494  0.0000157  0.0000179    0.000554    0.000265
1989   1  25  47551  -0.135595   0.373489  -0.1447366   0.0017254  -0.002216   0.001814   0.000624   0.000687  0.0000242  0.0000234    0.000570    0.000261
1989   1  26  47552  -0.133686   0.376054  -0.1465151   0.0018120  -0.001897   0.001556   0.001569   0.001689  0.0000311  0.0000225    0.000822    0.000345
1989   1  27  47553  -0.132119   0.378253  -0.1483363   0.0018117  -0.001555   0.001312   0.001247   0.001193  0.0000208  0.0000228    0.001145    0.000334
1989   1  28  47554  -0.131630   0.379733  -0.1501159   0.0017332  -0.001478   0.001304   0.000675   0.000655  0.0000146  0.0000173    0.000804    0.000236
1989   1  29  47555  -0.131060   0.381527  -0.1517852   0.0015968  -0.001871   0.001485   0.000549   0.000534  0.0000138  0.0000317    0.000761    0.000224
1989   1  30  47556  -0.130070   0.383627  -0.1532994   0.0014296  -0.002702   0.001615   0.001247   0.001199  0.0000488  0.0000535    0.002687    0.000794
1989   1  31  47557  -0.129271   0.385341  -0.1546430   0.0012617  -0.003650   0.001538   0.001443   0.001403  0.0000932  0.0000304    0.004721    0.002322
1989   2   1  47558  -0.128474   0.387042  -0.1558312   0.0011225  -0.004226   0.001285   0.000686   0.000764  0.0000119  0.0000524    0.000611    0.000320
1989   2   2  47559  -0.126861   0.389607  -0.1569079   0.0010375  -0.004172   0.000967   0.000510   0.000535  0.0000116  0.0000133    0.000602    0.000299
1989   2   3  47560  -0.124291   0.392393  -0.1579391   0.0010295  -0.003618   0.000646   0.000457   0.000364  0.0000146  0.0000181    0.000814    0.000323
1989   2   4  47561  -0.121827   0.394841  -0.1590095   0.0011200  -0.002870   0.000470   0.000712   0.000494  0.0000245  0.0000291    0.001290    0.000466
1989   2   5  47562  -0.119870   0.397620  -0.1602217   0.0013202  -0.002057   0.000549   0.001535   0.001216  0.0000436  0.0000174    0.001496    0.000740
1989   2   6  47563  -0.117964   0.400858  -0.1616770   0.0016091  -0.001422   0.000831   0.000480   0.000660  0.0000103  0.0000267    0.000512    0.000151
1989   2   7  47564  -0.116066   0.403909  -0.1634377   0.0019244  -0.001413   0.001079   0.000321   0.000364  0.0000098  0.0000105    0.000481    0.000143
1989   2   8  47565  -0.114273   0.406240  -0.1654906   0.0021778  -0.002239   0.001005   0.000338   0.000250  0.0000107  0.0000107    0.000490    0.000156
1989   2   9  47566  -0.112331   0.408205  -0.1677346   0.0022843  -0.003320   0.000769   0.000360   0.000222  0.0000115  0.0000170    0.000500    0.000169
1989   2  10  47567  -0.110170   0.410171  -0.1699967   0.0021994  -0.003993   0.000632   0.000815   0.000597  0.0000233  0.0000158    0.001129    0.000379
1989   2  11  47568  -0.108035   0.411958  -0.1720870   0.0019442  -0.004060   0.000650   0.000762   0.000644  0.0000201  0.0000172    0.001064    0.000290
1989   2  12  47569  -0.106038   0.413305  -0.1738661   0.0015962  -0.003688   0.000656   0.000443   0.000351  0.0000110  0.0000147    0.000552    0.000148
1989   2  13  47570  -0.103905   0.414397  -0.1752881   0.0012500  -0.003061   0.000470   0.000544   0.000439  0.0000094  0.0000101    0.000466    0.000125
1989   2  14  47571  -0.101220   0.415780  -0.1763945   0.0009795  -0.002360   0.000117   0.001689   0.001372  0.0000092  0.0000089    0.000457    0.000122
1989   2  15  47572  -0.098012   0.417815  -0.1772850   0.0008251  -0.001766  -0.000198   0.002011   0.001896  0.0000085  0.0000088    0.000482    0.000128
1989   2  16  47573  -0.094957   0.420286  -0.1780833   0.0007933  -0.001420  -0.000319   0.000403   0.000386  0.0000085  0.0000088    0.000485    0.000129
1989   2  17  47574  -0.092642   0.422728  -0.1789048   0.0008628  -0.001393  -0.000246   0.000398   0.000346  0.0000091  0.0000106    0.000483    0.000138
1989   2  18  47575  -0.090935   0.424936  -0.1798326   0.0009968  -0.001695  -0.000080   0.000398   0.000258  0.0000126  0.0000104    0.000449    0.000187
1989   2  19  47576  -0.088693   0.427264  -0.1809099   0.0011599  -0.002394  -0.000076   0.000393   0.000197  0.0000117  0.0000114    0.000341    0.000206
1989   2  20  47577  -0.087072   0.429005  -0.1821511   0.0013364  -0.002575   0.000047   0.000517   0.000258  0.0000101  0.0000116    0.000332    0.000166
1989   2  21  47578  -0.085830   0.430447  -0.1835701   0.0015121  -0.002203   0.000370   0.000545   0.000469  0.0000114  0.0000099    0.000553    0.000146
1989   2  22  47579  -0.082944   0.432626  -0.1851546   0.0016363  -0.002355   0.000533   0.000428   0.000408  0.0000096  0.0000101    0.000540    0.000172
1989   2  23  47580  -0.079448   0.434353  -0.1868179   0.0016658  -0.002918   0.000516   0.000583   0.000534  0.0000088  0.0000091    0.000509    0.000200
1989   2  24  47581  -0.076164   0.435852  -0.1884614   0.0016115  -0.003475   0.000474   0.001457   0.001107  0.0000087  0.0000220    0.000505    0.000206
1989   2  25  47582  -0.073073   0.437960  -0.1900203   0.0015077  -0.003711   0.000488   0.007401   0.004084  0.0000353  0.0000340    0.002150    0.000901
1989   2  26  47583  -0.070220   0.440584  -0.1914636   0.0013822  -0.003442   0.000447   0.003175   0.004317  0.0000592  0.0000374    0.002606    0.001572
1989   2  27  47584  -0.067463   0.443244  -0.1927809   0.0012504  -0.002738   0.000142   0.001038   0.001316  0.0000395  0.0000412    0.001010    0.000762
1989   2  28  47585  -0.064423   0.445670  -0.1939703   0.0011202  -0.001809  -0.000454   0.000610   0.000728  0.0000232  0.0000297    0.000511    0.000400
1989   3   1  47586  -0.060991   0.448009  -0.1950373   0.0010094  -0.000902  -0.001059   0.000695   0.000816  0.0000199  0.0000193    0.000430    0.000338
1989   3   2  47587  -0.058591   0.449959  -0.1960156   0.0009554  -0.000426  -0.001372   0.000999   0.001101  0.0000154  0.0000139    0.000431    0.000307
1989   3   3  47588  -0.057222   0.451598  -0.1969846   0.0010054  -0.000851  -0.001391   0.000617   0.000589  0.0000079  0.0000118    0.000533    0.000213
1989   3   4  47589  -0.055662   0.453145  -0.1980683   0.0011942  -0.002190  -0.001341   0.000395   0.000356  0.0000081  0.0000085    0.000514    0.000221
1989   3   5  47590  -0.052894   0.454516  -0.1994093   0.0015167  -0.003714  -0.001316   0.000335   0.000254  0.0000092  0.0000091    0.000463    0.000256
1989   3   6  47591  -0.050384   0.455727  -0.2011173   0.0019113  -0.004449  -0.001168   0.000395   0.000269  0.0000101  0.0000098    0.000435    0.000292
1989   3   7  47592  -0.048813   0.457149  -0.2032153   0.0022747  -0.004195  -0.000779   0.001007   0.000763  0.0000104  0.0000105    0.000433    0.000251
1989   3   8  47593  -0.046996   0.458795  -0.2056177   0.0025036  -0.003522  -0.000366   0.000634   0.000599  0.0000109  0.0000106    0.000459    0.000130
1989   3   9  47594  -0.044232   0.459910  -0.2081553   0.0025377  -0.002953  -0.000267   0.000447   0.000430  0.0000109  0.0000109    0.000459    0.000129
1989   3  10  47595  -0.040834   0.460032  -0.2106305   0.0023801  -0.002611  -0.000499   0.000583   0.000576  0.0000109  0.0000109    0.000459    0.000129
1989   3  11  47596  -0.037625   0.459986  -0.2128780   0.0020897  -0.002429  -0.000806   0.000862   0.000922  0.0000109  0.0000108    0.000459    0.000129
1989   3  12  47597  -0.034653   0.461043  -0.2148064   0.0017527  -0.002335  -0.001048   0.001066   0.000708  0.0000107  0.0000108    0.000562    0.000201
1989   3  13  47598  -0.031545   0.463546  -0.2164086   0.0014504  -0.002200  -0.001304   0.000560   0.000354  0.0000107  0.0000107    0.000574    0.000214
1989   3  14  47599  -0.028275   0.466404  -0.2177474   0.0012384  -0.001913  -0.001614   0.000339   0.000213  0.0000107  0.0000107    0.000574    0.000214
1989   3  15  47600  -0.025776   0.467637  -0.2189270   0.0011418  -0.001548  -0.001850   0.000379   0.000238  0.0000107  0.0000107    0.000574    0.000214
1989   3  16  47601  -0.023452   0.467774  -0.2200655   0.0011601  -0.001287  -0.001896   0.000937   0.000615  0.0000107  0.0000103    0.000574    0.000214
1989   3  17  47602  -0.020307   0.468761  -0.2212715   0.0012739  -0.001184  -0.001802   0.001268   0.001126  0.0000098  0.0000102    0.000353    0.000114
1989   3  18  47603  -0.016952   0.470969  -0.2226269   0.0014515  -0.001167  -0.001670   0.000606   0.000751  0.0000097  0.0000098    0.000345    0.000111
1989   3  19  47604  -0.014216   0.473402  -0.2241775   0.0016537  -0.001197  -0.001477   0.000414   0.000532  0.0000097  0.0000097    0.000345    0.000111
1989   3  20  47605  -0.011579   0.474951  -0.2259271   0.0018386  -0.001284  -0.001134   0.000338   0.000439  0.0000097  0.0000097    0.000345    0.000111
1989   3  21  47606  -0.008411   0.475584  -0.2278383   0.0019677  -0.001381  -0.000703   0.000628   0.000812  0.0000097  0.0000092    0.000345    0.000111
1989   3  22  47607  -0.005115   0.476074  -0.2298399   0.0020149  -0.001393  -0.000449   0.002882   0.002463  0.0000087  0.0000092    0.000345    0.000206
1989   3  23  47608  -0.002132   0.476974  -0.2318433   0.0019734  -0.001267  -0.000621   0.000641   0.000553  0.0000086  0.0000086    0.000345    0.000229
1989   3  24  47609   0.000984   0.477836  -0.2337639   0.0018580  -0.001020  -0.001199   0.000326   0.000282  0.0000086  0.0000088    0.000345    0.000229
1989   3  25  47610   0.004888   0.478027  -0.2355424   0.0017004  -0.000720  -0.001902   0.000333   0.000288  0.0000090  0.0000118    0.000362    0.000223
1989   3  26  47611   0.008940   0.478195  -0.2371565   0.0015311  -0.000514  -0.002407   0.000659   0.000541  0.0000150  0.0000125    0.000588    0.000193
1989   3  27  47612   0.011984   0.479358  -0.2386066   0.0013586  -0.000540  -0.002576   0.000687   0.000584  0.0000159  0.0000150    0.000614    0.000193
1989   3  28  47613   0.014249   0.480846  -0.2398861   0.0011856  -0.000725  -0.002497   0.000580   0.000549  0.0000149  0.0000151    0.000592    0.000201
1989   3  29  47614   0.017035   0.480929  -0.2409998   0.0010578  -0.000800  -0.002336   0.000585   0.000538  0.0000142  0.0000157    0.000630    0.000214
1989   3  30  47615   0.020042   0.480354  -0.2420319   0.0010316  -0.000623  -0.002253   0.000659   0.000484  0.0000164  0.0000159    0.000662    0.000269
1989   3  31  47616   0.023326   0.479978  -0.2430988   0.0011220  -0.000879  -0.002232   0.000799   0.000598  0.0000176  0.0000153    0.000683    0.000254
1989   4   1  47617   0.027029   0.479998  -0.2443114   0.0013197  -0.001608  -0.002394   0.000510   0.000543  0.0000141  0.0000154    0.000737    0.000165
1989   4   2  47618   0.030337   0.480731  -0.2457628   0.0015989  -0.001936  -0.002749   0.000399   0.000400  0.0000132  0.0000133    0.000692    0.000165
1989   4   3  47619   0.033010   0.481565  -0.2475106   0.0019049  -0.001409  -0.002802   0.000362   0.000321  0.0000125  0.0000158    0.000640    0.000190
1989   4   4  47620   0.035722   0.481704  -0.2495433   0.0021519  -0.000480  -0.002142   0.000529   0.000468  0.0000184  0.0000280    0.000931    0.000279
1989   4   5  47621   0.039215   0.481602  -0.2517580   0.0022514   0.000074  -0.001226   0.001275   0.001110  0.0000434  0.0000288    0.002089    0.000590
1989   4   6  47622   0.043323   0.481789  -0.2539791   0.0021580  -0.000091  -0.000797   0.001494   0.001094  0.0000393  0.0000281    0.002480    0.000524
1989   4   7  47623   0.047186   0.482159  -0.2560193   0.0018988  -0.000681  -0.001082   0.000805   0.000636  0.0000128  0.0000260    0.000921    0.000186
1989   4   8  47624   0.050404   0.482522  -0.2577526   0.0015647  -0.001236  -0.001736   0.000463   0.000375  0.0000128  0.0000128    0.000919    0.000185
1989   4   9  47625   0.053262   0.482794  -0.2591600   0.0012671  -0.001507  -0.002348   0.000449   0.000364  0.0000128  0.0000128    0.000919    0.000185
1989   4  10  47626   0.056065   0.482883  -0.2603235   0.0010869  -0.001409  -0.002820   0.000497   0.000403  0.0000128  0.0000105    0.000918    0.000185
1989   4  11  47627   0.058880   0.482742  -0.2613792   0.0010484  -0.000992  -0.003187   0.001544   0.001551  0.0000082  0.0000104    0.000405    0.000256
1989   4  12  47628   0.061660   0.482416  -0.2624598   0.0011267  -0.000543  -0.003369   0.000568   0.000602  0.0000080  0.0000081    0.000393    0.000265
1989   4  13  47629   0.064436   0.482059  -0.2636593   0.0012766  -0.000420  -0.003292   0.000297   0.000316  0.0000080  0.0000080    0.000393    0.000265
1989   4  14  47630   0.067395   0.481947  -0.2650268   0.0014569  -0.000642  -0.003068   0.000334   0.000356  0.0000080  0.0000080    0.000393    0.000265
1989   4  15  47631   0.070559   0.482210  -0.2665767   0.0016391  -0.000872  -0.002871   0.001117   0.001186  0.0000080  0.0000102    0.000393    0.000265
1989   4  16  47632   0.073773   0.482600  -0.2683001   0.0018035  -0.000836  -0.002713   0.002015   0.002238  0.0000123  0.0000105    0.000358    0.000191
1989   4  17  47633   0.076892   0.482579  -0.2701713   0.0019349  -0.000598  -0.002462   0.000361   0.000416  0.0000130  0.0000127    0.000358    0.000186
1989   4  18  47634   0.079892   0.481934  -0.2721513   0.0020226  -0.000395  -0.002097   0.000369   0.000419  0.0000132  0.0000133    0.000375    0.000181
1989   4  19  47635   0.082873   0.481202  -0.2741942   0.0020623  -0.000384  -0.001867   0.000429   0.000459  0.0000135  0.0000133    0.000451    0.000168
1989   4  20  47636   0.085950   0.481600  -0.2762536   0.0020502  -0.000656  -0.002198   0.000472   0.000475  0.0000135  0.0000134    0.000494    0.000180
1989   4  21  47637   0.088430   0.482024  -0.2782762   0.0019867  -0.000928  -0.002896   0.000425   0.000427  0.0000133  0.0000136    0.000437    0.000283
1989   4  22  47638   0.089978   0.481144  -0.2802156   0.0018903  -0.000760  -0.003324   0.000389   0.000388  0.0000137  0.0000118    0.000470    0.000251
1989   4  23  47639   0.092268   0.481418  -0.2820548   0.0017774   0.000016  -0.003269   0.000341   0.000341  0.0000104  0.0000119    0.000398    0.000177
1989   4  24  47640   0.094286   0.481571  -0.2837791   0.0016583   0.000220  -0.003183   0.000351   0.000362  0.0000100  0.0000121    0.000372    0.000174
1989   4  25  47641   0.095835   0.480565  -0.2853904   0.0015599  -0.000427  -0.003247   0.000480   0.000596  0.0000139  0.0000168    0.000456    0.000256
1989   4  26  47642   0.097788   0.479813  -0.2869261   0.0015211  -0.000889  -0.003287   0.000780   0.001076  0.0000236  0.0000191    0.000792    0.000403
1989   4  27  47643   0.099360   0.479350  -0.2884641   0.0015743  -0.000643  -0.003305   0.000851   0.000947  0.0000243  0.0000175    0.000921    0.000466
1989   4  28  47644   0.101344   0.479008  -0.2901056   0.0017294   0.000164  -0.003305   0.000428   0.000448  0.0000114  0.0000169    0.000441    0.000242
1989   4  29  47645   0.103561   0.478614  -0.2919467   0.0019667   0.000590  -0.003246   0.000497   0.000509  0.0000095  0.0000171    0.000367    0.000202
1989   4  30  47646   0.105406   0.477132  -0.2940475   0.0022355   0.000243  -0.003199   0.001377   0.001393  0.0000228  0.0000388    0.000910    0.000385
1989   5   1  47647   0.107383   0.474864  -0.2964035   0.0024624  -0.000452  -0.003179   0.001337   0.002339  0.0000682  0.0000253    0.004104    0.000544
1989   5   2  47648   0.110381   0.474060  -0.2989332   0.0025728  -0.000912  -0.003110   0.000863   0.000950  0.0000278  0.0000408    0.001174    0.000407
1989   5   3  47649   0.112319   0.475257  -0.3014924   0.0025201  -0.000928  -0.002929   0.000491   0.000466  0.0000134  0.0000194    0.000546    0.000239
1989   5   4  47650   0.114192   0.475478  -0.3039156   0.0023071  -0.000665  -0.002886   0.000426   0.000397  0.0000111  0.0000210    0.000452    0.000203
1989   5   5  47651   0.117060   0.473747  -0.3060671   0.0019887  -0.000360  -0.003111   0.001217   0.000984  0.0000286  0.0000661    0.001166    0.000524
1989   5   6  47652   0.120347   0.471872  -0.3078853   0.0016526  -0.000264  -0.003397   0.002085   0.001463  0.0001211  0.0000285    0.004826    0.002252
1989   5   7  47653   0.123461   0.470979  -0.3093966   0.0013828  -0.000570  -0.003492   0.000927   0.001121  0.0000283  0.0000672    0.001058    0.000557
1989   5   8  47654   0.126518   0.470106  -0.3106945   0.0012311  -0.001170  -0.003346   0.000540   0.000668  0.0000132  0.0000217    0.000488    0.000255
1989   5   9  47655   0.129050   0.470049  -0.3119042   0.0012095  -0.001770  -0.003091   0.000708   0.000823  0.0000150  0.0000186    0.000507    0.000248
1989   5  10  47656   0.131372   0.470297  -0.3131473   0.0012962  -0.002189  -0.002843   0.001134   0.001186  0.0000239  0.0000290    0.000649    0.000287
1989   5  11  47657   0.134152   0.469322  -0.3145139   0.0014489  -0.002390  -0.002645   0.001369   0.001323  0.0000430  0.0000220    0.001095    0.000528
1989   5  12  47658   0.137018   0.467763  -0.3160485   0.0016202  -0.002274  -0.002580   0.000578   0.000535  0.0000201  0.0000271    0.000532    0.000302
1989   5  13  47659   0.139624   0.466483  -0.3177487   0.0017684  -0.001696  -0.002751   0.000317   0.000293  0.0000112  0.0000170    0.000296    0.000168
1989   5  14  47660   0.142411   0.465279  -0.3195737   0.0018637  -0.000805  -0.003118   0.000428   0.000394  0.0000139  0.0000247    0.000365    0.000208
1989   5  15  47661   0.145390   0.464273  -0.3214599   0.0018931  -0.000114  -0.003454   0.001365   0.001234  0.0000383  0.0000792    0.000983    0.000576
1989   5  16  47662   0.148095   0.463282  -0.3233404   0.0018610  -0.000039  -0.003536   0.002759   0.002540  0.0001445  0.0000361    0.004078    0.002001
1989   5  17  47663   0.150449   0.461581  -0.3251615   0.0017831  -0.000515  -0.003367   0.000858   0.000982  0.0000340  0.0000799    0.000979    0.000466
1989   5  18  47664   0.152672   0.458989  -0.3268888   0.0016764  -0.001112  -0.003162   0.000379   0.000435  0.0000153  0.0000233    0.000438    0.000209
1989   5  19  47665   0.154862   0.456551  -0.3285020   0.0015509  -0.001469  -0.003134   0.000344   0.000393  0.0000126  0.0000130    0.000361    0.000171
1989   5  20  47666   0.157318   0.454548  -0.3299864   0.0014146  -0.001587  -0.003266   0.000672   0.000623  0.0000106  0.0000115    0.000428    0.000134
1989   5  21  47667   0.160075   0.452590  -0.3313369   0.0012881  -0.001675  -0.003386   0.000438   0.000400  0.0000104  0.0000105    0.000452    0.000130
1989   5  22  47668   0.162124   0.451496  -0.3325788   0.0012096  -0.001871  -0.003370   0.000364   0.000340  0.0000104  0.0000105    0.000421    0.000143
1989   5  23  47669   0.163614   0.450533  -0.3337819   0.0012164  -0.002087  -0.003234   0.000404   0.000397  0.0000107  0.0000109    0.000379    0.000201
1989   5  24  47670   0.165420   0.448316  -0.3350431   0.0013191  -0.002183  -0.003071   0.000436   0.000419  0.0000114  0.0000109    0.000439    0.000175
1989   5  25  47671   0.166532   0.446631  -0.3364505   0.0014961  -0.002135  -0.002989   0.000405   0.000502  0.0000111  0.0000110    0.000482    0.000167
1989   5  26  47672   0.167901   0.445681  -0.3380576   0.0017197  -0.002163  -0.003058   0.000479   0.000733  0.0000105  0.0000106    0.000474    0.000171
1989   5  27  47673   0.169879   0.444105  -0.3398977   0.0019694  -0.002289  -0.003223   0.000821   0.000907  0.0000100  0.0000102    0.000537    0.000205
1989   5  28  47674   0.171633   0.441763  -0.3419858   0.0022103  -0.002300  -0.003338   0.000540   0.000525  0.0000099  0.0000100    0.000570    0.000224
1989   5  29  47675   0.173719   0.439763  -0.3442887   0.0023807  -0.002084  -0.003287   0.000632   0.000614  0.0000100  0.0000174    0.000574    0.000226
1989   5  30  47676   0.176173   0.438300  -0.3467026   0.0024149  -0.001804  -0.003131   0.001730   0.001749  0.0000249  0.0000428    0.001102    0.000493
1989   5  31  47677   0.178433   0.436915  -0.3490685   0.0022793  -0.001739  -0.003060   0.002086   0.002333  0.0000757  0.0000265    0.001571    0.000889
1989   6   1  47678   0.180207   0.435722  -0.3512196   0.0019948  -0.002063  -0.003197   0.000796   0.000850  0.0000281  0.0000442    0.000906    0.000571
1989   6   2  47679   0.182061   0.434638  -0.3530386   0.0016321  -0.002690  -0.003324   0.000360   0.000382  0.0000127  0.0000196    0.000428    0.000266
1989   6   3  47680   0.184538   0.433452  -0.3544933   0.0012860  -0.003368  -0.003221   0.000327   0.000316  0.0000111  0.0000126    0.000383    0.000164
1989   6   4  47681   0.186432   0.431403  -0.3556450   0.0010369  -0.003844  -0.003028   0.000391   0.000330  0.0000124  0.0000143    0.000453    0.000139
1989   6   5  47682   0.187083   0.428614  -0.3566128   0.0009187  -0.003839  -0.003032   0.000476   0.000437  0.0000175  0.0000148    0.000558    0.000215
1989   6   6  47683   0.188386   0.426910  -0.3575236   0.0009289  -0.003139  -0.003252   0.000495   0.000500  0.0000172  0.0000151    0.000530    0.000275
1989   6   7  47684   0.190138   0.425857  -0.3584962   0.0010428  -0.002354  -0.003435   0.000520   0.000527  0.0000127  0.0000176    0.000407    0.000219
1989   6   8  47685   0.190730   0.423673  -0.3596170   0.0012121  -0.002353  -0.003310   0.000794   0.000666  0.0000180  0.0000285    0.000529    0.000274
1989   6   9  47686   0.191504   0.421157  -0.3609147   0.0013805  -0.002754  -0.002954   0.001291   0.000692  0.0000443  0.0000145    0.000818    0.000382
1989   6  10  47687   0.194345   0.419555  -0.3623646   0.0015050  -0.002982  -0.002642   0.000296   0.000269  0.0000110  0.0000268    0.000447    0.000244
1989   6  11  47688   0.197800   0.418213  -0.3639074   0.0015622  -0.003237  -0.002532   0.000246   0.000232  0.0000093  0.0000106    0.000370    0.000217
1989   6  12  47689   0.200271   0.416209  -0.3654698   0.0015478  -0.003848  -0.002585   0.000261   0.000265  0.0000101  0.0000100    0.000336    0.000231
1989   6  13  47690   0.202797   0.413978  -0.3669836   0.0014689  -0.004472  -0.002655   0.000360   0.000391  0.0000107  0.0000104    0.000319    0.000240
1989   6  14  47691   0.205339   0.411943  -0.3683904   0.0013361  -0.004786  -0.002706   0.001104   0.001320  0.0000108  0.0000112    0.000316    0.000242
1989   6  15  47692   0.206969   0.409916  -0.3696437   0.0011624  -0.004758  -0.002821   0.001883   0.002176  0.0000118  0.0000113    0.000474    0.000317
1989   6  16  47693   0.208095   0.407537  -0.3707103   0.0009643  -0.004610  -0.003053   0.000912   0.000868  0.0000119  0.0000118    0.000500    0.000327
1989   6  17  47694   0.209598   0.404694  -0.3715760   0.0007677  -0.004733  -0.003332   0.000638   0.000637  0.0000119  0.0000119    0.000500    0.000327
1989   6  18  47695   0.211597   0.401947  -0.3722592   0.0006122  -0.005368  -0.003517   0.000528   0.000536  0.0000119  0.0000119    0.000500    0.000327
1989   6  19  47696   0.213482   0.399543  -0.3728242   0.0005427  -0.006310  -0.003507   0.001293   0.001321  0.0000119  0.0000125    0.000500    0.000327
1989   6  20  47697   0.214907   0.397015  -0.3733763   0.0005902  -0.007028  -0.003308   0.003814   0.003799  0.0000132  0.0000126    0.000682    0.000379
1989   6  21  47698   0.216221   0.394144  -0.3740382   0.0007568  -0.007061  -0.002998   0.000740   0.000710  0.0000134  0.0000137    0.000705    0.000376
1989   6  22  47699   0.218339   0.391508  -0.3749162   0.0010108  -0.006358  -0.002679   0.000461   0.000448  0.0000142  0.0000154    0.000688    0.000332
1989   6  23  47700   0.221565   0.389581  -0.3760698   0.0012911  -0.005383  -0.002469   0.000518   0.000521  0.0000174  0.0000179    0.000644    0.000257
1989   6  24  47701   0.224610   0.387778  -0.3774875   0.0015194  -0.005026  -0.002544   0.000579   0.000607  0.0000216  0.0000195    0.000619    0.000228
1989   6  25  47702   0.226649   0.385181  -0.3790784   0.0016240  -0.005616  -0.002811   0.001051   0.001066  0.0000216  0.0000187    0.000633    0.000234
1989   6  26  47703   0.227909   0.381705  -0.3806929   0.0015712  -0.006691  -0.002936   0.001431   0.001079  0.0000159  0.0000191    0.000884    0.000506
1989   6  27  47704   0.228866   0.378409  -0.3821755   0.0013848  -0.007483  -0.002652   0.001075   0.000754  0.0000166  0.0000180    0.000787    0.000511
1989   6  28  47705   0.229300   0.377443  -0.3834250   0.0011367  -0.007504  -0.002017   0.001146   0.000949  0.0000201  0.0000206    0.000605    0.000518
1989   6  29  47706   0.232198   0.374832  -0.3844282   0.0008827  -0.007005  -0.001601   0.001833   0.002244  0.0000246  0.0000205    0.000534    0.000524
1989   6  30  47707   0.236371   0.370671  -0.3851924   0.0006335  -0.006526  -0.001733   0.002770   0.002967  0.0000208  0.0000175    0.000521    0.000469
1989   7   1  47708   0.238752   0.367153  -0.3857196   0.0004065  -0.006430  -0.002225   0.001023   0.000863  0.0000103  0.0000159    0.000513    0.000281
1989   7   2  47709   0.238770   0.364497  -0.3860452   0.0002550  -0.006745  -0.002660   0.000688   0.000566  0.0000110  0.0000126    0.000536    0.000280
1989   7   3  47710   0.238356   0.362593  -0.3862723   0.0002488  -0.007203  -0.002727   0.000763   0.000657  0.0000148  0.0000169    0.000656    0.000279
1989   7   4  47711   0.239662   0.359789  -0.3865760   0.0003986  -0.007451  -0.002584   0.001368   0.001326  0.0000228  0.0000215    0.000809    0.000279
1989   7   5  47712   0.242388   0.356042  -0.3870857   0.0006277  -0.007423  -0.002437   0.001324   0.001053  0.0000282  0.0000210    0.000815    0.000354
1989   7   6  47713   0.244658   0.352908  -0.3878303   0.0008511  -0.007355  -0.002341   0.000690   0.000648  0.0000191  0.0000204    0.000803    0.000409
1989   7   7  47714   0.245825   0.350029  -0.3887746   0.0010275  -0.007497  -0.002295   0.000494   0.000486  0.0000125  0.0000170    0.000838    0.000511
1989   7   8  47715   0.246194   0.347317  -0.3898656   0.0011384  -0.007864  -0.002336   0.000540   0.000536  0.0000149  0.0000116    0.000888    0.000323
1989   7   9  47716   0.248634   0.344565  -0.3910298   0.0011713  -0.008446  -0.002352   0.000401   0.000403  0.0000108  0.0000104    0.000521    0.000164
1989   7  10  47717   0.249999   0.341361  -0.3921874   0.0011318  -0.009286  -0.002139   0.000306   0.000269  0.0000060  0.0000083    0.000397    0.000147
1989   7  11  47718   0.250761   0.338555  -0.3932753   0.0010399  -0.009336  -0.002186   0.000413   0.000341  0.0000057  0.0000093    0.000414    0.000167
1989   7  12  47719   0.252448   0.335651  -0.3942542   0.0009208  -0.008814  -0.002544   0.000675   0.000482  0.0000126  0.0000118    0.000747    0.000266
1989   7  13  47720   0.253660   0.332606  -0.3951111   0.0008022  -0.008939  -0.002757   0.000677   0.000460  0.0000179  0.0000227    0.000821    0.000291
1989   7  14  47721   0.253768   0.329604  -0.3958611   0.0007094  -0.009792  -0.002749   0.000798   0.000558  0.0000327  0.0000227    0.000868    0.000315
1989   7  15  47722   0.253923   0.326408  -0.3965412   0.0006577  -0.010504  -0.002682   0.000731   0.000586  0.0000275  0.0000265    0.001028    0.000356
1989   7  16  47723   0.255408   0.323414  -0.3971972   0.0006514  -0.010173  -0.002561   0.000655   0.000590  0.0000203  0.0000205    0.000867    0.000463
1989   7  17  47724   0.257325   0.321223  -0.3978736   0.0006920  -0.009005  -0.002409   0.000418   0.000430  0.0000136  0.0000149    0.000586    0.000419
1989   7  18  47725   0.258319   0.318938  -0.3986163   0.0007996  -0.008957  -0.002416   0.000351   0.000396  0.0000096  0.0000102    0.000522    0.000310
1989   7  19  47726   0.258571   0.316182  -0.3995053   0.0009996  -0.009801  -0.002546   0.000377   0.000510  0.0000069  0.0000082    0.000532    0.000227
1989   7  20  47727   0.258894   0.313372  -0.4006340   0.0012732  -0.009901  -0.002581   0.000496   0.000686  0.0000068  0.0000084    0.000533    0.000223
1989   7  21  47728   0.258910   0.310405  -0.4020470   0.0015504  -0.009266  -0.002459   0.000438   0.000440  0.0000099  0.0000092    0.000526    0.000177
1989   7  22  47729   0.259205   0.307086  -0.4037050   0.0017459  -0.009132  -0.002318   0.000313   0.000295  0.0000116  0.0000122    0.000528    0.000171
1989   7  23  47730   0.260039   0.303587  -0.4054914   0.0018018  -0.010302  -0.002323   0.000391   0.000367  0.0000144  0.0000238    0.000616    0.000206
1989   7  24  47731   0.260032   0.300528  -0.4072574   0.0017084  -0.011699  -0.002447   0.001167   0.001099  0.0000361  0.0000198    0.000897    0.000422
1989   7  25  47732   0.258553   0.297939  -0.4088674   0.0014947  -0.011855  -0.002531   0.000949   0.000815  0.0000252  0.0000264    0.000728    0.000561
1989   7  26  47733   0.257982   0.294570  -0.4102258   0.0012116  -0.011281  -0.002510   0.000718   0.000583  0.0000167  0.0000179    0.000548    0.000361
1989   7  27  47734   0.258847   0.290574  -0.4112920   0.0009165  -0.011097  -0.002422   0.000433   0.000441  0.0000105  0.0000149    0.000457    0.000187
1989   7  28  47735   0.258692   0.286593  -0.4120801   0.0006719  -0.011373  -0.002292   0.000398   0.000480  0.0000130  0.0000118    0.000514    0.000196
1989   7  29  47736   0.258740   0.283386  -0.4126707   0.0005232  -0.011347  -0.002241   0.000338   0.000375  0.0000131  0.0000111    0.000386    0.000194
1989   7  30  47737   0.259727   0.280520  -0.4131662   0.0004834  -0.010966  -0.002331   0.000283   0.000275  0.0000092  0.0000133    0.000280    0.000161
1989   7  31  47738   0.260172   0.277155  -0.4136725   0.0005557  -0.010819  -0.002464   0.000418   0.000404  0.0000136  0.0000122    0.000436    0.000238
1989   8   1  47739   0.259354   0.273956  -0.4143002   0.0007192  -0.011112  -0.002481   0.000466   0.000441  0.0000152  0.0000141    0.000728    0.000264
1989   8   2  47740   0.257850   0.271474  -0.4151172   0.0009156  -0.011516  -0.002289   0.000508   0.000460  0.0000146  0.0000167    0.000625    0.000258
1989   8   3  47741   0.257613   0.269006  -0.4161226   0.0010794  -0.011225  -0.001944   0.000697   0.000572  0.0000181  0.0000169    0.000686    0.000242
1989   8   4  47742   0.257752   0.265694  -0.4172569   0.0011746  -0.010601  -0.001723   0.000735   0.000540  0.0000191  0.0000154    0.000805    0.000235
1989   8   5  47743   0.258881   0.262833  -0.4184482   0.0012045  -0.010526  -0.001768   0.000454   0.000347  0.0000126  0.0000138    0.000492    0.000218
1989   8   6  47744   0.258951   0.258599  -0.4196424   0.0011907  -0.011763  -0.002189   0.000302   0.000219  0.0000086  0.0000108    0.000399    0.000160
1989   8   7  47745   0.259217   0.255314  -0.4208090   0.0011322  -0.012449  -0.002344   0.000417   0.000301  0.0000090  0.0000132    0.000422    0.000174
1989   8   8  47746   0.259625   0.253225  -0.4218917   0.0010170  -0.011902  -0.002169   0.000839   0.000761  0.0000179  0.0000141    0.000530    0.000531
1989   8   9  47747   0.258899   0.250529  -0.4228354   0.0008816  -0.011297  -0.002159   0.000681   0.000769  0.0000192  0.0000181    0.000508    0.000516
1989   8  10  47748   0.257445   0.247683  -0.4236558   0.0007748  -0.011552  -0.002303   0.000557   0.000624  0.0000183  0.0000175    0.000483    0.000327
1989   8  11  47749   0.259031   0.243647  -0.4243946   0.0006911  -0.012346  -0.002506   0.000386   0.000448  0.0000158  0.0000165    0.000514    0.000381
1989   8  12  47750   0.260365   0.240254  -0.4250559   0.0006303  -0.012947  -0.002806   0.000473   0.000562  0.0000148  0.0000152    0.000542    0.000507
1989   8  13  47751   0.260099   0.237925  -0.4256811   0.0006324  -0.012869  -0.003130   0.001225   0.001322  0.0000147  0.0000124    0.000547    0.000544
1989   8  14  47752   0.259799   0.235625  -0.4263533   0.0007236  -0.012226  -0.003379   0.001362   0.001344  0.0000099  0.0000122    0.000486    0.000256
1989   8  15  47753   0.259646   0.232924  -0.4271633   0.0009057  -0.011549  -0.003456   0.000358   0.000394  0.0000097  0.0000098    0.000482    0.000250
1989   8  16  47754   0.258943   0.229913  -0.4281925   0.0011698  -0.011323  -0.003217   0.000355   0.000392  0.0000097  0.0000103    0.000483    0.000250
1989   8  17  47755   0.257187   0.226893  -0.4295113   0.0014954  -0.011712  -0.002592   0.000406   0.000442  0.0000110  0.0000148    0.000521    0.000247
1989   8  18  47756   0.255115   0.223829  -0.4311637   0.0018242  -0.012527  -0.001823   0.000933   0.001560  0.0000198  0.0000162    0.000687    0.000240
1989   8  19  47757   0.253845   0.220462  -0.4331138   0.0020487  -0.013386  -0.001355   0.001091   0.002882  0.0000214  0.0000184    0.000706    0.000241
1989   8  20  47758   0.253356   0.216826  -0.4352017   0.0020653  -0.013919  -0.001397   0.000796   0.000814  0.0000169  0.0000189    0.000940    0.000336
1989   8  21  47759   0.252792   0.213232  -0.4371910   0.0018549  -0.014011  -0.001765   0.000825   0.000766  0.0000163  0.0000176    0.001037    0.000380
1989   8  22  47760   0.251790   0.209915  -0.4388801   0.0015026  -0.013899  -0.002099   0.001111   0.000938  0.0000183  0.0000218    0.001153    0.000440
1989   8  23  47761   0.251147   0.206489  -0.4401933   0.0011392  -0.014304  -0.002220   0.001327   0.001085  0.0000274  0.0000244    0.001581    0.000832
1989   8  24  47762   0.250945   0.203454  -0.4411804   0.0008638  -0.015463  -0.002183   0.001202   0.001019  0.0000305  0.0000232    0.000900    0.000583
1989   8  25  47763   0.250690   0.200167  -0.4419573   0.0007112  -0.015843  -0.002096   0.000797   0.000789  0.0000189  0.0000205    0.000575    0.000285
1989   8  26  47764   0.250265   0.196202  -0.4426427   0.0006624  -0.014235  -0.002086   0.000488   0.000560  0.0000105  0.0000139    0.000513    0.000176
1989   8  27  47765   0.250228   0.193397  -0.4433169   0.0006986  -0.012370  -0.002327   0.000483   0.000568  0.0000088  0.0000096    0.000486    0.000150
1989   8  28  47766   0.249866   0.191696  -0.4440643   0.0008205  -0.011613  -0.002734   0.001355   0.001234  0.0000088  0.0000094    0.000428    0.000156
1989   8  29  47767   0.248231   0.189455  -0.4449691   0.0010084  -0.011891  -0.002955   0.000730   0.000552  0.0000100  0.0000096    0.000298    0.000250
1989   8  30  47768   0.246401   0.186490  -0.4460785   0.0012114  -0.012419  -0.002648   0.000445   0.000340  0.0000104  0.0000111    0.000321    0.000250
1989   8  31  47769   0.245446   0.183651  -0.4473775   0.0013634  -0.012454  -0.001813   0.000504   0.000402  0.0000121  0.0000143    0.000464    0.000250
1989   9   1  47770   0.243332   0.180924  -0.4487834   0.0014441  -0.012260  -0.000929   0.000774   0.000669  0.0000183  0.0000257    0.000754    0.000264
1989   9   2  47771   0.240757   0.177498  -0.4502410   0.0014721  -0.012391  -0.000554   0.001702   0.002018  0.0000393  0.0000586    0.001051    0.000359
1989   9   3  47772   0.238710   0.174007  -0.4517044   0.0014333  -0.013104  -0.000865   0.002704   0.003847  0.0000988  0.0000278    0.003018    0.001057
1989   9   4  47773   0.236902   0.171095  -0.4530894   0.0012988  -0.014087  -0.001544   0.000857   0.000583  0.0000163  0.0000550    0.001452    0.000516
1989   9   5  47774   0.235274   0.167646  -0.4542913   0.0010813  -0.014635  -0.002059   0.000715   0.000472  0.0000112  0.0000137    0.001007    0.000357
1989   9   6  47775   0.233545   0.163309  -0.4552502   0.0008525  -0.014378  -0.002170   0.001012   0.000621  0.0000112  0.0000137    0.000998    0.000354
1989   9   7  47776   0.231117   0.160358  -0.4560038   0.0006974  -0.013779  -0.002131   0.001941   0.001000  0.0000163  0.0000148    0.000783    0.000287
1989   9   8  47777   0.228325   0.158692  -0.4566610   0.0006510  -0.013529  -0.002288   0.002173   0.001581  0.0000185  0.0000146    0.000751    0.000275
1989   9   9  47778   0.225909   0.156454  -0.4573289   0.0006828  -0.013745  -0.002636   0.000907   0.000783  0.0000130  0.0000131    0.000720    0.000231
1989   9  10  47779   0.223845   0.153532  -0.4580559   0.0007523  -0.013598  -0.002708   0.000474   0.000407  0.0000077  0.0000095    0.000632    0.000177
1989   9  11  47780   0.221616   0.151010  -0.4588666   0.0008733  -0.012524  -0.002209   0.000390   0.000322  0.0000059  0.0000074    0.000568    0.000185
1989   9  12  47781   0.219252   0.148521  -0.4598341   0.0010887  -0.011714  -0.001672   0.000504   0.000407  0.0000070  0.0000160    0.000715    0.000256
1989   9  13  47782   0.216648   0.146077  -0.4610639   0.0014049  -0.011982  -0.001533   0.001448   0.001031  0.0000260  0.0000264    0.002600    0.000953
1989   9  14  47783   0.213799   0.143835  -0.4626409   0.0017691  -0.012960  -0.001679   0.001434   0.001376  0.0000457  0.0000230    0.002413    0.000797
1989   9  15  47784   0.211226   0.141563  -0.4645700   0.0020745  -0.013904  -0.001845   0.000658   0.000677  0.0000199  0.0000295    0.001041    0.000343
1989   9  16  47785   0.209386   0.139392  -0.4667336   0.0022014  -0.014166  -0.001924   0.000477   0.000458  0.0000132  0.0000149    0.000646    0.000242
1989   9  17  47786   0.207478   0.137532  -0.4689094   0.0020993  -0.013832  -0.001901   0.000372   0.000347  0.0000098  0.0000123    0.000457    0.000179
1989   9  18  47787   0.204642   0.135732  -0.4708834   0.0018403  -0.013475  -0.001764   0.000412   0.000403  0.0000115  0.0000109    0.000503    0.000178
1989   9  19  47788   0.201661   0.132998  -0.4725718   0.0015384  -0.013481  -0.001833   0.000447   0.000439  0.0000119  0.0000109    0.000501    0.000179
1989   9  20  47789   0.199175   0.130092  -0.4739751   0.0012668  -0.013741  -0.001919   0.000466   0.000415  0.0000103  0.0000126    0.000437    0.000187
1989   9  21  47790   0.196951   0.128304  -0.4751433   0.0010770  -0.013839  -0.001660   0.000553   0.000484  0.0000133  0.0000145    0.000514    0.000208
1989   9  22  47791   0.194609   0.126349  -0.4761743   0.0010006  -0.013802  -0.001488   0.000676   0.000584  0.0000186  0.0000147    0.000604    0.000226
1989   9  23  47792   0.191797   0.123676  -0.4771835   0.0010376  -0.013723  -0.001614   0.001487   0.001422  0.0000161  0.0000132    0.000580    0.000234
1989   9  24  47793   0.188438   0.121163  -0.4782756   0.0011653  -0.013539  -0.001826   0.000562   0.000619  0.0000078  0.0000120    0.000387    0.000268
1989   9  25  47794   0.184957   0.119134  -0.4795267   0.0013490  -0.013125  -0.001905   0.000270   0.000297  0.0000078  0.0000081    0.000385    0.000268
1989   9  26  47795   0.181829   0.116806  -0.4809742   0.0015481  -0.012480  -0.001731   0.000259   0.000217  0.0000084  0.0000094    0.000352    0.000268
1989   9  27  47796   0.178383   0.114374  -0.4826133   0.0017223  -0.012035  -0.001404   0.000321   0.000174  0.0000111  0.0000125    0.000323    0.000288
1989   9  28  47797   0.174176   0.112386  -0.4844014   0.0018393  -0.012173  -0.001089   0.000502   0.000266  0.0000166  0.0000133    0.000459    0.000381
1989   9  29  47798   0.170822   0.110114  -0.4862695   0.0018761  -0.012400  -0.000759   0.000857   0.000618  0.0000155  0.0000127    0.000562    0.000288
1989   9  30  47799   0.169091   0.106936  -0.4881302   0.0018243  -0.012342  -0.000451   0.000501   0.000436  0.0000088  0.0000120    0.000364    0.000168
1989  10   1  47800   0.167373   0.103892  -0.4898980   0.0016992  -0.012046  -0.000265   0.000401   0.000352  0.0000085  0.0000086    0.000356    0.000164
1989  10   2  47801   0.164231   0.102235  -0.4915149   0.0015349  -0.011647  -0.000234   0.000612   0.000514  0.0000085  0.0000078    0.000356    0.000164
1989  10   3  47802   0.159919   0.101992  -0.4929626   0.0013704  -0.011298  -0.000377   0.002600   0.001212  0.0000071  0.0000078    0.000345    0.000171
1989  10   4  47803   0.155656   0.102066  -0.4942601   0.0012382  -0.011193  -0.000773   0.000600   0.000565  0.0000071  0.0000073    0.000347    0.000172
1989  10   5  47804   0.152381   0.100972  -0.4954525   0.0011578  -0.011514  -0.001462   0.000310   0.000312  0.0000076  0.0000091    0.000371    0.000179
1989  10   6  47805   0.149837   0.098354  -0.4965971   0.0011363  -0.012184  -0.002227   0.000432   0.000436  0.0000110  0.0000150    0.000544    0.000211
1989  10   7  47806   0.146640   0.096106  -0.4977520   0.0011800  -0.012637  -0.002460   0.000932   0.000892  0.0000225  0.0000097    0.001090    0.000237
1989  10   8  47807   0.142437   0.095130  -0.4989873   0.0013031  -0.012523  -0.002036   0.000269   0.000228  0.0000083  0.0000149    0.000315    0.000092
1989  10   9  47808   0.138328   0.094291  -0.5003884   0.0015159  -0.012077  -0.001525   0.000240   0.000211  0.0000073  0.0000078    0.000290    0.000087
1989  10  10  47809   0.135207   0.092704  -0.5020433   0.0018077  -0.011741  -0.001501   0.000250   0.000245  0.0000072  0.0000081    0.000338    0.000111
1989  10  11  47810   0.132515   0.091608  -0.5040133   0.0021400  -0.011473  -0.001668   0.000346   0.000351  0.0000088  0.0000100    0.000536    0.000189
1989  10  12  47811   0.128736   0.091071  -0.5063091   0.0024390  -0.011542  -0.001697   0.000536   0.000446  0.0000127  0.0000145    0.000734    0.000224
1989  10  13  47812   0.124581   0.090324  -0.5088503   0.0026123  -0.012159  -0.001513   0.000693   0.000592  0.0000203  0.0000152    0.000781    0.000265
1989  10  14  47813   0.120773   0.089159  -0.5114742   0.0026040  -0.012894  -0.001332   0.000691   0.000680  0.0000177  0.0000145    0.000700    0.000374
1989  10  15  47814   0.116253   0.087879  -0.5139991   0.0024305  -0.012989  -0.001384   0.000379   0.000352  0.0000088  0.0000123    0.000398    0.000170
1989  10  16  47815   0.110592   0.086765  -0.5162976   0.0021745  -0.012148  -0.001529   0.000254   0.000259  0.0000070  0.0000071    0.000302    0.000097
1989  10  17  47816   0.106757   0.085450  -0.5183452   0.0019282  -0.011256  -0.001445   0.000190   0.000199  0.0000055  0.0000061    0.000240    0.000070
1989  10  18  47817   0.103366   0.084778  -0.5201838   0.0017545  -0.010829  -0.001249   0.000175   0.000185  0.0000053  0.0000057    0.000250    0.000066
1989  10  19  47818   0.100332   0.083605  -0.5219020   0.0016896  -0.011095  -0.001058   0.000202   0.000230  0.0000059  0.0000067    0.000279    0.000077
1989  10  20  47819   0.096889   0.082994  -0.5236102   0.0017347  -0.011288  -0.001100   0.000340   0.000400  0.0000081  0.0000091    0.000382    0.000121
1989  10  21  47820   0.092663   0.081939  -0.5254046   0.0018646  -0.011052  -0.001226   0.000629   0.000714  0.0000122  0.0000078    0.000572    0.000242
1989  10  22  47821   0.088112   0.080257  -0.5273548   0.0020439  -0.010712  -0.001167   0.000325   0.000359  0.0000075  0.0000094    0.000324    0.000173
1989  10  23  47822   0.083895   0.079021  -0.5294932   0.0022295  -0.010563  -0.000922   0.000276   0.000285  0.0000067  0.0000086    0.000312    0.000160
1989  10  24  47823   0.080737   0.078468  -0.5318050   0.0023685  -0.010609  -0.000633   0.000407   0.000360  0.0000097  0.0000079    0.000403    0.000179
1989  10  25  47824   0.077720   0.077658  -0.5342155   0.0024193  -0.010582  -0.000320   0.000354   0.000291  0.0000091  0.0000084    0.000304    0.000133
1989  10  26  47825   0.074702   0.077548  -0.5366248   0.0023909  -0.010189  -0.000016   0.000240   0.000246  0.0000072  0.0000078    0.000238    0.000096
1989  10  27  47826   0.070825   0.076953  -0.5389764   0.0023307  -0.009955   0.000108   0.000203   0.000243  0.0000065  0.0000064    0.000234    0.000081
1989  10  28  47827   0.067720   0.076601  -0.5412662   0.0022558  -0.009858   0.000032   0.000175   0.000219  0.0000056  0.0000060    0.000246    0.000075
1989  10  29  47828   0.064450   0.076560  -0.5434724   0.0021423  -0.009755  -0.000135   0.000154   0.000191  0.0000054  0.0000061    0.000260    0.000082
1989  10  30  47829   0.060263   0.076480  -0.5455426   0.0019915  -0.009837  -0.000381   0.000196   0.000208  0.0000066  0.0000055    0.000277    0.000109
1989  10  31  47830   0.056390   0.075957  -0.5474563   0.0018375  -0.009957  -0.000677   0.000191   0.000183  0.0000056  0.0000063    0.000192    0.000090
1989  11   1  47831   0.052784   0.075259  -0.5492279   0.0017025  -0.009975  -0.000895   0.000209   0.000185  0.0000061  0.0000081    0.000196    0.000087
1989  11   2  47832   0.049700   0.075006  -0.5508803   0.0016008  -0.009592  -0.000871   0.000377   0.000292  0.0000105  0.0000100    0.000325    0.000138
1989  11   3  47833   0.046922   0.074776  -0.5524549   0.0015588  -0.008905  -0.000653   0.000583   0.000576  0.0000139  0.0000089    0.000567    0.000292
1989  11   4  47834   0.043175   0.074376  -0.5540266   0.0016048  -0.008498  -0.000439   0.000367   0.000390  0.0000072  0.0000103    0.000337    0.000182
1989  11   5  47835   0.038825   0.074496  -0.5556926   0.0017436  -0.008796  -0.000432   0.000431   0.000428  0.0000067  0.0000094    0.000282    0.000158
1989  11   6  47836   0.034718   0.074897  -0.5575368   0.0019596  -0.009247  -0.000563   0.000624   0.000461  0.0000116  0.0000131    0.000329    0.000200
1989  11   7  47837   0.031045   0.074963  -0.5596243   0.0022371  -0.009084  -0.000633   0.000745   0.000621  0.0000196  0.0000131    0.000571    0.000298
1989  11   8  47838   0.025446   0.074965  -0.5620068   0.0025377  -0.008570  -0.000535   0.000573   0.000525  0.0000145  0.0000136    0.000774    0.000249
1989  11   9  47839   0.020978   0.074513  -0.5646743   0.0027795  -0.008285  -0.000315   0.000327   0.000317  0.0000076  0.0000116    0.000382    0.000169
1989  11  10  47840   0.017786   0.074620  -0.5675204   0.0028550  -0.008694  -0.000230   0.000399   0.000415  0.0000086  0.0000108    0.000412    0.000189
1989  11  11  47841   0.014680   0.074815  -0.5703292   0.0027207  -0.009098  -0.000149   0.000734   0.000849  0.0000141  0.0000143    0.000620    0.000259
1989  11  12  47842   0.010957   0.075049  -0.5729147   0.0024488  -0.008990  -0.000158   0.000864   0.001048  0.0000201  0.0000156    0.001023    0.000358
1989  11  13  47843   0.005736   0.075250  -0.5752052   0.0021471  -0.008576  -0.000355   0.000770   0.000732  0.0000170  0.0000150    0.000896    0.000403
1989  11  14  47844   0.001654   0.075494  -0.5772212   0.0018944  -0.008129  -0.000224   0.000509   0.000422  0.0000099  0.0000127    0.000497    0.000300
1989  11  15  47845  -0.001021   0.076045  -0.5790343   0.0017432  -0.007473   0.000177   0.000439   0.000363  0.0000084  0.0000146    0.000417    0.000256
1989  11  16  47846  -0.003958   0.077087  -0.5807588   0.0017219  -0.006747   0.000367   0.000611   0.000667  0.0000194  0.0000265    0.000878    0.000309
1989  11  17  47847  -0.008126   0.078411  -0.5825211   0.0018197  -0.006333   0.000171   0.000664   0.000784  0.0000447  0.0000179    0.001410    0.000371
1989  11  18  47848  -0.012732   0.079337  -0.5844219   0.0019971  -0.006550  -0.000082   0.000553   0.000558  0.0000165  0.0000265    0.000680    0.000332
1989  11  19  47849  -0.015582   0.079157  -0.5865186   0.0021998  -0.007238   0.000067   0.000371   0.000339  0.0000083  0.0000126    0.000376    0.000181
1989  11  20  47850  -0.020027   0.080766  -0.5888111   0.0023748  -0.007973   0.000558   0.000395   0.000351  0.0000087  0.0000100    0.000450    0.000172
1989  11  21  47851  -0.024013   0.082152  -0.5912514   0.0024930  -0.008413   0.000917   0.000484   0.000438  0.0000117  0.0000119    0.000795    0.000208
1989  11  22  47852  -0.026344   0.082534  -0.5937782   0.0025515  -0.008257   0.000901   0.000497   0.000526  0.0000151  0.0000110    0.000892    0.000307
1989  11  23  47853  -0.029201   0.083794  -0.5963351   0.0025556  -0.007593   0.000684   0.000346   0.000367  0.0000104  0.0000109    0.000475    0.000228
1989  11  24  47854  -0.033151   0.085883  -0.5988709   0.0025047  -0.006974   0.000560   0.000227   0.000231  0.0000067  0.0000083    0.000281    0.000152
1989  11  25  47855  -0.037129   0.087552  -0.6013291   0.0023927  -0.006819   0.000623   0.000213   0.000127  0.0000062  0.0000063    0.000242    0.000125
1989  11  26  47856  -0.040870   0.089246  -0.6036468   0.0022266  -0.006895   0.000713   0.000210   0.000089  0.0000060  0.0000071    0.000218    0.000107
1989  11  27  47857  -0.044935   0.091763  -0.6057810   0.0020415  -0.006824   0.000674   0.000292   0.000133  0.0000081  0.0000083    0.000330    0.000150
1989  11  28  47858  -0.049310   0.093611  -0.6077375   0.0018861  -0.006864   0.000576   0.000405   0.000300  0.0000106  0.0000084    0.000644    0.000242
1989  11  29  47859  -0.053539   0.094232  -0.6095695   0.0017939  -0.006946   0.000495   0.000336   0.000330  0.0000088  0.0000096    0.000502    0.000254
1989  11  30  47860  -0.057223   0.094580  -0.6113489   0.0017704  -0.006700   0.000388   0.000354   0.000347  0.0000087  0.0000087    0.000492    0.000253
1989  12   1  47861  -0.060415   0.095225  -0.6131383   0.0018062  -0.006090   0.000211   0.001267   0.001233  0.0000087  0.0000086    0.000492    0.000253
1989  12   2  47862  -0.063422   0.096037  -0.6149892   0.0018951  -0.005473   0.000047   0.002496   0.002435  0.0000084  0.0000086    0.000364    0.000177
1989  12   3  47863  -0.066250   0.096884  -0.6169508   0.0020338  -0.005270   0.000097   0.000393   0.000428  0.0000084  0.0000086    0.000361    0.000175
1989  12   4  47864  -0.068569   0.098003  -0.6190684   0.0022093  -0.005625   0.000505   0.000336   0.000361  0.0000088  0.0000097    0.000381    0.000182
1989  12   5  47865  -0.070295   0.099630  -0.6213660   0.0023905  -0.006328   0.001199   0.000445   0.000429  0.0000109  0.0000111    0.000507    0.000225
1989  12   6  47866  -0.071974   0.101594  -0.6238294   0.0025324  -0.006960   0.001899   0.000626   0.000508  0.0000133  0.0000124    0.000712    0.000277
1989  12   7  47867  -0.073925   0.103721  -0.6263955   0.0025864  -0.007270   0.002389   0.001823   0.001434  0.0000138  0.0000136    0.000771    0.000289
1989  12   8  47868  -0.075982   0.106001  -0.6289572   0.0025171  -0.007274   0.002588   0.005952   0.003880  0.0000139  0.0000119    0.000778    0.000290
1989  12   9  47869  -0.077985   0.108436  -0.6313857   0.0023213  -0.007070   0.002437   0.005998   0.003951  0.0000099  0.0000084    0.000597    0.000232
1989  12  10  47870  -0.080192   0.110910  -0.6335707   0.0020415  -0.006673   0.001920   0.002121   0.004180  0.0000030  0.0000064    0.000193    0.000080
1989  12  11  47871  -0.082993   0.113248  -0.6354660   0.0017577  -0.006112   0.001223   0.000923   0.001465  0.0000030  0.0000030    0.000194    0.000080
1989  12  12  47872  -0.086423   0.115341  -0.6371123   0.0015532  -0.005603   0.000719   0.000254   0.000383  0.0000030  0.0000031    0.000194    0.000080
1989  12  13  47873  -0.089866   0.117275  -0.6386182   0.0014743  -0.005411   0.000644   0.000154   0.000230  0.0000032  0.0000038    0.000204    0.000083
1989  12  14  47874  -0.092683   0.119341  -0.6401092   0.0015146  -0.005432   0.000850   0.000179   0.000256  0.0000046  0.0000049    0.000252    0.000100
1989  12  15  47875  -0.095163   0.121898  -0.6416817   0.0016360  -0.005119   0.000991   0.000208   0.000289  0.0000067  0.0000062    0.000294    0.000113
1989  12  16  47876  -0.097507   0.124958  -0.6433933   0.0017968  -0.004423   0.000965   0.000661   0.000854  0.0000078  0.0000094    0.000320    0.000126
1989  12  17  47877  -0.099576   0.128114  -0.6452672   0.0019616  -0.003953   0.000927   0.000655   0.000607  0.0000122  0.0000078    0.000415    0.000226
1989  12  18  47878  -0.101334   0.130804  -0.6472964   0.0021008  -0.004268   0.000993   0.000261   0.000209  0.0000078  0.0000085    0.000274    0.000153
1989  12  19  47879  -0.103141   0.132810  -0.6494453   0.0021881  -0.005170   0.001079   0.000158   0.000115  0.0000047  0.0000060    0.000171    0.000096
1989  12  20  47880  -0.105501   0.134869  -0.6516504   0.0021996  -0.005558   0.000963   0.000160   0.000104  0.0000043  0.0000047    0.000167    0.000093
1989  12  21  47881  -0.107871   0.137456  -0.6538252   0.0021319  -0.005611   0.000812   0.000190   0.000114  0.0000047  0.0000071    0.000196    0.000106
1989  12  22  47882  -0.109779   0.140082  -0.6558987   0.0020065  -0.005590   0.000759   0.000306   0.000237  0.0000100  0.0000071    0.000494    0.000176
1989  12  23  47883  -0.111537   0.142050  -0.6578283   0.0018450  -0.005371   0.000731   0.000315   0.000284  0.0000095  0.0000092    0.000443    0.000153
1989  12  24  47884  -0.113807   0.143632  -0.6595865   0.0016638  -0.005254   0.000754   0.000307   0.000300  0.0000083  0.0000088    0.000365    0.000132
1989  12  25  47885  -0.116819   0.145586  -0.6611623   0.0014861  -0.005601   0.000907   0.000383   0.000382  0.0000081  0.0000119    0.000352    0.000129
1989  12  26  47886  -0.120110   0.148132  -0.6625735   0.0013418  -0.006264   0.001170   0.002717   0.004406  0.0000155  0.0000148    0.000628    0.000281
1989  12  27  47887  -0.123079   0.150996  -0.6638681   0.0012588  -0.006765   0.001447   0.001423   0.001759  0.0000215  0.0000154    0.000846    0.000555
1989  12  28  47888  -0.125653   0.153704  -0.6651187   0.0012557  -0.006573   0.001549   0.000587   0.000610  0.0000154  0.0000156    0.000780    0.000344
1989  12  29  47889  -0.128197   0.155982  -0.6664088   0.0013384  -0.005557   0.001304   0.000356   0.000345  0.0000096  0.0000118    0.000640    0.000200
1989  12  30  47890  -0.130560   0.158018  -0.6678206   0.0014991  -0.004259   0.000729   0.000307   0.000294  0.0000082  0.0000088    0.000586    0.000169
1989  12  31  47891  -0.132455   0.160134  -0.6694208   0.0017152  -0.003375   0.000083   0.000553   0.000531  0.0000081  0.0000076    0.000578    0.000165
