

                   INTERNATIONAL EARTH ROTATION AND REFERENCE SYSTEMS SERVICE
                        EARTH ORIENTATION PARAMETERS
                          EOP (IERS) 08 C04

  
             FORMAT(3(I4),I7,2(F11.6),2(F12.7),2(F11.6),2(F11.6),2(F11.7),2F12.6)
**********************************************************************************
  
      Date      MJD      x          y        UT1-UTC       LOD         dPsi      dEps       x Err     y Err   UT1-UTC Err  LOD Err    dPsi Err   dEpsilon Err
                         "          "           s           s            "         "        "          "          s           s            "         "
     (0h UTC)

2002   1   1  52275  -0.177019   0.294133  -0.1158072   0.0008132  -0.053277  -0.001471   0.000123   0.000127  0.0000067  0.0000155    0.000241    0.000087
2002   1   2  52276  -0.177493   0.297869  -0.1166748   0.0009396  -0.052938  -0.001252   0.000117   0.000122  0.0000067  0.0000148    0.000258    0.000094
2002   1   3  52277  -0.178406   0.301028  -0.1177031   0.0011210  -0.052833  -0.001070   0.000113   0.000120  0.0000059  0.0000142    0.000276    0.000101
2002   1   4  52278  -0.179023   0.303802  -0.1189005   0.0012883  -0.052965  -0.001042   0.000115   0.000119  0.0000018  0.0000142    0.000294    0.000109
2002   1   5  52279  -0.179599   0.306664  -0.1202295   0.0013099  -0.053176  -0.001105   0.000117   0.000119  0.0000008  0.0000152    0.000310    0.000113
2002   1   6  52280  -0.180024   0.309680  -0.1215970   0.0013328  -0.053353  -0.001137   0.000116   0.000119  0.0000008  0.0000162    0.000325    0.000117
2002   1   7  52281  -0.180669   0.312889  -0.1228797   0.0012457  -0.053503  -0.001099   0.000116   0.000117  0.0000008  0.0000161    0.000340    0.000121
2002   1   8  52282  -0.181633   0.315635  -0.1239699   0.0010026  -0.053678  -0.001030   0.000114   0.000113  0.0000008  0.0000158    0.000355    0.000125
2002   1   9  52283  -0.182726   0.318394  -0.1248119   0.0007250  -0.053853  -0.000970   0.000111   0.000110  0.0000046  0.0000160    0.000330    0.000113
2002   1  10  52284  -0.183040   0.321343  -0.1254107   0.0004830  -0.053874  -0.000945   0.000114   0.000114  0.0000073  0.0000167    0.000294    0.000098
2002   1  11  52285  -0.182927   0.324336  -0.1257974   0.0002958  -0.053651  -0.000997   0.000113   0.000112  0.0000021  0.0000176    0.000259    0.000083
2002   1  12  52286  -0.182686   0.327539  -0.1259999   0.0001381  -0.053278  -0.001160   0.000117   0.000114  0.0000006  0.0000187    0.000242    0.000077
2002   1  13  52287  -0.182300   0.330632  -0.1260640   0.0000218  -0.052979  -0.001391   0.000120   0.000116  0.0000006  0.0000190    0.000233    0.000074
2002   1  14  52288  -0.181591   0.333585  -0.1260581  -0.0000329  -0.052873  -0.001574   0.000111   0.000108  0.0000005  0.0000178    0.000224    0.000072
2002   1  15  52289  -0.181275   0.336963  -0.1260582   0.0000224  -0.052917  -0.001617   0.000108   0.000106  0.0000004  0.0000171    0.000215    0.000070
2002   1  16  52290  -0.180614   0.339860  -0.1261279   0.0001343  -0.053029  -0.001521   0.000107   0.000106  0.0000004  0.0000169    0.000159    0.000056
2002   1  17  52291  -0.179790   0.343105  -0.1263012   0.0002335  -0.053177  -0.001434   0.000098   0.000098  0.0000004  0.0000161    0.000092    0.000039
2002   1  18  52292  -0.179307   0.346256  -0.1265887   0.0003559  -0.053341  -0.001511   0.000094   0.000094  0.0000005  0.0000156    0.000228    0.000075
2002   1  19  52293  -0.178733   0.349377  -0.1269911   0.0004789  -0.053310  -0.001593   0.000104   0.000103  0.0000005  0.0000161    0.000262    0.000084
2002   1  20  52294  -0.178367   0.352411  -0.1274971   0.0005400  -0.053061  -0.001593   0.000110   0.000109  0.0000005  0.0000178    0.000233    0.000075
2002   1  21  52295  -0.178117   0.355417  -0.1280803   0.0005926  -0.052802  -0.001509   0.000111   0.000111  0.0000004  0.0000180    0.000205    0.000067
2002   1  22  52296  -0.177700   0.358579  -0.1287002   0.0005992  -0.052794  -0.001400   0.000108   0.000108  0.0000004  0.0000173    0.000176    0.000058
2002   1  23  52297  -0.177004   0.361977  -0.1293065   0.0005793  -0.053075  -0.001309   0.000103   0.000104  0.0000003  0.0000170    0.000148    0.000050
2002   1  24  52298  -0.176513   0.365510  -0.1298491   0.0004962  -0.053513  -0.001255   0.000104   0.000105  0.0000004  0.0000166    0.000170    0.000056
2002   1  25  52299  -0.175747   0.368867  -0.1302937   0.0003749  -0.053954  -0.001243   0.000105   0.000107  0.0000005  0.0000164    0.000206    0.000067
2002   1  26  52300  -0.174998   0.372303  -0.1306445   0.0002978  -0.054369  -0.001357   0.000109   0.000110  0.0000005  0.0000171    0.000220    0.000071
2002   1  27  52301  -0.174297   0.375664  -0.1309593   0.0003341  -0.054700  -0.001696   0.000115   0.000115  0.0000005  0.0000183    0.000226    0.000071
2002   1  28  52302  -0.173542   0.378913  -0.1313416   0.0004721  -0.054608  -0.002100   0.000116   0.000115  0.0000005  0.0000182    0.000231    0.000072
2002   1  29  52303  -0.172934   0.382283  -0.1319065   0.0007090  -0.053898  -0.002257   0.000110   0.000110  0.0000005  0.0000174    0.000237    0.000072
2002   1  30  52304  -0.172178   0.385315  -0.1327355   0.0009849  -0.053111  -0.002152   0.000106   0.000107  0.0000006  0.0000172    0.000247    0.000084
2002   1  31  52305  -0.170758   0.388410  -0.1338419   0.0012376  -0.052396  -0.001850   0.000108   0.000107  0.0000007  0.0000171    0.000268    0.000086
2002   2   1  52306  -0.168939   0.391717  -0.1351758   0.0014017  -0.052170  -0.001664   0.000108   0.000106  0.0000009  0.0000172    0.000292    0.000084
2002   2   2  52307  -0.167455   0.394882  -0.1366424   0.0014945  -0.052498  -0.001671   0.000109   0.000108  0.0000009  0.0000175    0.000302    0.000086
2002   2   3  52308  -0.166403   0.398051  -0.1381261   0.0014518  -0.052950  -0.001689   0.000110   0.000113  0.0000008  0.0000168    0.000308    0.000089
2002   2   4  52309  -0.165619   0.401055  -0.1395163   0.0012706  -0.053255  -0.001634   0.000112   0.000115  0.0000008  0.0000156    0.000314    0.000091
2002   2   5  52310  -0.164337   0.403717  -0.1407272   0.0010851  -0.053387  -0.001574   0.000114   0.000117  0.0000007  0.0000156    0.000320    0.000094
2002   2   6  52311  -0.163270   0.406582  -0.1417109   0.0008853  -0.053145  -0.001497   0.000112   0.000113  0.0000064  0.0000159    0.000381    0.000114
2002   2   7  52312  -0.162216   0.409616  -0.1424623   0.0006278  -0.052861  -0.001484   0.000109   0.000110  0.0000135  0.0000157    0.000457    0.000139
2002   2   8  52313  -0.161186   0.412596  -0.1430193   0.0004966  -0.053217  -0.001800   0.000110   0.000109  0.0000036  0.0000155    0.000328    0.000107
2002   2   9  52314  -0.159781   0.415599  -0.1434541   0.0003926  -0.053271  -0.002037   0.000113   0.000112  0.0000007  0.0000162    0.000306    0.000100
2002   2  10  52315  -0.157947   0.419041  -0.1438508   0.0003627  -0.053103  -0.002189   0.000122   0.000124  0.0000007  0.0000177    0.000346    0.000107
2002   2  11  52316  -0.156018   0.422661  -0.1442825   0.0004632  -0.052987  -0.002239   0.000124   0.000127  0.0000007  0.0000181    0.000387    0.000115
2002   2  12  52317  -0.154484   0.425959  -0.1447973   0.0005918  -0.052965  -0.002135   0.000117   0.000119  0.0000008  0.0000175    0.000427    0.000123
2002   2  13  52318  -0.153250   0.428985  -0.1454162   0.0006744  -0.053091  -0.002049   0.000112   0.000115  0.0000012  0.0000175    0.000321    0.000113
2002   2  14  52319  -0.152543   0.431938  -0.1461409   0.0007762  -0.053025  -0.002011   0.000115   0.000118  0.0000010  0.0000177    0.000268    0.000096
2002   2  15  52320  -0.151503   0.434689  -0.1469775   0.0008359  -0.052817  -0.002114   0.000119   0.000122  0.0000007  0.0000181    0.000243    0.000079
2002   2  16  52321  -0.150136   0.437250  -0.1479275   0.0009253  -0.052607  -0.002284   0.000120   0.000121  0.0000087  0.0000190    0.000232    0.000073
2002   2  17  52322  -0.148507   0.439956  -0.1489609   0.0010492  -0.052393  -0.002395   0.000116   0.000117  0.0000199  0.0000189    0.000226    0.000071
2002   2  18  52323  -0.146738   0.442526  -0.1500207   0.0010794  -0.052277  -0.002438   0.000106   0.000108  0.0000310  0.0000177    0.000221    0.000069
2002   2  19  52324  -0.145213   0.445426  -0.1510479   0.0010011  -0.052382  -0.002505   0.000098   0.000100  0.0000339  0.0000168    0.000216    0.000067
2002   2  20  52325  -0.143754   0.448149  -0.1520061   0.0009052  -0.052619  -0.002630   0.000098   0.000101  0.0000060  0.0000167    0.000210    0.000065
2002   2  21  52326  -0.141917   0.451007  -0.1528811   0.0008319  -0.052680  -0.002718   0.000100   0.000103  0.0000005  0.0000170    0.000235    0.000080
2002   2  22  52327  -0.140252   0.454173  -0.1536537   0.0007279  -0.052628  -0.002689   0.000100   0.000100  0.0000006  0.0000172    0.000267    0.000099
2002   2  23  52328  -0.138418   0.457356  -0.1543281   0.0006434  -0.052861  -0.002695   0.000101   0.000101  0.0000006  0.0000179    0.000263    0.000096
2002   2  24  52329  -0.136543   0.460897  -0.1549776   0.0007083  -0.053404  -0.002975   0.000106   0.000105  0.0000005  0.0000183    0.000244    0.000086
2002   2  25  52330  -0.134099   0.463887  -0.1557317   0.0008517  -0.053728  -0.003475   0.000106   0.000105  0.0000004  0.0000178    0.000226    0.000076
2002   2  26  52331  -0.131047   0.467032  -0.1567118   0.0010805  -0.053315  -0.003794   0.000103   0.000102  0.0000003  0.0000174    0.000207    0.000065
2002   2  27  52332  -0.128360   0.470417  -0.1579641   0.0013809  -0.052340  -0.003643   0.000107   0.000106  0.0000047  0.0000176    0.000209    0.000067
2002   2  28  52333  -0.125985   0.473628  -0.1594304   0.0015618  -0.051569  -0.003232   0.000109   0.000107  0.0000078  0.0000177    0.000216    0.000072
2002   3   1  52334  -0.123413   0.476716  -0.1610171   0.0016438  -0.051441  -0.002968   0.000103   0.000100  0.0000022  0.0000177    0.000222    0.000077
2002   3   2  52335  -0.120670   0.479874  -0.1626518   0.0016610  -0.051759  -0.002981   0.000105   0.000101  0.0000007  0.0000187    0.000223    0.000076
2002   3   3  52336  -0.118455   0.483083  -0.1642329   0.0015141  -0.052117  -0.003077   0.000108   0.000104  0.0000006  0.0000194    0.000221    0.000073
2002   3   4  52337  -0.116623   0.486051  -0.1656411   0.0012585  -0.052316  -0.003130   0.000106   0.000102  0.0000005  0.0000181    0.000219    0.000070
2002   3   5  52338  -0.114450   0.489078  -0.1667946   0.0009861  -0.052380  -0.003211   0.000103   0.000099  0.0000004  0.0000169    0.000217    0.000066
2002   3   6  52339  -0.111840   0.491932  -0.1676925   0.0008091  -0.052514  -0.003318   0.000104   0.000100  0.0000005  0.0000171    0.000200    0.000067
2002   3   7  52340  -0.108720   0.494559  -0.1684173   0.0006557  -0.052583  -0.003436   0.000101   0.000099  0.0000003  0.0000174    0.000105    0.000035
2002   3   8  52341  -0.105595   0.497255  -0.1690308   0.0005635  -0.052427  -0.003550   0.000099   0.000098  0.0000004  0.0000174    0.000172    0.000059
2002   3   9  52342  -0.102276   0.499887  -0.1695767   0.0005287  -0.052145  -0.003606   0.000106   0.000102  0.0000004  0.0000182    0.000191    0.000066
2002   3  10  52343  -0.099216   0.502593  -0.1701177   0.0005629  -0.051727  -0.003663   0.000103   0.000098  0.0000003  0.0000190    0.000170    0.000059
2002   3  11  52344  -0.096836   0.505342  -0.1707311   0.0006762  -0.051349  -0.003685   0.000094   0.000091  0.0000003  0.0000180    0.000148    0.000052
2002   3  12  52345  -0.094966   0.507768  -0.1714785   0.0008270  -0.051222  -0.003561   0.000088   0.000087  0.0000003  0.0000166    0.000127    0.000045
2002   3  13  52346  -0.092754   0.510000  -0.1723702   0.0009670  -0.051432  -0.003256   0.000089   0.000088  0.0000004  0.0000160    0.000174    0.000062
2002   3  14  52347  -0.090136   0.512400  -0.1733479   0.0010203  -0.051535  -0.003006   0.000093   0.000090  0.0000005  0.0000157    0.000339    0.000079
2002   3  15  52348  -0.087609   0.514517  -0.1743455   0.0009716  -0.051409  -0.003065   0.000093   0.000090  0.0000005  0.0000158    0.000252    0.000073
2002   3  16  52349  -0.084890   0.516617  -0.1753278   0.0008991  -0.051292  -0.003278   0.000100   0.000096  0.0000005  0.0000168    0.000208    0.000069
2002   3  17  52350  -0.081828   0.518718  -0.1762608   0.0008658  -0.051172  -0.003478   0.000104   0.000099  0.0000004  0.0000167    0.000215    0.000070
2002   3  18  52351  -0.078696   0.520418  -0.1770930   0.0008268  -0.051082  -0.003593   0.000103   0.000099  0.0000004  0.0000157    0.000221    0.000071
2002   3  19  52352  -0.075631   0.522454  -0.1777840   0.0007132  -0.051106  -0.003687   0.000100   0.000098  0.0000003  0.0000150    0.000228    0.000072
2002   3  20  52353  -0.072532   0.524204  -0.1783391   0.0005382  -0.051059  -0.003784   0.000096   0.000094  0.0000142  0.0000145    0.000445    0.000257
2002   3  21  52354  -0.069253   0.525863  -0.1788038   0.0004284  -0.051048  -0.003937   0.000097   0.000093  0.0000317  0.0000144    0.003414    0.000567
2002   3  22  52355  -0.065778   0.527668  -0.1792168   0.0003864  -0.051068  -0.004061   0.000097   0.000092  0.0000100  0.0000147    0.001305    0.000226
2002   3  23  52356  -0.062311   0.529373  -0.1796043   0.0003991  -0.051094  -0.004129   0.000100   0.000096  0.0000005  0.0000154    0.000207    0.000072
2002   3  24  52357  -0.058845   0.530837  -0.1800432   0.0005327  -0.051261  -0.004322   0.000099   0.000095  0.0000005  0.0000167    0.000210    0.000071
2002   3  25  52358  -0.055191   0.532461  -0.1806468   0.0007172  -0.051357  -0.004674   0.000091   0.000088  0.0000005  0.0000169    0.000212    0.000070
2002   3  26  52359  -0.051426   0.534221  -0.1815103   0.0010010  -0.051029  -0.004913   0.000086   0.000084  0.0000004  0.0000161    0.000215    0.000068
2002   3  27  52360  -0.047902   0.535985  -0.1826762   0.0013060  -0.050285  -0.004595   0.000083   0.000082  0.0000004  0.0000157    0.000184    0.000084
2002   3  28  52361  -0.044862   0.537462  -0.1841010   0.0015334  -0.050033  -0.004366   0.000086   0.000084  0.0000005  0.0000156    0.000226    0.000092
2002   3  29  52362  -0.041724   0.538744  -0.1856485   0.0015477  -0.050249  -0.004224   0.000086   0.000086  0.0000020  0.0000156    0.000244    0.000092
2002   3  30  52363  -0.038211   0.539673  -0.1871418   0.0013585  -0.050655  -0.004258   0.000088   0.000088  0.0000038  0.0000163    0.000243    0.000090
2002   3  31  52364  -0.034497   0.540440  -0.1884409   0.0011469  -0.050874  -0.004347   0.000091   0.000089  0.0000049  0.0000167    0.000241    0.000088
2002   4   1  52365  -0.030707   0.540973  -0.1894848   0.0009528  -0.050764  -0.004376   0.000086   0.000085  0.0000060  0.0000158    0.000240    0.000086
2002   4   2  52366  -0.026950   0.541449  -0.1902792   0.0006922  -0.050477  -0.004464   0.000082   0.000082  0.0000059  0.0000149    0.000238    0.000085
2002   4   3  52367  -0.022913   0.541970  -0.1908642   0.0004834  -0.050296  -0.004705   0.000081   0.000082  0.0000014  0.0000146    0.000237    0.000083
2002   4   4  52368  -0.018870   0.543127  -0.1912972   0.0004052  -0.050466  -0.005013   0.000080   0.000081  0.0000005  0.0000144    0.000200    0.000068
2002   4   5  52369  -0.014845   0.544480  -0.1916728   0.0004048  -0.050940  -0.005089   0.000084   0.000084  0.0000005  0.0000146    0.000202    0.000070
2002   4   6  52370  -0.011623   0.545938  -0.1920753   0.0004595  -0.051354  -0.004919   0.000088   0.000090  0.0000005  0.0000155    0.000202    0.000072
2002   4   7  52371  -0.008757   0.547195  -0.1925570   0.0005529  -0.051342  -0.004694   0.000087   0.000090  0.0000005  0.0000154    0.000196    0.000070
2002   4   8  52372  -0.006144   0.548114  -0.1931425   0.0006249  -0.050924  -0.004538   0.000082   0.000086  0.0000005  0.0000142    0.000189    0.000069
2002   4   9  52373  -0.003820   0.548760  -0.1938382   0.0007487  -0.050450  -0.004409   0.000083   0.000086  0.0000005  0.0000136    0.000183    0.000068
2002   4  10  52374  -0.001789   0.549495  -0.1946416   0.0008562  -0.049957  -0.004323   0.000081   0.000082  0.0000005  0.0000136    0.000178    0.000068
2002   4  11  52375   0.000603   0.549856  -0.1955413   0.0009276  -0.050056  -0.004132   0.000077   0.000078  0.0000005  0.0000132    0.000199    0.000078
2002   4  12  52376   0.003797   0.550529  -0.1965055   0.0009964  -0.050388  -0.004005   0.000077   0.000078  0.0000007  0.0000131    0.000228    0.000091
2002   4  13  52377   0.006802   0.551472  -0.1974708   0.0009156  -0.050533  -0.004043   0.000080   0.000081  0.0000006  0.0000137    0.000222    0.000087
2002   4  14  52378   0.009909   0.551995  -0.1983485   0.0007605  -0.050485  -0.004205   0.000086   0.000087  0.0000005  0.0000140    0.000203    0.000078
2002   4  15  52379   0.012981   0.552744  -0.1990588   0.0006328  -0.050319  -0.004418   0.000085   0.000087  0.0000004  0.0000133    0.000184    0.000068
2002   4  16  52380   0.015667   0.553405  -0.1995709   0.0004452  -0.050147  -0.004666   0.000085   0.000086  0.0000004  0.0000131    0.000165    0.000058
2002   4  17  52381   0.018838   0.553847  -0.1999207   0.0002935  -0.050073  -0.005045   0.000084   0.000085  0.0000029  0.0000134    0.000268    0.000073
2002   4  18  52382   0.022230   0.554364  -0.2001926   0.0002335  -0.050143  -0.005397   0.000083   0.000084  0.0000048  0.0000133    0.000403    0.000093
2002   4  19  52383   0.025485   0.554728  -0.2004490   0.0002207  -0.050371  -0.005377   0.000082   0.000083  0.0000015  0.0000132    0.000269    0.000088
2002   4  20  52384   0.029039   0.554989  -0.2007073   0.0002111  -0.050436  -0.005293   0.000082   0.000084  0.0000006  0.0000134    0.000201    0.000080
2002   4  21  52385   0.032031   0.555165  -0.2010242   0.0003511  -0.050326  -0.005263   0.000084   0.000086  0.0000005  0.0000134    0.000193    0.000073
2002   4  22  52386   0.034884   0.555152  -0.2015105   0.0006086  -0.050105  -0.005314   0.000080   0.000082  0.0000004  0.0000125    0.000184    0.000066
2002   4  23  52387   0.037844   0.555031  -0.2022648   0.0009072  -0.049804  -0.005356   0.000077   0.000078  0.0000004  0.0000118    0.000175    0.000059
2002   4  24  52388   0.041291   0.554800  -0.2033057   0.0011821  -0.049541  -0.005277   0.000076   0.000078  0.0000033  0.0000115    0.003860    0.001507
2002   4  25  52389   0.044859   0.554695  -0.2045790   0.0013214  -0.049574  -0.005080   0.000079   0.000082  0.0000054  0.0000118    0.003142    0.001228
2002   4  26  52390   0.048726   0.554461  -0.2059906   0.0014079  -0.049949  -0.004980   0.000079   0.000081  0.0000015  0.0000119    0.000843    0.000327
2002   4  27  52391   0.052475   0.554142  -0.2073748   0.0013117  -0.050454  -0.005055   0.000077   0.000079  0.0000005  0.0000120    0.000221    0.000085
2002   4  28  52392   0.056224   0.553454  -0.2085540   0.0010337  -0.050831  -0.005145   0.000078   0.000080  0.0000005  0.0000123    0.000220    0.000086
2002   4  29  52393   0.059904   0.553152  -0.2094279   0.0006894  -0.050986  -0.005148   0.000077   0.000079  0.0000005  0.0000120    0.000218    0.000087
2002   4  30  52394   0.063465   0.552800  -0.2100003   0.0004423  -0.050962  -0.005175   0.000075   0.000077  0.0000005  0.0000117    0.000217    0.000088
2002   5   1  52395   0.066819   0.552740  -0.2103467   0.0002871  -0.050872  -0.005352   0.000075   0.000077  0.0000071  0.0000119    0.000233    0.000089
2002   5   2  52396   0.069967   0.552463  -0.2105654   0.0001890  -0.050828  -0.005587   0.000078   0.000080  0.0000119  0.0000121    0.000253    0.000088
2002   5   3  52397   0.073389   0.552154  -0.2107535   0.0002021  -0.050855  -0.005671   0.000080   0.000081  0.0000030  0.0000122    0.000273    0.000088
2002   5   4  52398   0.076853   0.552050  -0.2109987   0.0002980  -0.050751  -0.005524   0.000080   0.000081  0.0000006  0.0000128    0.000271    0.000090
2002   5   5  52399   0.080684   0.551889  -0.2113705   0.0004434  -0.050385  -0.005294   0.000084   0.000085  0.0000006  0.0000135    0.000261    0.000092
2002   5   6  52400   0.084636   0.551822  -0.2119083   0.0006474  -0.049898  -0.005138   0.000091   0.000091  0.0000005  0.0000137    0.000251    0.000094
2002   5   7  52401   0.088509   0.551397  -0.2126136   0.0007960  -0.049652  -0.005052   0.000089   0.000089  0.0000005  0.0000135    0.000241    0.000095
2002   5   8  52402   0.091552   0.550944  -0.2134515   0.0008904  -0.050028  -0.005003   0.000082   0.000083  0.0000006  0.0000133    0.000156    0.000058
2002   5   9  52403   0.094223   0.550145  -0.2143638   0.0009659  -0.050615  -0.004822   0.000079   0.000080  0.0000004  0.0000130    0.000102    0.000032
2002   5  10  52404   0.097760   0.549336  -0.2153289   0.0009968  -0.051078  -0.004649   0.000081   0.000082  0.0000009  0.0000133    0.000214    0.000081
2002   5  11  52405   0.101140   0.549069  -0.2162946   0.0009557  -0.051264  -0.004681   0.000088   0.000088  0.0000010  0.0000142    0.000243    0.000094
2002   5  12  52406   0.103906   0.548625  -0.2172013   0.0008476  -0.051190  -0.004921   0.000090   0.000090  0.0000009  0.0000141    0.000224    0.000087
2002   5  13  52407   0.106791   0.547813  -0.2180167   0.0007835  -0.050981  -0.005231   0.000087   0.000086  0.0000008  0.0000128    0.000204    0.000079
2002   5  14  52408   0.109695   0.546940  -0.2187296   0.0006753  -0.050787  -0.005467   0.000085   0.000084  0.0000006  0.0000121    0.000185    0.000072
2002   5  15  52409   0.112066   0.545764  -0.2193425   0.0005512  -0.050816  -0.005612   0.000084   0.000084  0.0000007  0.0000122    0.000221    0.000075
2002   5  16  52410   0.114145   0.544321  -0.2198674   0.0004809  -0.051065  -0.005663   0.000083   0.000083  0.0000009  0.0000120    0.000271    0.000080
2002   5  17  52411   0.116426   0.542574  -0.2203491   0.0004846  -0.051264  -0.005559   0.000083   0.000082  0.0000006  0.0000117    0.000224    0.000082
2002   5  18  52412   0.119113   0.541470  -0.2208838   0.0005792  -0.051305  -0.005518   0.000092   0.000091  0.0000005  0.0000123    0.000197    0.000078
2002   5  19  52413   0.121972   0.540692  -0.2215732   0.0007565  -0.051061  -0.005527   0.000094   0.000093  0.0000005  0.0000136    0.000189    0.000071
2002   5  20  52414   0.125165   0.540091  -0.2224844   0.0009959  -0.050669  -0.005505   0.000085   0.000085  0.0000004  0.0000136    0.000181    0.000065
2002   5  21  52415   0.128488   0.539683  -0.2236320   0.0012568  -0.050471  -0.005399   0.000082   0.000083  0.0000004  0.0000128    0.000173    0.000058
2002   5  22  52416   0.131184   0.539025  -0.2249736   0.0013972  -0.050718  -0.005227   0.000081   0.000082  0.0000032  0.0000126    0.000201    0.000067
2002   5  23  52417   0.133609   0.538176  -0.2264148   0.0014061  -0.051344  -0.005080   0.000080   0.000081  0.0000053  0.0000125    0.000237    0.000080
2002   5  24  52418   0.135952   0.537154  -0.2278074   0.0013042  -0.052030  -0.005040   0.000081   0.000082  0.0000017  0.0000123    0.000274    0.000092
2002   5  25  52419   0.138212   0.536191  -0.2289843   0.0010737  -0.052414  -0.005037   0.000084   0.000087  0.0000007  0.0000126    0.000601    0.000146
2002   5  26  52420   0.140522   0.535149  -0.2298501   0.0007715  -0.052406  -0.004975   0.000092   0.000096  0.0000007  0.0000123    0.001036    0.000215
2002   5  27  52421   0.143130   0.533961  -0.2304169   0.0004414  -0.052161  -0.004843   0.000093   0.000097  0.0000006  0.0000112    0.001471    0.000283
2002   5  28  52422   0.146236   0.532889  -0.2307649   0.0001869  -0.051914  -0.004807   0.000088   0.000091  0.0000006  0.0000107    0.001477    0.000286
2002   5  29  52423   0.149086   0.531635  -0.2309689   0.0000564  -0.051834  -0.005030   0.000086   0.000089  0.0000006  0.0000107    0.000423    0.000127
2002   5  30  52424   0.151907   0.530240  -0.2310606   0.0000277  -0.051969  -0.005351   0.000088   0.000091  0.0000006  0.0000107    0.001051    0.002366
2002   5  31  52425   0.154710   0.528740  -0.2310737   0.0000636  -0.052235  -0.005568   0.000089   0.000091  0.0000007  0.0000108    0.000595    0.000880
2002   6   1  52426   0.157344   0.527242  -0.2310960   0.0000739  -0.052404  -0.005595   0.000092   0.000093  0.0000006  0.0000113    0.000311    0.000087
2002   6   2  52427   0.159849   0.525453  -0.2312081   0.0001207  -0.052352  -0.005496   0.000094   0.000095  0.0000006  0.0000116    0.000275    0.000078
2002   6   3  52428   0.162547   0.523562  -0.2314070   0.0001845  -0.052124  -0.005397   0.000088   0.000089  0.0000005  0.0000110    0.000239    0.000070
2002   6   4  52429   0.165255   0.521872  -0.2316170   0.0002123  -0.051965  -0.005331   0.000085   0.000086  0.0000004  0.0000105    0.000203    0.000062
2002   6   5  52430   0.168414   0.520218  -0.2317805   0.0001726  -0.052042  -0.005214   0.000086   0.000087  0.0000180  0.0000107    0.000551    0.000138
2002   6   6  52431   0.171408   0.518626  -0.2319371   0.0000626  -0.052696  -0.005072   0.000086   0.000087  0.0000084  0.0000109    0.000509    0.000140
2002   6   7  52432   0.174581   0.516954  -0.2319647  -0.0000425  -0.053536  -0.004939   0.000086   0.000087  0.0000027  0.0000110    0.000323    0.000113
2002   6   8  52433   0.177676   0.515284  -0.2318524  -0.0001820  -0.054020  -0.004875   0.000087   0.000088  0.0000010  0.0000112    0.000256    0.000097
2002   6   9  52434   0.180752   0.513679  -0.2316088  -0.0003242  -0.054107  -0.004981   0.000091   0.000093  0.0000009  0.0000119    0.000233    0.000087
2002   6  10  52435   0.183614   0.512010  -0.2312306  -0.0004737  -0.053926  -0.005213   0.000092   0.000094  0.0000008  0.0000117    0.000210    0.000076
2002   6  11  52436   0.186147   0.510083  -0.2307221  -0.0006066  -0.053683  -0.005434   0.000089   0.000090  0.0000006  0.0000113    0.000187    0.000065
2002   6  12  52437   0.188435   0.508092  -0.2301000  -0.0006905  -0.053671  -0.005597   0.000089   0.000091  0.0000007  0.0000114    0.000208    0.000079
2002   6  13  52438   0.190769   0.505948  -0.2294023  -0.0007112  -0.053902  -0.005661   0.000089   0.000091  0.0000008  0.0000113    0.000241    0.000099
2002   6  14  52439   0.193280   0.504167  -0.2287121  -0.0006455  -0.054228  -0.005614   0.000089   0.000091  0.0000009  0.0000112    0.000283    0.000103
2002   6  15  52440   0.195924   0.502412  -0.2281719  -0.0004388  -0.054311  -0.005593   0.000090   0.000092  0.0000008  0.0000115    0.000283    0.000098
2002   6  16  52441   0.199106   0.500325  -0.2278934  -0.0001650  -0.054017  -0.005593   0.000091   0.000093  0.0000007  0.0000110    0.000267    0.000093
2002   6  17  52442   0.202340   0.497974  -0.2278923   0.0000878  -0.053497  -0.005532   0.000092   0.000094  0.0000007  0.0000098    0.000250    0.000087
2002   6  18  52443   0.204950   0.495546  -0.2280835   0.0002305  -0.053130  -0.005365   0.000089   0.000092  0.0000006  0.0000095    0.000234    0.000082
2002   6  19  52444   0.207471   0.493065  -0.2283481   0.0003060  -0.053087  -0.005170   0.000087   0.000090  0.0000085  0.0000094    0.000348    0.000282
2002   6  20  52445   0.210271   0.490736  -0.2286516   0.0003178  -0.053898  -0.004989   0.000088   0.000091  0.0000142  0.0000094    0.000203    0.000134
2002   6  21  52446   0.212669   0.488968  -0.2289845   0.0002494  -0.055130  -0.004863   0.000088   0.000090  0.0000038  0.0000094    0.000254    0.000095
2002   6  22  52447   0.214611   0.486975  -0.2292383   0.0001586  -0.055771  -0.004837   0.000090   0.000091  0.0000009  0.0000098    0.000283    0.000102
2002   6  23  52448   0.216608   0.484575  -0.2293308   0.0000172  -0.055782  -0.004852   0.000091   0.000092  0.0000008  0.0000107    0.000267    0.000098
2002   6  24  52449   0.218274   0.482106  -0.2292678  -0.0001209  -0.055444  -0.004887   0.000091   0.000093  0.0000007  0.0000109    0.000252    0.000094
2002   6  25  52450   0.219553   0.479470  -0.2291183  -0.0001718  -0.055060  -0.004992   0.000087   0.000090  0.0000006  0.0000105    0.000236    0.000089
2002   6  26  52451   0.220870   0.476532  -0.2289633  -0.0001498  -0.055411  -0.005208   0.000087   0.000090  0.0000007  0.0000105    0.000263    0.000084
2002   6  27  52452   0.222503   0.473489  -0.2288449  -0.0000921  -0.055327  -0.005465   0.000091   0.000094  0.0000007  0.0000104    0.000266    0.000083
2002   6  28  52453   0.224443   0.470323  -0.2287882  -0.0000106  -0.055119  -0.005639   0.000091   0.000094  0.0000006  0.0000102    0.000259    0.000084
2002   6  29  52454   0.225975   0.467449  -0.2288166   0.0000865  -0.055283  -0.005655   0.000092   0.000094  0.0000006  0.0000105    0.000240    0.000079
2002   6  30  52455   0.227130   0.464683  -0.2289505   0.0001958  -0.055671  -0.005584   0.000091   0.000093  0.0000005  0.0000110    0.000218    0.000072
2002   7   1  52456   0.228134   0.461824  -0.2292032   0.0002921  -0.056071  -0.005519   0.000089   0.000091  0.0000005  0.0000110    0.000195    0.000065
2002   7   2  52457   0.228825   0.458803  -0.2295684   0.0004165  -0.056347  -0.005456   0.000087   0.000089  0.0000004  0.0000110    0.000172    0.000057
2002   7   3  52458   0.229539   0.455775  -0.2300067   0.0004600  -0.056398  -0.005375   0.000086   0.000088  0.0000006  0.0000111    0.000271    0.000086
2002   7   4  52459   0.229926   0.452927  -0.2304497   0.0004002  -0.056528  -0.005136   0.000089   0.000091  0.0000089  0.0000113    0.000302    0.000098
2002   7   5  52460   0.230384   0.449825  -0.2308053   0.0003343  -0.056868  -0.004837   0.000092   0.000093  0.0000109  0.0000116    0.000297    0.000100
2002   7   6  52461   0.230756   0.446646  -0.2310258   0.0001678  -0.057352  -0.004658   0.000095   0.000096  0.0000081  0.0000121    0.000292    0.000103
2002   7   7  52462   0.231508   0.442953  -0.2311136   0.0000229  -0.057807  -0.004710   0.000096   0.000097  0.0000057  0.0000122    0.000287    0.000106
2002   7   8  52463   0.232389   0.439729  -0.2310752  -0.0000933  -0.058115  -0.004975   0.000092   0.000092  0.0000034  0.0000113    0.000282    0.000109
2002   7   9  52464   0.233036   0.436567  -0.2309186  -0.0002081  -0.058289  -0.005319   0.000089   0.000090  0.0000011  0.0000110    0.000277    0.000112
2002   7  10  52465   0.234005   0.433447  -0.2306690  -0.0002747  -0.058511  -0.005639   0.000090   0.000091  0.0000009  0.0000112    0.000372    0.000162
2002   7  11  52466   0.235407   0.430580  -0.2303916  -0.0002461  -0.058497  -0.005746   0.000090   0.000090  0.0000007  0.0000109    0.000301    0.000117
2002   7  12  52467   0.236785   0.427659  -0.2301812  -0.0001211  -0.058077  -0.005537   0.000096   0.000095  0.0000007  0.0000107    0.000234    0.000079
2002   7  13  52468   0.238053   0.424667  -0.2301700   0.0001039  -0.057723  -0.005341   0.000106   0.000104  0.0000007  0.0000112    0.000223    0.000074
2002   7  14  52469   0.239159   0.421597  -0.2304264   0.0003603  -0.057578  -0.005274   0.000105   0.000103  0.0000007  0.0000125    0.000226    0.000075
2002   7  15  52470   0.240228   0.418491  -0.2309036   0.0005479  -0.057686  -0.005315   0.000100   0.000099  0.0000007  0.0000128    0.000228    0.000077
2002   7  16  52471   0.241157   0.415706  -0.2314813   0.0005852  -0.058014  -0.005377   0.000096   0.000096  0.0000007  0.0000122    0.000231    0.000078
2002   7  17  52472   0.241869   0.413002  -0.2320356   0.0005166  -0.058460  -0.005341   0.000096   0.000096  0.0000076  0.0000118    0.000246    0.000095
2002   7  18  52473   0.242914   0.410461  -0.2324954   0.0003891  -0.058950  -0.005225   0.000098   0.000098  0.0000137  0.0000116    0.000265    0.000115
2002   7  19  52474   0.243940   0.408353  -0.2328001   0.0001605  -0.059394  -0.005140   0.000097   0.000098  0.0000034  0.0000115    0.000290    0.000112
2002   7  20  52475   0.244334   0.405821  -0.2328558  -0.0001477  -0.059752  -0.005036   0.000100   0.000102  0.0000006  0.0000119    0.000284    0.000104
2002   7  21  52476   0.244789   0.402984  -0.2326133  -0.0004112  -0.059947  -0.004962   0.000101   0.000102  0.0000006  0.0000117    0.000265    0.000098
2002   7  22  52477   0.245521   0.399932  -0.2321022  -0.0005833  -0.059940  -0.004988   0.000098   0.000099  0.0000006  0.0000109    0.000245    0.000091
2002   7  23  52478   0.246291   0.397185  -0.2314155  -0.0006641  -0.059798  -0.005139   0.000093   0.000095  0.0000005  0.0000106    0.000226    0.000085
2002   7  24  52479   0.246686   0.394298  -0.2306734  -0.0007294  -0.059761  -0.005393   0.000092   0.000093  0.0000005  0.0000105    0.000174    0.000066
2002   7  25  52480   0.246995   0.391279  -0.2299809  -0.0006638  -0.059730  -0.005583   0.000091   0.000093  0.0000004  0.0000106    0.000114    0.000044
2002   7  26  52481   0.246921   0.388106  -0.2294061  -0.0005241  -0.059301  -0.005549   0.000092   0.000093  0.0000008  0.0000108    0.000340    0.000129
2002   7  27  52482   0.246846   0.384601  -0.2289772  -0.0004053  -0.059065  -0.005381   0.000097   0.000098  0.0000009  0.0000111    0.000411    0.000149
2002   7  28  52483   0.247175   0.380762  -0.2286814  -0.0002516  -0.059126  -0.005221   0.000101   0.000102  0.0000009  0.0000117    0.000387    0.000133
2002   7  29  52484   0.247645   0.377033  -0.2284757  -0.0001616  -0.059402  -0.005154   0.000100   0.000100  0.0000009  0.0000117    0.000364    0.000117
2002   7  30  52485   0.248473   0.373433  -0.2283032  -0.0001934  -0.059767  -0.005142   0.000096   0.000097  0.0000009  0.0000116    0.000340    0.000101
2002   7  31  52486   0.249809   0.370090  -0.2281101  -0.0002350  -0.060165  -0.005108   0.000096   0.000097  0.0000053  0.0000118    0.000337    0.000108
2002   8   1  52487   0.251269   0.366999  -0.2278561  -0.0002939  -0.060665  -0.005014   0.000096   0.000097  0.0000084  0.0000119    0.000340    0.000121
2002   8   2  52488   0.252292   0.364419  -0.2275179  -0.0003862  -0.061345  -0.004931   0.000096   0.000097  0.0000024  0.0000121    0.000342    0.000134
2002   8   3  52489   0.252926   0.361775  -0.2270831  -0.0004719  -0.061956  -0.004922   0.000102   0.000103  0.0000008  0.0000127    0.000331    0.000129
2002   8   4  52490   0.253979   0.359107  -0.2265407  -0.0006231  -0.062222  -0.005013   0.000105   0.000105  0.0000007  0.0000127    0.000314    0.000118
2002   8   5  52491   0.255033   0.356570  -0.2258907  -0.0007152  -0.062042  -0.005170   0.000101   0.000100  0.0000007  0.0000118    0.000296    0.000107
2002   8   6  52492   0.255722   0.353581  -0.2251660  -0.0007398  -0.061631  -0.005353   0.000096   0.000096  0.0000006  0.0000113    0.000279    0.000096
2002   8   7  52493   0.256762   0.350451  -0.2244483  -0.0006617  -0.061695  -0.005571   0.000093   0.000094  0.0000006  0.0000113    0.000245    0.000083
2002   8   8  52494   0.257990   0.347575  -0.2238604  -0.0004655  -0.061368  -0.005631   0.000096   0.000096  0.0000007  0.0000114    0.000284    0.000094
2002   8   9  52495   0.259058   0.345017  -0.2235147  -0.0002169  -0.060896  -0.005472   0.000098   0.000098  0.0000008  0.0000116    0.000345    0.000113
2002   8  10  52496   0.259969   0.342432  -0.2234733   0.0000877  -0.060814  -0.005180   0.000100   0.000100  0.0000008  0.0000122    0.000354    0.000114
2002   8  11  52497   0.260500   0.339943  -0.2237307   0.0003642  -0.061163  -0.004976   0.000104   0.000103  0.0000007  0.0000127    0.000343    0.000109
2002   8  12  52498   0.260517   0.337074  -0.2242132   0.0005547  -0.061801  -0.004989   0.000101   0.000101  0.0000007  0.0000122    0.000332    0.000104
2002   8  13  52499   0.260708   0.333937  -0.2247959   0.0005760  -0.062436  -0.005136   0.000098   0.000099  0.0000006  0.0000119    0.000321    0.000100
2002   8  14  52500   0.260868   0.331078  -0.2253370   0.0004743  -0.062651  -0.005301   0.000100   0.000100  0.0000069  0.0000121    0.000289    0.000090
2002   8  15  52501   0.260803   0.328368  -0.2257137   0.0002580  -0.062599  -0.005372   0.000099   0.000100  0.0000125  0.0000122    0.000251    0.000078
2002   8  16  52502   0.260578   0.325775  -0.2258633   0.0000364  -0.062834  -0.005263   0.000097   0.000098  0.0000033  0.0000121    0.000275    0.000088
2002   8  17  52503   0.260316   0.323193  -0.2257951  -0.0001740  -0.062994  -0.005180   0.000100   0.000100  0.0000008  0.0000125    0.000273    0.000089
2002   8  18  52504   0.259753   0.320484  -0.2255497  -0.0002984  -0.063055  -0.005152   0.000101   0.000101  0.0000008  0.0000123    0.000254    0.000083
2002   8  19  52505   0.259177   0.317805  -0.2251844  -0.0003787  -0.062981  -0.005191   0.000099   0.000098  0.0000007  0.0000109    0.000235    0.000078
2002   8  20  52506   0.258512   0.314876  -0.2247800  -0.0003751  -0.062750  -0.005323   0.000093   0.000093  0.0000006  0.0000103    0.000217    0.000072
2002   8  21  52507   0.257886   0.311968  -0.2244377  -0.0002697  -0.062552  -0.005485   0.000092   0.000093  0.0000054  0.0000103    0.000229    0.000078
2002   8  22  52508   0.257252   0.308877  -0.2242557  -0.0000893  -0.062477  -0.005535   0.000094   0.000094  0.0000088  0.0000103    0.000250    0.000086
2002   8  23  52509   0.256714   0.305618  -0.2242576   0.0000551  -0.062519  -0.005372   0.000096   0.000094  0.0000023  0.0000106    0.000271    0.000094
2002   8  24  52510   0.256338   0.302295  -0.2243768   0.0001662  -0.062560  -0.005063   0.000101   0.000098  0.0000006  0.0000114    0.000265    0.000091
2002   8  25  52511   0.255560   0.298930  -0.2245663   0.0002296  -0.062567  -0.004799   0.000104   0.000100  0.0000005  0.0000125    0.000249    0.000085
2002   8  26  52512   0.254923   0.295353  -0.2248264   0.0002804  -0.062514  -0.004700   0.000105   0.000101  0.0000005  0.0000125    0.000233    0.000079
2002   8  27  52513   0.254608   0.291949  -0.2251563   0.0003273  -0.062369  -0.004707   0.000100   0.000096  0.0000004  0.0000117    0.000217    0.000073
2002   8  28  52514   0.254547   0.288564  -0.2255028   0.0002720  -0.062247  -0.004695   0.000098   0.000094  0.0000078  0.0000116    0.002009    0.000232
2002   8  29  52515   0.254615   0.285680  -0.2257527   0.0001662  -0.062356  -0.004648   0.000102   0.000098  0.0000155  0.0000118    0.004272    0.000434
2002   8  30  52516   0.254130   0.282540  -0.2258282   0.0000309  -0.062895  -0.004675   0.000105   0.000101  0.0000037  0.0000122    0.001486    0.000196
2002   8  31  52517   0.253571   0.279401  -0.2257620  -0.0000855  -0.063641  -0.004834   0.000106   0.000102  0.0000005  0.0000130    0.000278    0.000088
2002   9   1  52518   0.252793   0.276305  -0.2256103  -0.0001661  -0.064107  -0.005039   0.000109   0.000103  0.0000005  0.0000131    0.000276    0.000083
2002   9   2  52519   0.251661   0.273049  -0.2254075  -0.0002285  -0.063959  -0.005157   0.000108   0.000102  0.0000005  0.0000120    0.000273    0.000079
2002   9   3  52520   0.250098   0.269936  -0.2251803  -0.0002499  -0.063387  -0.005171   0.000107   0.000102  0.0000005  0.0000117    0.000271    0.000074
2002   9   4  52521   0.249099   0.266794  -0.2249850  -0.0001146  -0.062759  -0.005180   0.000104   0.000100  0.0000005  0.0000118    0.000185    0.000071
2002   9   5  52522   0.248306   0.263823  -0.2249298   0.0000975  -0.062603  -0.005161   0.000102   0.000097  0.0000138  0.0000115    0.000282    0.000123
2002   9   6  52523   0.247472   0.260792  -0.2251566   0.0003678  -0.062551  -0.005042   0.000104   0.000098  0.0000051  0.0000117    0.000231    0.000088
2002   9   7  52524   0.246239   0.258208  -0.2256884   0.0006758  -0.062329  -0.004802   0.000108   0.000101  0.0000049  0.0000127    0.000368    0.000306
2002   9   8  52525   0.244699   0.255847  -0.2265031   0.0009349  -0.062274  -0.004670   0.000112   0.000104  0.0000109  0.0000132    0.000597    0.000630
2002   9   9  52526   0.242832   0.253410  -0.2275319   0.0010408  -0.062608  -0.004794   0.000110   0.000104  0.0000128  0.0000120    0.000667    0.000736
2002   9  10  52527   0.241004   0.250689  -0.2285829   0.0009388  -0.063318  -0.005009   0.000104   0.000099  0.0000029  0.0000110    0.000260    0.000188
2002   9  11  52528   0.239335   0.248233  -0.2294109   0.0007081  -0.063996  -0.005090   0.000101   0.000097  0.0000035  0.0000109    0.000190    0.000067
2002   9  12  52529   0.237497   0.245705  -0.2299577   0.0004342  -0.064389  -0.005000   0.000101   0.000097  0.0000055  0.0000108    0.000213    0.000063
2002   9  13  52530   0.235855   0.242928  -0.2302889   0.0002378  -0.063673  -0.004912   0.000099   0.000095  0.0000017  0.0000109    0.000229    0.000080
2002   9  14  52531   0.234236   0.239908  -0.2304444   0.0000746  -0.063209  -0.004925   0.000104   0.000098  0.0000006  0.0000118    0.000234    0.000082
2002   9  15  52532   0.232936   0.236914  -0.2304679  -0.0000316  -0.063119  -0.004965   0.000107   0.000101  0.0000006  0.0000124    0.000236    0.000078
2002   9  16  52533   0.231768   0.234783  -0.2304212  -0.0000352  -0.063206  -0.004951   0.000102   0.000097  0.0000005  0.0000114    0.000238    0.000073
2002   9  17  52534   0.230167   0.232842  -0.2303763   0.0000123  -0.063304  -0.004918   0.000098   0.000095  0.0000005  0.0000106    0.000240    0.000068
2002   9  18  52535   0.227986   0.231106  -0.2303973   0.0000858  -0.063298  -0.004966   0.000095   0.000093  0.0000006  0.0000104    0.000191    0.000064
2002   9  19  52536   0.225411   0.229315  -0.2305186   0.0002033  -0.063034  -0.004909   0.000097   0.000093  0.0000006  0.0000105    0.000198    0.000069
2002   9  20  52537   0.222385   0.227433  -0.2307521   0.0002857  -0.062698  -0.004682   0.000098   0.000094  0.0000006  0.0000108    0.000224    0.000076
2002   9  21  52538   0.219462   0.225108  -0.2310917   0.0003659  -0.062428  -0.004379   0.000101   0.000097  0.0000006  0.0000116    0.000224    0.000074
2002   9  22  52539   0.216746   0.222955  -0.2315104   0.0004315  -0.062236  -0.004146   0.000106   0.000102  0.0000006  0.0000118    0.000213    0.000068
2002   9  23  52540   0.214430   0.220628  -0.2319628   0.0004682  -0.062110  -0.004102   0.000104   0.000099  0.0000005  0.0000107    0.000203    0.000062
2002   9  24  52541   0.212321   0.218075  -0.2323936   0.0004057  -0.062010  -0.004192   0.000101   0.000099  0.0000005  0.0000101    0.000192    0.000057
2002   9  25  52542   0.210525   0.215644  -0.2327508   0.0003103  -0.062054  -0.004220   0.000099   0.000097  0.0000004  0.0000099    0.000151    0.000045
2002   9  26  52543   0.208797   0.213312  -0.2329988   0.0001702  -0.062152  -0.004188   0.000092   0.000091  0.0000003  0.0000098    0.000102    0.000031
2002   9  27  52544   0.206817   0.211045  -0.2331203   0.0000774  -0.061960  -0.004274   0.000092   0.000092  0.0000007  0.0000100    0.000184    0.000067
2002   9  28  52545   0.204790   0.208712  -0.2331136  -0.0000335  -0.062121  -0.004511   0.000100   0.000098  0.0000007  0.0000107    0.000205    0.000077
2002   9  29  52546   0.202697   0.206099  -0.2330104  -0.0001104  -0.062333  -0.004765   0.000100   0.000098  0.0000007  0.0000115    0.000189    0.000071
2002   9  30  52547   0.200616   0.203505  -0.2328744  -0.0001455  -0.062197  -0.004824   0.000096   0.000096  0.0000006  0.0000111    0.000172    0.000065
2002  10   1  52548   0.198500   0.200643  -0.2327820  -0.0000577  -0.061769  -0.004628   0.000091   0.000092  0.0000005  0.0000106    0.000156    0.000059
2002  10   2  52549   0.196632   0.198420  -0.2328068   0.0001107  -0.061311  -0.004307   0.000088   0.000090  0.0000053  0.0000104    0.000162    0.000061
2002  10   3  52550   0.194701   0.195803  -0.2330103   0.0003388  -0.061052  -0.004000   0.000091   0.000093  0.0000065  0.0000105    0.000174    0.000065
2002  10   4  52551   0.192524   0.193706  -0.2334666   0.0006249  -0.060990  -0.003693   0.000090   0.000092  0.0000017  0.0000106    0.000186    0.000070
2002  10   5  52552   0.189949   0.191541  -0.2342356   0.0009248  -0.061130  -0.003421   0.000091   0.000093  0.0000004  0.0000110    0.000181    0.000068
2002  10   6  52553   0.187311   0.189493  -0.2352772   0.0011283  -0.061441  -0.003370   0.000094   0.000096  0.0000005  0.0000116    0.000170    0.000064
2002  10   7  52554   0.184987   0.187381  -0.2364418   0.0011439  -0.061701  -0.003651   0.000093   0.000095  0.0000005  0.0000113    0.000160    0.000060
2002  10   8  52555   0.182500   0.185194  -0.2375352   0.0010029  -0.061672  -0.004019   0.000089   0.000091  0.0000005  0.0000106    0.000149    0.000056
2002  10   9  52556   0.180013   0.182965  -0.2384064   0.0007485  -0.061461  -0.004084   0.000087   0.000088  0.0000010  0.0000104    0.000185    0.000080
2002  10  10  52557   0.177981   0.180866  -0.2390045   0.0004701  -0.061281  -0.003860   0.000088   0.000090  0.0000158  0.0000105    0.000187    0.000060
2002  10  11  52558   0.175559   0.179136  -0.2393636   0.0002461  -0.061252  -0.003716   0.000090   0.000091  0.0000059  0.0000108    0.000230    0.000080
2002  10  12  52559   0.173078   0.177163  -0.2395586   0.0001215  -0.061213  -0.003808   0.000094   0.000095  0.0000007  0.0000115    0.000240    0.000087
2002  10  13  52560   0.170964   0.175311  -0.2396870   0.0001249  -0.061126  -0.003988   0.000095   0.000098  0.0000006  0.0000123    0.000231    0.000083
2002  10  14  52561   0.168546   0.173657  -0.2398435   0.0002284  -0.061074  -0.004024   0.000095   0.000098  0.0000005  0.0000120    0.000222    0.000078
2002  10  15  52562   0.165868   0.171886  -0.2400977   0.0003425  -0.061036  -0.003903   0.000094   0.000097  0.0000005  0.0000114    0.000213    0.000074
2002  10  16  52563   0.163458   0.170321  -0.2404881   0.0004590  -0.061014  -0.003806   0.000094   0.000097  0.0000013  0.0000112    0.000233    0.000102
2002  10  17  52564   0.161165   0.169042  -0.2410175   0.0006102  -0.060762  -0.003787   0.000092   0.000094  0.0000007  0.0000111    0.000161    0.000066
2002  10  18  52565   0.158314   0.167961  -0.2417010   0.0007318  -0.060480  -0.003696   0.000089   0.000090  0.0000004  0.0000110    0.000137    0.000050
2002  10  19  52566   0.154577   0.166881  -0.2424338   0.0007471  -0.060249  -0.003464   0.000089   0.000090  0.0000004  0.0000113    0.000127    0.000047
2002  10  20  52567   0.150380   0.165599  -0.2431923   0.0007494  -0.060116  -0.003161   0.000089   0.000089  0.0000004  0.0000119    0.000117    0.000044
2002  10  21  52568   0.146571   0.164148  -0.2439468   0.0007324  -0.060078  -0.002988   0.000086   0.000085  0.0000003  0.0000119    0.000111    0.000041
2002  10  22  52569   0.143239   0.162878  -0.2446799   0.0007057  -0.059988  -0.003035   0.000083   0.000082  0.0000003  0.0000113    0.000115    0.000045
2002  10  23  52570   0.139954   0.161586  -0.2453506   0.0006271  -0.059852  -0.003203   0.000083   0.000082  0.0000004  0.0000114    0.000127    0.000047
2002  10  24  52571   0.136689   0.160223  -0.2459127   0.0004925  -0.059825  -0.003358   0.000085   0.000084  0.0000004  0.0000119    0.000129    0.000049
2002  10  25  52572   0.133052   0.158623  -0.2463383   0.0003615  -0.059807  -0.003519   0.000087   0.000086  0.0000004  0.0000124    0.000132    0.000051
2002  10  26  52573   0.129476   0.156906  -0.2466312   0.0002554  -0.059759  -0.003705   0.000089   0.000088  0.0000005  0.0000130    0.000167    0.000063
2002  10  27  52574   0.125887   0.155508  -0.2468474   0.0002137  -0.059666  -0.003814   0.000091   0.000089  0.0000005  0.0000133    0.000186    0.000068
2002  10  28  52575   0.122324   0.154159  -0.2470319   0.0002032  -0.059433  -0.003749   0.000088   0.000087  0.0000005  0.0000125    0.000168    0.000059
2002  10  29  52576   0.118910   0.153112  -0.2472043   0.0002487  -0.059016  -0.003512   0.000085   0.000083  0.0000004  0.0000116    0.000138    0.000048
2002  10  30  52577   0.115436   0.152303  -0.2475187   0.0004557  -0.058643  -0.003199   0.000084   0.000081  0.0000004  0.0000114    0.000140    0.000049
2002  10  31  52578   0.111562   0.151754  -0.2480849   0.0007353  -0.058416  -0.002915   0.000084   0.000081  0.0000004  0.0000114    0.000127    0.000046
2002  11   1  52579   0.107607   0.150892  -0.2489263   0.0010034  -0.058204  -0.002651   0.000085   0.000082  0.0000004  0.0000116    0.000184    0.000071
2002  11   2  52580   0.103569   0.150269  -0.2500185   0.0012089  -0.058329  -0.002387   0.000092   0.000090  0.0000004  0.0000125    0.000204    0.000079
2002  11   3  52581   0.099932   0.149514  -0.2512621   0.0012881  -0.058710  -0.002274   0.000102   0.000099  0.0000004  0.0000135    0.000199    0.000078
2002  11   4  52582   0.096534   0.149151  -0.2525021   0.0011710  -0.059015  -0.002450   0.000103   0.000099  0.0000004  0.0000128    0.000195    0.000077
2002  11   5  52583   0.092788   0.148522  -0.2535854   0.0009466  -0.058946  -0.002752   0.000098   0.000095  0.0000004  0.0000118    0.000191    0.000076
2002  11   6  52584   0.088853   0.147727  -0.2544165   0.0006991  -0.058521  -0.002860   0.000095   0.000092  0.0000008  0.0000117    0.000185    0.000075
2002  11   7  52585   0.084773   0.147198  -0.2549841   0.0004683  -0.058091  -0.002660   0.000094   0.000091  0.0000006  0.0000117    0.000208    0.000082
2002  11   8  52586   0.080738   0.146313  -0.2553354   0.0002743  -0.058036  -0.002424   0.000093   0.000091  0.0000005  0.0000118    0.000196    0.000071
2002  11   9  52587   0.076680   0.145706  -0.2555239   0.0001531  -0.058056  -0.002493   0.000101   0.000098  0.0000005  0.0000127    0.000190    0.000066
2002  11  10  52588   0.072882   0.145087  -0.2556219   0.0000874  -0.058010  -0.002741   0.000103   0.000100  0.0000005  0.0000137    0.000191    0.000065
2002  11  11  52589   0.069248   0.144779  -0.2557238   0.0001342  -0.057984  -0.002838   0.000096   0.000092  0.0000005  0.0000133    0.000192    0.000064
2002  11  12  52590   0.065942   0.144444  -0.2559198   0.0002460  -0.058032  -0.002683   0.000093   0.000090  0.0000005  0.0000125    0.000193    0.000063
2002  11  13  52591   0.062924   0.144047  -0.2562643   0.0004349  -0.058059  -0.002454   0.000091   0.000088  0.0000014  0.0000122    0.000374    0.000127
2002  11  14  52592   0.060084   0.143928  -0.2567518   0.0005540  -0.058074  -0.002312   0.000092   0.000090  0.0000012  0.0000121    0.000183    0.000080
2002  11  15  52593   0.056423   0.143931  -0.2573392   0.0005896  -0.057988  -0.002276   0.000094   0.000092  0.0000007  0.0000120    0.000263    0.000086
2002  11  16  52594   0.053062   0.143846  -0.2579790   0.0006449  -0.057901  -0.002165   0.000094   0.000091  0.0000006  0.0000123    0.000297    0.000093
2002  11  17  52595   0.049816   0.143935  -0.2586293   0.0006412  -0.057788  -0.001940   0.000097   0.000094  0.0000005  0.0000124    0.000267    0.000090
2002  11  18  52596   0.046246   0.143323  -0.2592422   0.0005826  -0.057611  -0.001732   0.000100   0.000097  0.0000005  0.0000117    0.000236    0.000087
2002  11  19  52597   0.042777   0.142843  -0.2597629   0.0004353  -0.057426  -0.001681   0.000093   0.000093  0.0000005  0.0000109    0.000205    0.000084
2002  11  20  52598   0.039023   0.142294  -0.2601493   0.0003082  -0.057411  -0.001782   0.000090   0.000089  0.0000008  0.0000103    0.000205    0.000075
2002  11  21  52599   0.035633   0.141856  -0.2603915   0.0001901  -0.057235  -0.001923   0.000089   0.000089  0.0000010  0.0000101    0.000332    0.000086
2002  11  22  52600   0.032500   0.141732  -0.2605727   0.0001619  -0.056864  -0.002082   0.000089   0.000089  0.0000006  0.0000101    0.000223    0.000067
2002  11  23  52601   0.029525   0.141955  -0.2607332   0.0001473  -0.056499  -0.002158   0.000091   0.000091  0.0000004  0.0000106    0.000165    0.000056
2002  11  24  52602   0.026285   0.142127  -0.2609032   0.0001846  -0.056238  -0.002176   0.000095   0.000094  0.0000004  0.0000110    0.000158    0.000053
2002  11  25  52603   0.023102   0.142345  -0.2611522   0.0003339  -0.056107  -0.002157   0.000096   0.000095  0.0000004  0.0000107    0.000151    0.000049
2002  11  26  52604   0.020432   0.142289  -0.2615657   0.0005481  -0.056028  -0.002097   0.000093   0.000093  0.0000004  0.0000106    0.000144    0.000046
2002  11  27  52605   0.017764   0.142206  -0.2622142   0.0007890  -0.055906  -0.002015   0.000093   0.000092  0.0000005  0.0000107    0.000223    0.000073
2002  11  28  52606   0.014590   0.141882  -0.2631202   0.0010513  -0.055781  -0.001890   0.000094   0.000093  0.0000035  0.0000106    0.000239    0.000080
2002  11  29  52607   0.011090   0.141724  -0.2642782   0.0012697  -0.055780  -0.001700   0.000094   0.000093  0.0000043  0.0000105    0.000224    0.000079
2002  11  30  52608   0.007586   0.141601  -0.2656317   0.0014083  -0.056005  -0.001465   0.000098   0.000096  0.0000034  0.0000109    0.000209    0.000077
2002  12   1  52609   0.004178   0.141419  -0.2670587   0.0014169  -0.056413  -0.001304   0.000103   0.000102  0.0000024  0.0000117    0.000194    0.000075
2002  12   2  52610   0.000989   0.141410  -0.2684087   0.0012579  -0.056778  -0.001336   0.000104   0.000103  0.0000015  0.0000116    0.000179    0.000073
2002  12   3  52611  -0.002082   0.141728  -0.2695602   0.0010241  -0.056852  -0.001495   0.000098   0.000098  0.0000006  0.0000109    0.000164    0.000072
2002  12   4  52612  -0.005170   0.142395  -0.2704502   0.0007542  -0.056672  -0.001562   0.000095   0.000095  0.0000004  0.0000109    0.000854    0.000238
2002  12   5  52613  -0.008510   0.143380  -0.2710590   0.0004756  -0.056334  -0.001461   0.000095   0.000095  0.0000005  0.0000111    0.000373    0.000118
2002  12   6  52614  -0.012443   0.144471  -0.2714253   0.0003281  -0.055956  -0.001365   0.000095   0.000094  0.0000006  0.0000112    0.000254    0.000085
2002  12   7  52615  -0.016674   0.145726  -0.2717063   0.0003542  -0.055635  -0.001451   0.000101   0.000099  0.0000006  0.0000117    0.000262    0.000087
2002  12   8  52616  -0.020928   0.147009  -0.2720735   0.0004631  -0.055355  -0.001650   0.000106   0.000103  0.0000005  0.0000122    0.000226    0.000079
2002  12   9  52617  -0.024244   0.147814  -0.2726153   0.0006010  -0.055216  -0.001720   0.000104   0.000102  0.0000004  0.0000120    0.000190    0.000071
2002  12  10  52618  -0.027084   0.149321  -0.2733330   0.0007847  -0.055306  -0.001547   0.000099   0.000099  0.0000004  0.0000115    0.000154    0.000063
2002  12  11  52619  -0.030088   0.150752  -0.2741927   0.0009393  -0.055695  -0.001261   0.000099   0.000099  0.0000152  0.0000115    0.000393    0.000116
2002  12  12  52620  -0.032917   0.152488  -0.2751852   0.0010160  -0.055883  -0.001087   0.000095   0.000094  0.0000051  0.0000116    0.000193    0.000063
2002  12  13  52621  -0.036389   0.153830  -0.2762125   0.0010454  -0.055872  -0.001041   0.000094   0.000093  0.0000006  0.0000117    0.000206    0.000070
2002  12  14  52622  -0.040066   0.155012  -0.2772239   0.0010445  -0.055964  -0.000985   0.000100   0.000098  0.0000007  0.0000120    0.000231    0.000079
2002  12  15  52623  -0.044170   0.156047  -0.2781997   0.0009399  -0.056041  -0.000813   0.000103   0.000101  0.0000006  0.0000116    0.000217    0.000076
2002  12  16  52624  -0.048070   0.156764  -0.2790958   0.0007939  -0.055997  -0.000592   0.000102   0.000102  0.0000005  0.0000108    0.000203    0.000074
2002  12  17  52625  -0.051587   0.157560  -0.2798566   0.0006309  -0.055899  -0.000495   0.000098   0.000099  0.0000004  0.0000106    0.000189    0.000071
2002  12  18  52626  -0.054523   0.158571  -0.2804348   0.0004794  -0.055593  -0.000559   0.000093   0.000094  0.0000006  0.0000106    0.000225    0.000072
2002  12  19  52627  -0.056921   0.160012  -0.2808194   0.0002843  -0.055665  -0.000841   0.000094   0.000094  0.0000006  0.0000106    0.000227    0.000073
2002  12  20  52628  -0.059130   0.161906  -0.2810416   0.0001688  -0.055870  -0.001143   0.000096   0.000097  0.0000005  0.0000107    0.000215    0.000073
2002  12  21  52629  -0.061559   0.164234  -0.2811737   0.0001803  -0.055927  -0.001299   0.000100   0.000101  0.0000025  0.0000109    0.000211    0.000073
2002  12  22  52630  -0.064280   0.166642  -0.2813180   0.0002031  -0.055886  -0.001311   0.000100   0.000101  0.0000052  0.0000110    0.000210    0.000073
2002  12  23  52631  -0.066815   0.168811  -0.2815845   0.0003304  -0.055825  -0.001253   0.000098   0.000099  0.0000079  0.0000111    0.000210    0.000072
2002  12  24  52632  -0.069048   0.171025  -0.2820632   0.0005534  -0.055710  -0.001181   0.000097   0.000096  0.0000100  0.0000113    0.000209    0.000072
2002  12  25  52633  -0.071607   0.173381  -0.2827974   0.0008449  -0.055467  -0.001091   0.000094   0.000093  0.0000096  0.0000116    0.000208    0.000072
2002  12  26  52634  -0.074221   0.175390  -0.2837687   0.0010848  -0.055125  -0.000935   0.000094   0.000093  0.0000092  0.0000118    0.000207    0.000072
2002  12  27  52635  -0.076460   0.177046  -0.2849012   0.0012034  -0.054853  -0.000697   0.000095   0.000092  0.0000086  0.0000121    0.000207    0.000072
2002  12  28  52636  -0.078727   0.179021  -0.2860832   0.0011915  -0.054810  -0.000434   0.000096   0.000093  0.0000071  0.0000129    0.000206    0.000071
2002  12  29  52637  -0.081122   0.181369  -0.2871982   0.0010845  -0.054996  -0.000265   0.000101   0.000098  0.0000052  0.0000135    0.000205    0.000071
2002  12  30  52638  -0.083457   0.183430  -0.2881549   0.0008553  -0.055247  -0.000275   0.000103   0.000099  0.0000033  0.0000132    0.000204    0.000071
2002  12  31  52639  -0.085668   0.185680  -0.2889044   0.0006327  -0.055374  -0.000432   0.000098   0.000096  0.0000014  0.0000128    0.000204    0.000071
