

                   INTERNATIONAL EARTH ROTATION AND REFERENCE SYSTEMS SERVICE
                        EARTH ORIENTATION PARAMETERS
                          EOP (IERS) 08 C04

  
             FORMAT(3(I4),I7,2(F11.6),2(F12.7),2(F11.6),2(F11.6),2(F11.7),2F12.6)
**********************************************************************************
  
      Date      MJD      x          y        UT1-UTC       LOD         dPsi      dEps       x Err     y Err   UT1-UTC Err  LOD Err    dPsi Err   dEpsilon Err
                         "          "           s           s            "         "        "          "          s           s            "         "
     (0h UTC)

2008   1   1  54466  -0.080464   0.258320  -0.2732775   0.0010367  -0.060407  -0.002725   0.000064   0.000068  0.0000018  0.0000101    0.000207    0.000084
2008   1   2  54467  -0.081856   0.260081  -0.2742999   0.0009216  -0.060249  -0.002806   0.000064   0.000068  0.0000013  0.0000102    0.000156    0.000065
2008   1   3  54468  -0.083358   0.261871  -0.2751926   0.0008036  -0.060063  -0.002827   0.000062   0.000066  0.0000008  0.0000104    0.000106    0.000046
2008   1   4  54469  -0.085518   0.263835  -0.2759536   0.0006877  -0.059816  -0.003030   0.000064   0.000068  0.0000016  0.0000108    0.000354    0.000121
2008   1   5  54470  -0.087890   0.265471  -0.2766053   0.0006129  -0.059730  -0.003185   0.000070   0.000073  0.0000058  0.0000110    0.000388    0.000129
2008   1   6  54471  -0.090223   0.267150  -0.2772051   0.0005506  -0.059793  -0.003291   0.000067   0.000070  0.0000089  0.0000112    0.000311    0.000103
2008   1   7  54472  -0.092581   0.268748  -0.2777451   0.0005309  -0.059937  -0.003274   0.000060   0.000064  0.0000065  0.0000110    0.000233    0.000076
2008   1   8  54473  -0.094394   0.270626  -0.2782570   0.0005583  -0.060024  -0.003083   0.000057   0.000060  0.0000020  0.0000108    0.000155    0.000049
2008   1   9  54474  -0.096001   0.272571  -0.2788396   0.0006528  -0.059837  -0.002836   0.000058   0.000061  0.0000021  0.0000110    0.000212    0.000815
2008   1  10  54475  -0.097620   0.274912  -0.2795634   0.0008238  -0.059510  -0.002728   0.000059   0.000062  0.0000034  0.0000109    0.000305    0.000710
2008   1  11  54476  -0.099539   0.277459  -0.2804686   0.0009786  -0.059255  -0.002766   0.000057   0.000060  0.0000047  0.0000107    0.000397    0.000267
2008   1  12  54477  -0.101583   0.280079  -0.2815661   0.0011675  -0.059226  -0.002856   0.000058   0.000061  0.0000070  0.0000108    0.000368    0.000127
2008   1  13  54478  -0.103393   0.282793  -0.2828298   0.0013311  -0.059352  -0.002925   0.000066   0.000069  0.0000097  0.0000120    0.000293    0.000098
2008   1  14  54479  -0.104962   0.285707  -0.2841949   0.0014106  -0.059527  -0.002930   0.000068   0.000071  0.0000077  0.0000128    0.000218    0.000070
2008   1  15  54480  -0.106900   0.288630  -0.2855842   0.0013662  -0.059730  -0.002864   0.000064   0.000066  0.0000032  0.0000125    0.000143    0.000042
2008   1  16  54481  -0.108869   0.290995  -0.2869051   0.0011957  -0.060065  -0.002740   0.000065   0.000066  0.0000053  0.0000127    0.000136    0.000048
2008   1  17  54482  -0.110421   0.292914  -0.2880052   0.0009305  -0.060455  -0.002652   0.000067   0.000069  0.0000078  0.0000130    0.000147    0.000063
2008   1  18  54483  -0.112149   0.294952  -0.2887974   0.0006619  -0.060674  -0.002687   0.000067   0.000070  0.0000049  0.0000131    0.000488    0.000161
2008   1  19  54484  -0.113954   0.297067  -0.2893639   0.0004639  -0.060622  -0.002898   0.000069   0.000072  0.0000064  0.0000134    0.000588    0.000245
2008   1  20  54485  -0.115065   0.299162  -0.2898046   0.0004241  -0.060293  -0.003149   0.000070   0.000072  0.0000065  0.0000124    0.000555    0.000314
2008   1  21  54486  -0.115072   0.301583  -0.2902450   0.0005264  -0.059784  -0.003258   0.000066   0.000068  0.0000051  0.0000112    0.000522    0.000383
2008   1  22  54487  -0.115070   0.304414  -0.2908253   0.0007038  -0.059225  -0.003167   0.000064   0.000066  0.0000036  0.0000110    0.000443    0.000425
2008   1  23  54488  -0.115364   0.306728  -0.2916465   0.0009749  -0.058700  -0.003010   0.000063   0.000064  0.0000022  0.0000110    0.000184    0.000101
2008   1  24  54489  -0.115870   0.308978  -0.2927443   0.0012242  -0.058291  -0.002863   0.000060   0.000063  0.0000017  0.0000111    0.000060    0.000022
2008   1  25  54490  -0.116616   0.311492  -0.2940869   0.0014188  -0.058066  -0.002797   0.000060   0.000063  0.0000016  0.0000110    0.000135    0.000043
2008   1  26  54491  -0.117458   0.313844  -0.2955879   0.0015124  -0.058241  -0.002871   0.000064   0.000066  0.0000066  0.0000110    0.000157    0.000048
2008   1  27  54492  -0.117809   0.316452  -0.2971151   0.0015010  -0.058697  -0.003041   0.000060   0.000062  0.0000083  0.0000103    0.000139    0.000043
2008   1  28  54493  -0.117978   0.319295  -0.2985989   0.0014300  -0.059196  -0.003223   0.000054   0.000056  0.0000054  0.0000093    0.000120    0.000037
2008   1  29  54494  -0.118459   0.321778  -0.2999606   0.0012439  -0.059573  -0.003321   0.000052   0.000054  0.0000016  0.0000093    0.000101    0.000032
2008   1  30  54495  -0.119136   0.324037  -0.3011051   0.0010320  -0.059617  -0.003268   0.000053   0.000055  0.0000196  0.0000095    0.001168    0.000112
2008   1  31  54496  -0.119602   0.326446  -0.3020167   0.0007998  -0.059465  -0.003174   0.000053   0.000056  0.0000332  0.0000094    0.002268    0.000196
2008   2   1  54497  -0.119665   0.329120  -0.3027490   0.0006553  -0.059172  -0.003242   0.000053   0.000055  0.0000079  0.0000093    0.000605    0.000082
2008   2   2  54498  -0.119511   0.332313  -0.3033921   0.0005975  -0.058964  -0.003432   0.000054   0.000056  0.0000080  0.0000095    0.000142    0.000047
2008   2   3  54499  -0.119824   0.335573  -0.3039673   0.0005629  -0.058895  -0.003673   0.000058   0.000059  0.0000080  0.0000092    0.000125    0.000042
2008   2   4  54500  -0.120509   0.338316  -0.3045363   0.0006231  -0.059020  -0.003841   0.000059   0.000060  0.0000044  0.0000087    0.000109    0.000036
2008   2   5  54501  -0.120816   0.341137  -0.3052072   0.0007868  -0.059281  -0.003877   0.000057   0.000057  0.0000014  0.0000087    0.000092    0.000031
2008   2   6  54502  -0.121269   0.343992  -0.3060684   0.0009843  -0.059479  -0.003809   0.000056   0.000056  0.0000108  0.0000087    0.000066    0.000024
2008   2   7  54503  -0.122031   0.346859  -0.3071557   0.0012057  -0.059394  -0.003700   0.000057   0.000058  0.0000181  0.0000087    0.000177    0.000085
2008   2   8  54504  -0.122812   0.349411  -0.3084654   0.0014344  -0.059043  -0.003675   0.000057   0.000057  0.0000046  0.0000087    0.000169    0.000063
2008   2   9  54505  -0.123509   0.351951  -0.3099706   0.0015576  -0.059000  -0.003606   0.000058   0.000058  0.0000063  0.0000088    0.000154    0.000048
2008   2  10  54506  -0.123951   0.354818  -0.3115566   0.0016313  -0.059282  -0.003525   0.000059   0.000058  0.0000083  0.0000087    0.000156    0.000047
2008   2  11  54507  -0.124725   0.357627  -0.3131968   0.0016260  -0.059770  -0.003495   0.000057   0.000056  0.0000060  0.0000083    0.000158    0.000046
2008   2  12  54508  -0.125594   0.359896  -0.3148087   0.0014471  -0.060297  -0.003533   0.000054   0.000053  0.0000028  0.0000080    0.000159    0.000045
2008   2  13  54509  -0.126082   0.361878  -0.3162252   0.0012312  -0.060419  -0.003604   0.000054   0.000053  0.0000018  0.0000079    0.000124    0.000049
2008   2  14  54510  -0.125701   0.364387  -0.3173649   0.0010159  -0.060250  -0.003735   0.000055   0.000054  0.0000015  0.0000079    0.000112    0.000050
2008   2  15  54511  -0.125289   0.367099  -0.3182364   0.0007625  -0.059988  -0.003954   0.000056   0.000055  0.0000011  0.0000081    0.000108    0.000045
2008   2  16  54512  -0.125246   0.369414  -0.3189132   0.0005954  -0.059757  -0.004206   0.000056   0.000055  0.0000068  0.0000082    0.000201    0.000097
2008   2  17  54513  -0.125705   0.371378  -0.3194692   0.0005554  -0.059482  -0.004474   0.000055   0.000054  0.0000083  0.0000080    0.000330    0.000171
2008   2  18  54514  -0.126424   0.373941  -0.3200716   0.0006872  -0.059131  -0.004690   0.000053   0.000052  0.0000093  0.0000078    0.000458    0.000244
2008   2  19  54515  -0.126916   0.376709  -0.3208759   0.0009386  -0.058741  -0.004764   0.000052   0.000051  0.0000082  0.0000075    0.000587    0.000318
2008   2  20  54516  -0.127148   0.379552  -0.3219231   0.0011466  -0.058320  -0.004544   0.000051   0.000050  0.0000025  0.0000076    0.000211    0.000090
2008   2  21  54517  -0.127387   0.382093  -0.3231638   0.0013094  -0.057843  -0.004275   0.000050   0.000049  0.0000012  0.0000075    0.000071    0.000020
2008   2  22  54518  -0.127355   0.384908  -0.3244993   0.0013403  -0.057629  -0.004151   0.000050   0.000050  0.0000011  0.0000073    0.000155    0.000057
2008   2  23  54519  -0.127480   0.387795  -0.3258270   0.0013149  -0.057686  -0.004177   0.000053   0.000052  0.0000075  0.0000075    0.000183    0.000068
2008   2  24  54520  -0.127168   0.390874  -0.3271058   0.0012099  -0.057928  -0.004346   0.000049   0.000048  0.0000082  0.0000070    0.000173    0.000062
2008   2  25  54521  -0.126884   0.393793  -0.3282805   0.0010914  -0.058292  -0.004542   0.000043   0.000042  0.0000049  0.0000063    0.000163    0.000057
2008   2  26  54522  -0.126302   0.396414  -0.3292794   0.0008783  -0.058669  -0.004631   0.000041   0.000040  0.0000017  0.0000063    0.000153    0.000052
2008   2  27  54523  -0.125445   0.398929  -0.3300562   0.0006495  -0.058839  -0.004541   0.000041   0.000040  0.0000075  0.0000063    0.000165    0.000067
2008   2  28  54524  -0.124110   0.401583  -0.3306091   0.0004546  -0.058770  -0.004548   0.000041   0.000041  0.0000121  0.0000062    0.000157    0.000064
2008   2  29  54525  -0.122871   0.404034  -0.3309693   0.0002955  -0.058498  -0.004746   0.000041   0.000041  0.0000035  0.0000061    0.000141    0.000054
2008   3   1  54526  -0.121291   0.406701  -0.3311906   0.0002267  -0.058151  -0.005074   0.000042   0.000042  0.0000102  0.0000063    0.000122    0.000046
2008   3   2  54527  -0.120139   0.409775  -0.3314318   0.0002654  -0.057855  -0.005403   0.000045   0.000045  0.0000126  0.0000069    0.000102    0.000038
2008   3   3  54528  -0.119076   0.412662  -0.3317575   0.0003873  -0.057752  -0.005607   0.000045   0.000044  0.0000076  0.0000070    0.000081    0.000030
2008   3   4  54529  -0.118104   0.415893  -0.3322327   0.0005993  -0.057899  -0.005684   0.000042   0.000041  0.0000016  0.0000068    0.000061    0.000022
2008   3   5  54530  -0.117007   0.418921  -0.3329699   0.0008901  -0.058211  -0.005698   0.000041   0.000041  0.0000072  0.0000069    0.000097    0.000039
2008   3   6  54531  -0.115685   0.421738  -0.3339936   0.0011628  -0.058375  -0.005660   0.000042   0.000042  0.0000123  0.0000068    0.000148    0.000062
2008   3   7  54532  -0.114749   0.424319  -0.3352698   0.0013862  -0.058255  -0.005484   0.000042   0.000042  0.0000034  0.0000067    0.000199    0.000085
2008   3   8  54533  -0.113392   0.426650  -0.3367452   0.0015509  -0.058001  -0.005156   0.000043   0.000043  0.0000043  0.0000069    0.000210    0.000089
2008   3   9  54534  -0.111916   0.429344  -0.3383403   0.0015335  -0.058023  -0.004841   0.000047   0.000048  0.0000069  0.0000076    0.000206    0.000085
2008   3  10  54535  -0.110675   0.431737  -0.3398162   0.0013618  -0.058452  -0.004760   0.000048   0.000049  0.0000128  0.0000078    0.000202    0.000081
2008   3  11  54536  -0.109319   0.434414  -0.3410668   0.0010982  -0.059005  -0.004975   0.000046   0.000047  0.0000129  0.0000078    0.000198    0.000078
2008   3  12  54537  -0.107996   0.437534  -0.3420810   0.0008107  -0.059291  -0.005347   0.000045   0.000046  0.0000034  0.0000079    0.000194    0.000074
2008   3  13  54538  -0.106512   0.440356  -0.3428102   0.0005875  -0.059245  -0.005735   0.000044   0.000045  0.0000014  0.0000078    0.000189    0.000068
2008   3  14  54539  -0.104859   0.443226  -0.3433280   0.0004567  -0.058946  -0.006032   0.000044   0.000046  0.0000014  0.0000078    0.000185    0.000062
2008   3  15  54540  -0.102974   0.445965  -0.3437782   0.0004543  -0.058506  -0.006198   0.000045   0.000047  0.0000056  0.0000080    0.000165    0.000055
2008   3  16  54541  -0.100911   0.448907  -0.3442873   0.0005647  -0.058097  -0.006316   0.000047   0.000049  0.0000113  0.0000086    0.000140    0.000047
2008   3  17  54542  -0.098561   0.452025  -0.3449408   0.0007805  -0.057728  -0.006420   0.000047   0.000049  0.0000087  0.0000088    0.000114    0.000040
2008   3  18  54543  -0.096304   0.455083  -0.3458127   0.0010119  -0.057368  -0.006465   0.000045   0.000047  0.0000019  0.0000087    0.000088    0.000032
2008   3  19  54544  -0.094077   0.457881  -0.3469423   0.0012563  -0.057249  -0.006506   0.000045   0.000047  0.0000012  0.0000087    0.000231    0.000088
2008   3  20  54545  -0.091520   0.460880  -0.3482850   0.0013871  -0.057291  -0.006452   0.000046   0.000048  0.0000022  0.0000085    0.000417    0.000162
2008   3  21  54546  -0.088876   0.463828  -0.3497449   0.0014614  -0.057252  -0.006257   0.000047   0.000048  0.0000110  0.0000084    0.000419    0.000162
2008   3  22  54547  -0.086130   0.466983  -0.3512218   0.0014647  -0.057150  -0.006128   0.000049   0.000049  0.0000154  0.0000084    0.000352    0.000137
2008   3  23  54548  -0.083345   0.470167  -0.3526689   0.0014229  -0.057054  -0.006175   0.000049   0.000049  0.0000072  0.0000080    0.000285    0.000111
2008   3  24  54549  -0.080724   0.473076  -0.3540434   0.0013039  -0.057047  -0.006322   0.000047   0.000048  0.0000055  0.0000076    0.000218    0.000085
2008   3  25  54550  -0.078457   0.475805  -0.3552779   0.0011495  -0.057134  -0.006420   0.000046   0.000047  0.0000033  0.0000076    0.000151    0.000059
2008   3  26  54551  -0.076227   0.478331  -0.3563397   0.0009724  -0.057191  -0.006412   0.000046   0.000046  0.0000011  0.0000078    0.000083    0.000033
2008   3  27  54552  -0.074097   0.480640  -0.3572232   0.0007870  -0.057115  -0.006481   0.000047   0.000047  0.0000007  0.0000078    0.000092    0.000034
2008   3  28  54553  -0.072199   0.482839  -0.3579581   0.0006765  -0.056889  -0.006722   0.000047   0.000047  0.0000009  0.0000076    0.000121    0.000043
2008   3  29  54554  -0.070620   0.484919  -0.3586079   0.0006372  -0.056644  -0.007072   0.000047   0.000048  0.0000042  0.0000074    0.000120    0.000044
2008   3  30  54555  -0.068717   0.486641  -0.3592635   0.0007176  -0.056408  -0.007361   0.000048   0.000048  0.0000088  0.0000074    0.000107    0.000041
2008   3  31  54556  -0.066551   0.488146  -0.3600245   0.0008740  -0.056244  -0.007448   0.000047   0.000046  0.0000072  0.0000074    0.000095    0.000038
2008   4   1  54557  -0.064468   0.489792  -0.3609839   0.0010918  -0.056290  -0.007393   0.000045   0.000044  0.0000026  0.0000075    0.000082    0.000035
2008   4   2  54558  -0.061974   0.491627  -0.3622033   0.0013290  -0.056488  -0.007386   0.000045   0.000045  0.0000073  0.0000076    0.000090    0.000037
2008   4   3  54559  -0.058983   0.493543  -0.3636564   0.0015670  -0.056408  -0.007431   0.000045   0.000044  0.0000115  0.0000074    0.000056    0.000019
2008   4   4  54560  -0.056078   0.495357  -0.3652961   0.0017566  -0.056215  -0.007271   0.000044   0.000043  0.0000046  0.0000072    0.000124    0.000045
2008   4   5  54561  -0.053614   0.497006  -0.3671146   0.0019060  -0.056180  -0.006799   0.000047   0.000046  0.0000076  0.0000072    0.000141    0.000053
2008   4   6  54562  -0.050867   0.498708  -0.3690460   0.0018726  -0.056551  -0.006260   0.000048   0.000046  0.0000084  0.0000070    0.000126    0.000050
2008   4   7  54563  -0.047905   0.500439  -0.3708044   0.0015946  -0.057392  -0.006059   0.000046   0.000045  0.0000052  0.0000067    0.000111    0.000046
2008   4   8  54564  -0.045139   0.502386  -0.3722037   0.0012151  -0.058316  -0.006330   0.000045   0.000044  0.0000014  0.0000069    0.000096    0.000043
2008   4   9  54565  -0.042916   0.504707  -0.3732681   0.0008793  -0.058626  -0.006939   0.000045   0.000044  0.0000051  0.0000070    0.000080    0.000035
2008   4  10  54566  -0.041098   0.506791  -0.3740470   0.0006449  -0.058337  -0.007507   0.000046   0.000045  0.0000086  0.0000072    0.000064    0.000026
2008   4  11  54567  -0.038873   0.508632  -0.3746331   0.0005315  -0.057692  -0.007873   0.000045   0.000045  0.0000048  0.0000070    0.000244    0.000108
2008   4  12  54568  -0.036620   0.510326  -0.3751669   0.0005562  -0.057219  -0.008016   0.000047   0.000046  0.0000061  0.0000068    0.000271    0.000120
2008   4  13  54569  -0.034173   0.511826  -0.3757777   0.0006938  -0.056977  -0.008016   0.000046   0.000045  0.0000062  0.0000068    0.000218    0.000095
2008   4  14  54570  -0.031611   0.512934  -0.3765941   0.0009378  -0.056888  -0.007926   0.000042   0.000042  0.0000039  0.0000069    0.000165    0.000071
2008   4  15  54571  -0.029051   0.513786  -0.3776537   0.0011881  -0.056838  -0.007799   0.000041   0.000041  0.0000012  0.0000071    0.000112    0.000046
2008   4  16  54572  -0.026479   0.514565  -0.3788957   0.0013015  -0.056586  -0.007698   0.000042   0.000041  0.0000015  0.0000072    0.000209    0.000081
2008   4  17  54573  -0.023651   0.515642  -0.3802413   0.0013615  -0.056259  -0.007584   0.000042   0.000042  0.0000027  0.0000071    0.000344    0.000131
2008   4  18  54574  -0.020373   0.517318  -0.3816110   0.0013470  -0.055928  -0.007441   0.000042   0.000042  0.0000038  0.0000069    0.000480    0.000181
2008   4  19  54575  -0.016974   0.519358  -0.3829349   0.0012940  -0.055636  -0.007342   0.000043   0.000042  0.0000060  0.0000069    0.000563    0.000213
2008   4  20  54576  -0.013709   0.521578  -0.3841750   0.0011662  -0.055389  -0.007408   0.000043   0.000042  0.0000082  0.0000067    0.000626    0.000237
2008   4  21  54577  -0.010975   0.523806  -0.3852545   0.0009865  -0.055261  -0.007652   0.000041   0.000041  0.0000122  0.0000065    0.000689    0.000261
2008   4  22  54578  -0.008238   0.525766  -0.3861534   0.0008394  -0.055288  -0.007935   0.000040   0.000039  0.0000115  0.0000064    0.000750    0.000286
2008   4  23  54579  -0.005766   0.527452  -0.3869167   0.0007050  -0.055874  -0.008192   0.000039   0.000039  0.0000052  0.0000065    0.000243    0.000103
2008   4  24  54580  -0.003068   0.528386  -0.3875894   0.0006197  -0.055958  -0.008242   0.000039   0.000039  0.0000030  0.0000065    0.000173    0.000066
2008   4  25  54581  -0.000058   0.529141  -0.3881977   0.0005757  -0.055839  -0.008298   0.000039   0.000039  0.0000019  0.0000066    0.000217    0.000067
2008   4  26  54582   0.003089   0.529880  -0.3887732   0.0006051  -0.055724  -0.008469   0.000040   0.000041  0.0000048  0.0000068    0.000200    0.000060
2008   4  27  54583   0.006191   0.530721  -0.3894057   0.0006927  -0.055567  -0.008603   0.000043   0.000043  0.0000075  0.0000067    0.000160    0.000051
2008   4  28  54584   0.009563   0.531744  -0.3901920   0.0008897  -0.055326  -0.008535   0.000044   0.000044  0.0000054  0.0000065    0.000120    0.000041
2008   4  29  54585   0.012909   0.533159  -0.3912119   0.0011471  -0.055118  -0.008330   0.000041   0.000042  0.0000015  0.0000064    0.000080    0.000031
2008   4  30  54586   0.015977   0.534667  -0.3925137   0.0014521  -0.055160  -0.008255   0.000040   0.000041  0.0000020  0.0000064    0.000169    0.000074
2008   5   1  54587   0.018971   0.535985  -0.3940594   0.0016488  -0.055343  -0.008347   0.000040   0.000041  0.0000076  0.0000063    0.000191    0.000085
2008   5   2  54588   0.021731   0.536992  -0.3957746   0.0017830  -0.055465  -0.008376   0.000040   0.000041  0.0000124  0.0000063    0.000176    0.000079
2008   5   3  54589   0.024426   0.537677  -0.3976140   0.0018589  -0.055557  -0.008098   0.000041   0.000042  0.0000092  0.0000063    0.000161    0.000073
2008   5   4  54590   0.027091   0.538292  -0.3994714   0.0018074  -0.055906  -0.007653   0.000042   0.000043  0.0000086  0.0000064    0.000146    0.000068
2008   5   5  54591   0.030019   0.538534  -0.4011573   0.0015731  -0.056574  -0.007468   0.000042   0.000043  0.0000062  0.0000063    0.000131    0.000062
2008   5   6  54592   0.033509   0.538757  -0.4025728   0.0012535  -0.057172  -0.007727   0.000040   0.000041  0.0000025  0.0000062    0.000116    0.000056
2008   5   7  54593   0.036909   0.539259  -0.4036636   0.0009529  -0.057318  -0.008137   0.000040   0.000041  0.0000015  0.0000062    0.001820    0.000195
2008   5   8  54594   0.039750   0.539887  -0.4045533   0.0008147  -0.057012  -0.008404   0.000040   0.000041  0.0000013  0.0000062    0.000684    0.000100
2008   5   9  54595   0.042502   0.540615  -0.4054417   0.0008751  -0.056511  -0.008565   0.000041   0.000042  0.0000076  0.0000063    0.000106    0.000048
2008   5  10  54596   0.044821   0.541474  -0.4063632   0.0010249  -0.056084  -0.008658   0.000043   0.000044  0.0000133  0.0000064    0.000095    0.000041
2008   5  11  54597   0.047326   0.541774  -0.4074716   0.0012695  -0.055909  -0.008631   0.000046   0.000046  0.0000087  0.0000065    0.000084    0.000034
2008   5  12  54598   0.050034   0.542274  -0.4088849   0.0014996  -0.056066  -0.008434   0.000046   0.000047  0.0000050  0.0000065    0.000073    0.000027
2008   5  13  54599   0.052844   0.542516  -0.4104670   0.0016295  -0.056430  -0.008166   0.000044   0.000045  0.0000014  0.0000065    0.000062    0.000020
2008   5  14  54600   0.056399   0.542631  -0.4121296   0.0016876  -0.056683  -0.007949   0.000043   0.000044  0.0000050  0.0000065    0.000052    0.000017
2008   5  15  54601   0.060248   0.542608  -0.4138039   0.0016267  -0.056674  -0.007870   0.000043   0.000044  0.0000082  0.0000065    0.000041    0.000015
2008   5  16  54602   0.064150   0.542640  -0.4154114   0.0015288  -0.056720  -0.007873   0.000043   0.000044  0.0000025  0.0000065    0.000113    0.000044
2008   5  17  54603   0.067966   0.542625  -0.4168329   0.0013170  -0.056632  -0.007871   0.000045   0.000046  0.0000081  0.0000065    0.000159    0.000059
2008   5  18  54604   0.071429   0.542680  -0.4180149   0.0010979  -0.056572  -0.007948   0.000046   0.000046  0.0000115  0.0000067    0.000185    0.000064
2008   5  19  54605   0.074615   0.542673  -0.4189975   0.0008927  -0.056629  -0.008201   0.000045   0.000046  0.0000088  0.0000069    0.000211    0.000070
2008   5  20  54606   0.077668   0.542655  -0.4197929   0.0006429  -0.056765  -0.008552   0.000044   0.000045  0.0000046  0.0000068    0.000237    0.000075
2008   5  21  54607   0.080938   0.542330  -0.4203777   0.0004543  -0.056785  -0.008790   0.000043   0.000044  0.0000076  0.0000069    0.000189    0.000062
2008   5  22  54608   0.084350   0.541892  -0.4207677   0.0003282  -0.056703  -0.008811   0.000043   0.000044  0.0000100  0.0000069    0.000123    0.000045
2008   5  23  54609   0.088203   0.541497  -0.4210388   0.0002795  -0.056945  -0.008874   0.000043   0.000044  0.0000029  0.0000070    0.000139    0.000052
2008   5  24  54610   0.092259   0.541472  -0.4213245   0.0003407  -0.057113  -0.008883   0.000045   0.000046  0.0000083  0.0000072    0.000160    0.000066
2008   5  25  54611   0.096093   0.541313  -0.4217165   0.0004956  -0.057199  -0.008869   0.000046   0.000047  0.0000122  0.0000072    0.000173    0.000078
2008   5  26  54612   0.100047   0.541262  -0.4222929   0.0006966  -0.057201  -0.008766   0.000045   0.000046  0.0000124  0.0000069    0.000185    0.000091
2008   5  27  54613   0.103790   0.541508  -0.4230677   0.0008568  -0.057118  -0.008561   0.000043   0.000044  0.0000085  0.0000068    0.000198    0.000103
2008   5  28  54614   0.107553   0.541418  -0.4240211   0.0010180  -0.056977  -0.008265   0.000042   0.000044  0.0000030  0.0000068    0.000197    0.000075
2008   5  29  54615   0.111245   0.541189  -0.4251299   0.0011774  -0.056818  -0.008246   0.000042   0.000044  0.0000028  0.0000068    0.000420    0.000172
2008   5  30  54616   0.114501   0.540674  -0.4263538   0.0012736  -0.056757  -0.008297   0.000042   0.000044  0.0000040  0.0000069    0.000701    0.000302
2008   5  31  54617   0.117312   0.540075  -0.4276134   0.0012272  -0.057114  -0.008223   0.000043   0.000045  0.0000155  0.0000069    0.000650    0.000281
2008   6   1  54618   0.119994   0.539764  -0.4287414   0.0010419  -0.057758  -0.008017   0.000045   0.000046  0.0000129  0.0000069    0.000469    0.000201
2008   6   2  54619   0.122626   0.539234  -0.4296538   0.0008151  -0.058495  -0.007950   0.000044   0.000045  0.0000056  0.0000068    0.000288    0.000122
2008   6   3  54620   0.125654   0.538441  -0.4303260   0.0005619  -0.059018  -0.008169   0.000042   0.000043  0.0000014  0.0000068    0.000107    0.000042
2008   6   4  54621   0.129052   0.537384  -0.4307664   0.0003694  -0.058932  -0.008232   0.000042   0.000044  0.0000130  0.0000068    0.000214    0.000078
2008   6   5  54622   0.132824   0.536074  -0.4310806   0.0002988  -0.058711  -0.008254   0.000043   0.000044  0.0000220  0.0000069    0.000221    0.000083
2008   6   6  54623   0.136479   0.534934  -0.4314278   0.0003550  -0.058528  -0.008221   0.000044   0.000045  0.0000055  0.0000072    0.000176    0.000069
2008   6   7  54624   0.139895   0.533758  -0.4319488   0.0005273  -0.058227  -0.008304   0.000045   0.000046  0.0000143  0.0000074    0.000158    0.000063
2008   6   8  54625   0.143294   0.532751  -0.4325483   0.0007227  -0.058027  -0.008404   0.000047   0.000048  0.0000147  0.0000071    0.000150    0.000058
2008   6   9  54626   0.146564   0.531708  -0.4333015   0.0008459  -0.058188  -0.008332   0.000048   0.000048  0.0000080  0.0000069    0.000142    0.000054
2008   6  10  54627   0.150193   0.530480  -0.4342535   0.0009854  -0.058693  -0.008131   0.000046   0.000046  0.0000022  0.0000067    0.000134    0.000050
2008   6  11  54628   0.153714   0.529231  -0.4352674   0.0009857  -0.059561  -0.007713   0.000045   0.000045  0.0000012  0.0000067    0.000163    0.000072
2008   6  12  54629   0.157106   0.527650  -0.4361767   0.0008407  -0.059873  -0.007681   0.000045   0.000046  0.0000094  0.0000067    0.000164    0.000074
2008   6  13  54630   0.160609   0.526081  -0.4369257   0.0006520  -0.059729  -0.007851   0.000046   0.000046  0.0000173  0.0000068    0.000150    0.000065
2008   6  14  54631   0.163908   0.524688  -0.4375009   0.0004639  -0.059562  -0.007972   0.000046   0.000047  0.0000116  0.0000068    0.000136    0.000057
2008   6  15  54632   0.166807   0.523332  -0.4378275   0.0002475  -0.059605  -0.008059   0.000046   0.000046  0.0000145  0.0000065    0.000122    0.000049
2008   6  16  54633   0.169564   0.521916  -0.4379854   0.0001296  -0.059833  -0.008237   0.000043   0.000043  0.0000111  0.0000063    0.000108    0.000041
2008   6  17  54634   0.172466   0.520600  -0.4380544   0.0000302  -0.060113  -0.008514   0.000042   0.000041  0.0000025  0.0000063    0.000094    0.000033
2008   6  18  54635   0.175182   0.519058  -0.4380463  -0.0000470  -0.060257  -0.008685   0.000040   0.000041  0.0000008  0.0000061    0.000093    0.000033
2008   6  19  54636   0.177811   0.517434  -0.4379837  -0.0000699  -0.060275  -0.008603   0.000041   0.000042  0.0000010  0.0000061    0.000095    0.000037
2008   6  20  54637   0.180450   0.515845  -0.4379106  -0.0000460  -0.060201  -0.008322   0.000041   0.000042  0.0000012  0.0000061    0.000098    0.000040
2008   6  21  54638   0.183626   0.514356  -0.4379012   0.0000902  -0.060226  -0.008083   0.000041   0.000042  0.0000076  0.0000061    0.000104    0.000041
2008   6  22  54639   0.187026   0.512892  -0.4381024   0.0002894  -0.060381  -0.007997   0.000044   0.000045  0.0000097  0.0000065    0.000113    0.000041
2008   6  23  54640   0.190275   0.511333  -0.4385451   0.0005451  -0.060622  -0.008014   0.000045   0.000045  0.0000066  0.0000067    0.000122    0.000042
2008   6  24  54641   0.193454   0.509895  -0.4392010   0.0007707  -0.060855  -0.008038   0.000043   0.000044  0.0000025  0.0000067    0.000130    0.000042
2008   6  25  54642   0.196488   0.508394  -0.4400492   0.0009336  -0.060981  -0.007936   0.000043   0.000044  0.0000062  0.0000067    0.000124    0.000045
2008   6  26  54643   0.199498   0.507083  -0.4410415   0.0010323  -0.061157  -0.007914   0.000044   0.000045  0.0000093  0.0000067    0.000149    0.000052
2008   6  27  54644   0.201837   0.505801  -0.4420704   0.0009939  -0.061527  -0.008056   0.000044   0.000045  0.0000031  0.0000068    0.000292    0.000102
2008   6  28  54645   0.204237   0.503973  -0.4429678   0.0008817  -0.062052  -0.008048   0.000045   0.000046  0.0000081  0.0000068    0.000297    0.000104
2008   6  29  54646   0.206571   0.502101  -0.4437744   0.0007007  -0.062615  -0.007943   0.000047   0.000049  0.0000106  0.0000071    0.000237    0.000083
2008   6  30  54647   0.208772   0.499818  -0.4443989   0.0004938  -0.063032  -0.007918   0.000048   0.000049  0.0000070  0.0000074    0.000177    0.000061
2008   7   1  54648   0.211236   0.497510  -0.4447531   0.0002776  -0.063139  -0.008010   0.000047   0.000048  0.0000021  0.0000074    0.000117    0.000039
2008   7   2  54649   0.213615   0.495313  -0.4449201   0.0001468  -0.062576  -0.008293   0.000047   0.000048  0.0000029  0.0000073    0.000212    0.000070
2008   7   3  54650   0.216146   0.493237  -0.4450637   0.0001733  -0.061884  -0.008450   0.000048   0.000048  0.0000053  0.0000072    0.000347    0.000114
2008   7   4  54651   0.218883   0.491176  -0.4453513   0.0003442  -0.061760  -0.008301   0.000048   0.000048  0.0000083  0.0000072    0.000353    0.000114
2008   7   5  54652   0.221736   0.489077  -0.4458350   0.0005432  -0.061870  -0.008175   0.000049   0.000049  0.0000114  0.0000072    0.000310    0.000098
2008   7   6  54653   0.224688   0.487207  -0.4464670   0.0007107  -0.062058  -0.008140   0.000050   0.000050  0.0000131  0.0000073    0.000267    0.000081
2008   7   7  54654   0.227277   0.485448  -0.4472413   0.0008080  -0.062558  -0.008024   0.000048   0.000048  0.0000093  0.0000072    0.000225    0.000064
2008   7   8  54655   0.229631   0.483216  -0.4480581   0.0007593  -0.063481  -0.007791   0.000046   0.000046  0.0000031  0.0000072    0.000182    0.000048
2008   7   9  54656   0.231938   0.481146  -0.4487504   0.0006402  -0.064581  -0.007576   0.000046   0.000046  0.0000057  0.0000071    0.000384    0.000117
2008   7  10  54657   0.234163   0.479143  -0.4493073   0.0004898  -0.064992  -0.007601   0.000046   0.000047  0.0000084  0.0000071    0.000147    0.000049
2008   7  11  54658   0.236536   0.477271  -0.4497255   0.0002736  -0.064629  -0.007852   0.000047   0.000048  0.0000031  0.0000072    0.000128    0.000050
2008   7  12  54659   0.238797   0.474930  -0.4498737   0.0000324  -0.064279  -0.007975   0.000048   0.000049  0.0000090  0.0000072    0.000145    0.000055
2008   7  13  54660   0.241245   0.472463  -0.4497825  -0.0001689  -0.064183  -0.007974   0.000048   0.000048  0.0000143  0.0000070    0.000129    0.000047
2008   7  14  54661   0.243378   0.469876  -0.4495385  -0.0003057  -0.064306  -0.008010   0.000045   0.000046  0.0000101  0.0000068    0.000113    0.000038
2008   7  15  54662   0.245346   0.466955  -0.4491865  -0.0003880  -0.064541  -0.008155   0.000044   0.000044  0.0000024  0.0000068    0.000096    0.000030
2008   7  16  54663   0.247878   0.464059  -0.4487742  -0.0003966  -0.064914  -0.008184   0.000043   0.000044  0.0000072  0.0000067    0.000171    0.000053
2008   7  17  54664   0.250617   0.461559  -0.4484004  -0.0003318  -0.065277  -0.008020   0.000044   0.000045  0.0000120  0.0000067    0.000269    0.000085
2008   7  18  54665   0.252942   0.459084  -0.4481566  -0.0001972  -0.065688  -0.007878   0.000044   0.000045  0.0000043  0.0000067    0.000223    0.000085
2008   7  19  54666   0.254996   0.456584  -0.4480724   0.0000019  -0.065831  -0.007659   0.000045   0.000046  0.0000123  0.0000067    0.000177    0.000073
2008   7  20  54667   0.257213   0.453746  -0.4481916   0.0002643  -0.065903  -0.007548   0.000046   0.000047  0.0000178  0.0000067    0.000150    0.000059
2008   7  21  54668   0.259658   0.450866  -0.4485842   0.0005109  -0.066084  -0.007616   0.000046   0.000047  0.0000121  0.0000069    0.000124    0.000045
2008   7  22  54669   0.262234   0.447604  -0.4492214   0.0006832  -0.066333  -0.007759   0.000044   0.000046  0.0000029  0.0000069    0.000097    0.000032
2008   7  23  54670   0.265121   0.444113  -0.4499824   0.0007565  -0.066613  -0.007834   0.000044   0.000045  0.0000011  0.0000069    0.000556    0.000303
2008   7  24  54671   0.267781   0.440700  -0.4507634   0.0007706  -0.066691  -0.007940   0.000044   0.000046  0.0000013  0.0000069    0.000505    0.000268
2008   7  25  54672   0.270317   0.437376  -0.4514821   0.0007085  -0.066718  -0.008034   0.000044   0.000046  0.0000014  0.0000068    0.000262    0.000119
2008   7  26  54673   0.272843   0.434775  -0.4520725   0.0005424  -0.066856  -0.008025   0.000045   0.000047  0.0000013  0.0000069    0.000177    0.000070
2008   7  27  54674   0.275004   0.432353  -0.4524845   0.0003228  -0.067029  -0.008010   0.000049   0.000050  0.0000011  0.0000074    0.000151    0.000058
2008   7  28  54675   0.276764   0.429622  -0.4527027   0.0001030  -0.067087  -0.008058   0.000050   0.000050  0.0000009  0.0000078    0.000125    0.000047
2008   7  29  54676   0.278260   0.426810  -0.4527644   0.0000048  -0.066972  -0.008142   0.000048   0.000049  0.0000007  0.0000078    0.000099    0.000035
2008   7  30  54677   0.279472   0.424017  -0.4527576   0.0000129  -0.067321  -0.008179   0.000048   0.000048  0.0000087  0.0000078    0.000100    0.000045
2008   7  31  54678   0.280212   0.421324  -0.4528058   0.0001129  -0.067260  -0.008115   0.000049   0.000049  0.0000147  0.0000076    0.000146    0.000056
2008   8   1  54679   0.281095   0.418220  -0.4530164   0.0002879  -0.067127  -0.007982   0.000048   0.000048  0.0000048  0.0000074    0.000202    0.000065
2008   8   2  54680   0.282278   0.415059  -0.4534334   0.0005151  -0.067080  -0.007864   0.000049   0.000049  0.0000083  0.0000074    0.000195    0.000060
2008   8   3  54681   0.283698   0.411558  -0.4540488   0.0006875  -0.067029  -0.007835   0.000050   0.000049  0.0000112  0.0000074    0.000164    0.000051
2008   8   4  54682   0.285294   0.408055  -0.4548080   0.0007946  -0.067178  -0.007839   0.000048   0.000048  0.0000077  0.0000072    0.000134    0.000041
2008   8   5  54683   0.286947   0.404612  -0.4556099   0.0007402  -0.067741  -0.007828   0.000046   0.000046  0.0000022  0.0000072    0.000103    0.000031
2008   8   6  54684   0.288561   0.401288  -0.4563356   0.0005971  -0.068808  -0.007836   0.000046   0.000046  0.0000012  0.0000074    0.000572    0.000211
2008   8   7  54685   0.290013   0.398361  -0.4568748   0.0004084  -0.069682  -0.007896   0.000048   0.000048  0.0000014  0.0000074    0.000530    0.000197
2008   8   8  54686   0.290735   0.395540  -0.4571656   0.0002168  -0.070063  -0.007930   0.000048   0.000047  0.0000015  0.0000072    0.000297    0.000109
2008   8   9  54687   0.291462   0.392590  -0.4572240   0.0000861  -0.069836  -0.007858   0.000048   0.000048  0.0000210  0.0000072    0.000199    0.000072
2008   8  10  54688   0.291934   0.389506  -0.4572517  -0.0000638  -0.069419  -0.007712   0.000049   0.000048  0.0000171  0.0000072    0.000151    0.000055
2008   8  11  54689   0.292397   0.385923  -0.4571806  -0.0001666  -0.069063  -0.007621   0.000047   0.000047  0.0000157  0.0000070    0.000104    0.000038
2008   8  12  54690   0.292798   0.382712  -0.4569391  -0.0002300  -0.068806  -0.007665   0.000045   0.000045  0.0000198  0.0000070    0.000056    0.000021
2008   8  13  54691   0.292964   0.379288  -0.4566923  -0.0001714  -0.068638  -0.007808   0.000045   0.000045  0.0000166  0.0000072    0.000028    0.000011
2008   8  14  54692   0.293094   0.376362  -0.4565936  -0.0000605  -0.068659  -0.007882   0.000044   0.000044  0.0000175  0.0000072    0.000025    0.000010
2008   8  15  54693   0.292938   0.373377  -0.4566194   0.0000866  -0.068808  -0.007792   0.000045   0.000045  0.0000146  0.0000071    0.000027    0.000011
2008   8  16  54694   0.293647   0.370583  -0.4568158   0.0002606  -0.068886  -0.007655   0.000048   0.000048  0.0000120  0.0000071    0.000033    0.000012
2008   8  17  54695   0.294227   0.368032  -0.4571434   0.0004320  -0.068928  -0.007581   0.000049   0.000050  0.0000129  0.0000072    0.000036    0.000013
2008   8  18  54696   0.294488   0.365068  -0.4576976   0.0006539  -0.069048  -0.007597   0.000048   0.000048  0.0000138  0.0000072    0.000034    0.000013
2008   8  19  54697   0.294829   0.361866  -0.4584531   0.0008180  -0.069295  -0.007664   0.000047   0.000046  0.0000164  0.0000071    0.000032    0.000012
2008   8  20  54698   0.295383   0.358688  -0.4592786   0.0008574  -0.069597  -0.007729   0.000047   0.000047  0.0000264  0.0000071    0.000035    0.000013
2008   8  21  54699   0.296152   0.355625  -0.4600868   0.0007437  -0.069823  -0.007757   0.000045   0.000045  0.0000228  0.0000072    0.000032    0.000012
2008   8  22  54700   0.297042   0.352272  -0.4607807   0.0005566  -0.069912  -0.007732   0.000045   0.000045  0.0000200  0.0000073    0.000024    0.000010
2008   8  23  54701   0.298078   0.349065  -0.4612562   0.0003478  -0.069894  -0.007698   0.000047   0.000047  0.0000185  0.0000072    0.000025    0.000010
2008   8  24  54702   0.298570   0.346086  -0.4614921   0.0001692  -0.069771  -0.007719   0.000050   0.000049  0.0000156  0.0000073    0.000026    0.000011
2008   8  25  54703   0.298251   0.343028  -0.4615948   0.0000471  -0.069539  -0.007798   0.000048   0.000048  0.0000130  0.0000074    0.000026    0.000011
2008   8  26  54704   0.297860   0.339459  -0.4616488   0.0000745  -0.069331  -0.007869   0.000048   0.000047  0.0000101  0.0000076    0.000024    0.000010
2008   8  27  54705   0.298121   0.335855  -0.4617752   0.0002197  -0.069264  -0.007881   0.000049   0.000049  0.0000102  0.0000078    0.003364    0.000237
2008   8  28  54706   0.298233   0.332587  -0.4620588   0.0003713  -0.069309  -0.007832   0.000050   0.000049  0.0000122  0.0000077    0.001567    0.000335
2008   8  29  54707   0.298333   0.329453  -0.4625377   0.0006048  -0.069365  -0.007728   0.000049   0.000050  0.0000042  0.0000076    0.000276    0.000138
2008   8  30  54708   0.298464   0.326158  -0.4633047   0.0008746  -0.069347  -0.007596   0.000050   0.000051  0.0000121  0.0000076    0.000198    0.000071
2008   8  31  54709   0.298665   0.322331  -0.4642797   0.0010136  -0.069273  -0.007473   0.000051   0.000051  0.0000155  0.0000076    0.000221    0.000072
2008   9   1  54710   0.298707   0.318525  -0.4653344   0.0010423  -0.069316  -0.007414   0.000047   0.000047  0.0000127  0.0000072    0.000245    0.000074
2008   9   2  54711   0.298957   0.314645  -0.4663634   0.0009687  -0.069646  -0.007461   0.000045   0.000046  0.0000077  0.0000072    0.000268    0.000075
2008   9   3  54712   0.299224   0.310818  -0.4672659   0.0007928  -0.070210  -0.007509   0.000044   0.000045  0.0000019  0.0000073    0.000126    0.000039
2008   9   4  54713   0.299112   0.307217  -0.4679755   0.0005900  -0.070775  -0.007617   0.000042   0.000043  0.0000012  0.0000073    0.000046    0.000016
2008   9   5  54714   0.298674   0.303494  -0.4684776   0.0003882  -0.071018  -0.007703   0.000042   0.000043  0.0000017  0.0000073    0.000116    0.000057
2008   9   6  54715   0.298312   0.299890  -0.4687960   0.0002316  -0.070776  -0.007630   0.000044   0.000044  0.0000089  0.0000072    0.000144    0.000068
2008   9   7  54716   0.297902   0.296395  -0.4689500   0.0001238  -0.070239  -0.007492   0.000044   0.000045  0.0000171  0.0000071    0.000138    0.000061
2008   9   8  54717   0.297581   0.292998  -0.4690528   0.0001195  -0.069677  -0.007438   0.000043   0.000044  0.0000129  0.0000070    0.000133    0.000054
2008   9   9  54718   0.297297   0.289776  -0.4692073   0.0002013  -0.069275  -0.007510   0.000041   0.000043  0.0000030  0.0000071    0.000128    0.000047
2008   9  10  54719   0.296925   0.286632  -0.4694590   0.0003153  -0.069290  -0.007547   0.000041   0.000043  0.0000080  0.0000072    0.000077    0.000031
2008   9  11  54720   0.296493   0.283729  -0.4698566   0.0004891  -0.069396  -0.007555   0.000042   0.000044  0.0000131  0.0000072    0.000099    0.000031
2008   9  12  54721   0.295831   0.280756  -0.4704753   0.0007665  -0.069608  -0.007595   0.000041   0.000043  0.0000040  0.0000070    0.000186    0.000067
2008   9  13  54722   0.294494   0.277695  -0.4714153   0.0010890  -0.069877  -0.007648   0.000043   0.000044  0.0000108  0.0000070    0.000338    0.000108
2008   9  14  54723   0.292846   0.274536  -0.4726389   0.0013376  -0.070074  -0.007707   0.000046   0.000047  0.0000142  0.0000072    0.000510    0.000148
2008   9  15  54724   0.291504   0.271284  -0.4740971   0.0015307  -0.069952  -0.007644   0.000046   0.000047  0.0000093  0.0000072    0.000432    0.000126
2008   9  16  54725   0.290494   0.268142  -0.4757079   0.0016192  -0.069746  -0.007493   0.000046   0.000047  0.0000026  0.0000072    0.000219    0.000073
2008   9  17  54726   0.289411   0.265031  -0.4773215   0.0015687  -0.069737  -0.007357   0.000046   0.000047  0.0000196  0.0000072    0.000643    0.000197
2008   9  18  54727   0.287882   0.261652  -0.4787871   0.0013736  -0.070218  -0.007241   0.000047   0.000047  0.0000160  0.0000071    0.000559    0.000172
2008   9  19  54728   0.286010   0.258160  -0.4800163   0.0010884  -0.070731  -0.007170   0.000046   0.000046  0.0000044  0.0000071    0.000266    0.000088
2008   9  20  54729   0.284188   0.254608  -0.4809879   0.0008478  -0.070722  -0.007173   0.000048   0.000047  0.0000096  0.0000072    0.000177    0.000063
2008   9  21  54730   0.282235   0.251208  -0.4816744   0.0006457  -0.070362  -0.007174   0.000046   0.000045  0.0000133  0.0000067    0.000164    0.000062
2008   9  22  54731   0.280210   0.247796  -0.4822542   0.0005656  -0.069909  -0.007162   0.000043   0.000042  0.0000089  0.0000061    0.000151    0.000060
2008   9  23  54732   0.278340   0.244288  -0.4828562   0.0006039  -0.069541  -0.007185   0.000041   0.000040  0.0000024  0.0000061    0.000137    0.000059
2008   9  24  54733   0.276571   0.240884  -0.4834873   0.0007108  -0.069131  -0.007336   0.000041   0.000040  0.0000097  0.0000062    0.000078    0.000032
2008   9  25  54734   0.274761   0.237613  -0.4842903   0.0009274  -0.069100  -0.007380   0.000042   0.000040  0.0000159  0.0000063    0.000107    0.000036
2008   9  26  54735   0.273056   0.234359  -0.4853649   0.0011686  -0.069149  -0.007309   0.000042   0.000041  0.0000046  0.0000062    0.000164    0.000050
2008   9  27  54736   0.271340   0.231030  -0.4866091   0.0013156  -0.069071  -0.007174   0.000042   0.000041  0.0000113  0.0000061    0.000165    0.000053
2008   9  28  54737   0.269819   0.227894  -0.4879763   0.0014186  -0.069001  -0.006959   0.000045   0.000044  0.0000130  0.0000063    0.000146    0.000051
2008   9  29  54738   0.268314   0.225378  -0.4894044   0.0014005  -0.069042  -0.006762   0.000046   0.000046  0.0000078  0.0000067    0.000127    0.000049
2008   9  30  54739   0.266487   0.222774  -0.4907782   0.0012862  -0.069222  -0.006723   0.000045   0.000044  0.0000020  0.0000067    0.000107    0.000047
2008  10   1  54740   0.264615   0.220275  -0.4919908   0.0011052  -0.069336  -0.006813   0.000045   0.000044  0.0000109  0.0000068    0.000129    0.000059
2008  10   2  54741   0.262467   0.217657  -0.4929841   0.0008630  -0.069428  -0.006974   0.000046   0.000046  0.0000183  0.0000069    0.000161    0.000074
2008  10   3  54742   0.259847   0.214951  -0.4937430   0.0006426  -0.069686  -0.007132   0.000046   0.000046  0.0000051  0.0000070    0.000186    0.000068
2008  10   4  54743   0.256867   0.212303  -0.4942830   0.0004496  -0.069559  -0.007126   0.000047   0.000047  0.0000068  0.0000071    0.000193    0.000067
2008  10   5  54744   0.254355   0.209700  -0.4946710   0.0003660  -0.069052  -0.007041   0.000046   0.000045  0.0000078  0.0000067    0.000193    0.000070
2008  10   6  54745   0.252117   0.207562  -0.4949901   0.0003366  -0.068458  -0.007022   0.000041   0.000040  0.0000050  0.0000059    0.000193    0.000073
2008  10   7  54746   0.249687   0.205508  -0.4953480   0.0003966  -0.068038  -0.007090   0.000040   0.000039  0.0000019  0.0000057    0.000193    0.000076
2008  10   8  54747   0.247214   0.203439  -0.4958532   0.0005666  -0.067686  -0.007096   0.000040   0.000039  0.0000097  0.0000058    0.000163    0.000078
2008  10   9  54748   0.244818   0.200748  -0.4965390   0.0007787  -0.067639  -0.007062   0.000040   0.000039  0.0000158  0.0000059    0.000076    0.000038
2008  10  10  54749   0.242388   0.197804  -0.4974203   0.0010095  -0.067985  -0.007103   0.000040   0.000039  0.0000044  0.0000061    0.000104    0.000044
2008  10  11  54750   0.239638   0.194665  -0.4985465   0.0012476  -0.068301  -0.007041   0.000041   0.000040  0.0000044  0.0000062    0.000136    0.000054
2008  10  12  54751   0.237156   0.191669  -0.4999131   0.0014551  -0.068545  -0.006975   0.000046   0.000044  0.0000085  0.0000065    0.000152    0.000059
2008  10  13  54752   0.234757   0.189135  -0.5014520   0.0015640  -0.068675  -0.006880   0.000046   0.000044  0.0000134  0.0000065    0.000169    0.000064
2008  10  14  54753   0.232560   0.186753  -0.5030265   0.0015747  -0.068674  -0.006697   0.000044   0.000042  0.0000117  0.0000063    0.000185    0.000069
2008  10  15  54754   0.229752   0.184696  -0.5045302   0.0014595  -0.068623  -0.006507   0.000044   0.000043  0.0000030  0.0000065    0.000202    0.000073
2008  10  16  54755   0.227078   0.182441  -0.5059278   0.0012953  -0.068544  -0.006490   0.000044   0.000044  0.0000016  0.0000067    0.000224    0.000088
2008  10  17  54756   0.224416   0.180265  -0.5071454   0.0011354  -0.068409  -0.006561   0.000044   0.000043  0.0000021  0.0000065    0.000247    0.000104
2008  10  18  54757   0.221646   0.177803  -0.5081474   0.0009747  -0.068213  -0.006529   0.000044   0.000043  0.0000067  0.0000065    0.000222    0.000096
2008  10  19  54758   0.218910   0.175146  -0.5090496   0.0009588  -0.067999  -0.006394   0.000046   0.000044  0.0000083  0.0000067    0.000180    0.000078
2008  10  20  54759   0.216266   0.172770  -0.5100037   0.0010169  -0.067806  -0.006275   0.000045   0.000043  0.0000054  0.0000065    0.000137    0.000059
2008  10  21  54760   0.213672   0.170521  -0.5111015   0.0011584  -0.067622  -0.006259   0.000042   0.000041  0.0000015  0.0000063    0.000094    0.000041
2008  10  22  54761   0.211332   0.168672  -0.5123738   0.0013182  -0.067460  -0.006346   0.000041   0.000041  0.0000010  0.0000063    0.000126    0.000052
2008  10  23  54762   0.208404   0.166818  -0.5138042   0.0014820  -0.067267  -0.006416   0.000042   0.000042  0.0000014  0.0000063    0.000178    0.000071
2008  10  24  54763   0.205017   0.164847  -0.5153474   0.0016242  -0.067049  -0.006395   0.000043   0.000043  0.0000018  0.0000065    0.000229    0.000090
2008  10  25  54764   0.201236   0.162477  -0.5169512   0.0016531  -0.066833  -0.006249   0.000044   0.000044  0.0000155  0.0000065    0.000231    0.000092
2008  10  26  54765   0.197797   0.159866  -0.5185921   0.0016022  -0.066725  -0.006015   0.000046   0.000046  0.0000287  0.0000067    0.000214    0.000088
2008  10  27  54766   0.195294   0.157921  -0.5202037   0.0015495  -0.066741  -0.005783   0.000046   0.000046  0.0000214  0.0000067    0.000196    0.000085
2008  10  28  54767   0.193293   0.156636  -0.5216944   0.0014209  -0.066809  -0.005677   0.000045   0.000045  0.0000053  0.0000066    0.000178    0.000081
2008  10  29  54768   0.191198   0.155805  -0.5229960   0.0011831  -0.066932  -0.005766   0.000046   0.000046  0.0000063  0.0000068    0.000210    0.000088
2008  10  30  54769   0.188446   0.154341  -0.5240779   0.0009573  -0.067075  -0.006003   0.000046   0.000046  0.0000095  0.0000067    0.000255    0.000098
2008  10  31  54770   0.185699   0.152912  -0.5249567   0.0008156  -0.067161  -0.006212   0.000045   0.000046  0.0000041  0.0000067    0.000299    0.000109
2008  11   1  54771   0.182606   0.151445  -0.5256874   0.0006669  -0.066988  -0.006288   0.000046   0.000047  0.0000046  0.0000068    0.000273    0.000097
2008  11   2  54772   0.179447   0.149645  -0.5263055   0.0006240  -0.066532  -0.006234   0.000049   0.000049  0.0000085  0.0000072    0.000221    0.000078
2008  11   3  54773   0.176517   0.148447  -0.5269205   0.0006352  -0.065975  -0.006172   0.000050   0.000050  0.0000069  0.0000075    0.000168    0.000059
2008  11   4  54774   0.173275   0.147705  -0.5275902   0.0006640  -0.065566  -0.006160   0.000047   0.000048  0.0000022  0.0000074    0.000115    0.000039
2008  11   5  54775   0.169828   0.146657  -0.5283051   0.0007806  -0.065422  -0.005996   0.000047   0.000047  0.0000025  0.0000072    0.000165    0.000061
2008  11   6  54776   0.166521   0.145613  -0.5291430   0.0009370  -0.065427  -0.005681   0.000048   0.000048  0.0000035  0.0000070    0.000242    0.000093
2008  11   7  54777   0.163837   0.144675  -0.5301825   0.0011358  -0.065407  -0.005555   0.000048   0.000048  0.0000024  0.0000070    0.000233    0.000103
2008  11   8  54778   0.160902   0.143866  -0.5314144   0.0013463  -0.065616  -0.005492   0.000049   0.000049  0.0000069  0.0000072    0.000203    0.000093
2008  11   9  54779   0.157716   0.142924  -0.5328725   0.0015621  -0.065965  -0.005567   0.000052   0.000051  0.0000083  0.0000075    0.000177    0.000079
2008  11  10  54780   0.154105   0.142229  -0.5344983   0.0016572  -0.066239  -0.005663   0.000052   0.000052  0.0000054  0.0000076    0.000151    0.000066
2008  11  11  54781   0.150285   0.141073  -0.5361754   0.0016335  -0.066311  -0.005613   0.000049   0.000049  0.0000016  0.0000074    0.000125    0.000052
2008  11  12  54782   0.146769   0.140248  -0.5377860   0.0015145  -0.066268  -0.005652   0.000048   0.000048  0.0000030  0.0000073    0.000102    0.000044
2008  11  13  54783   0.142562   0.139302  -0.5391944   0.0012609  -0.065741  -0.005717   0.000050   0.000050  0.0000045  0.0000073    0.000162    0.000062
2008  11  14  54784   0.138365   0.137929  -0.5403113   0.0009955  -0.065083  -0.005687   0.000050   0.000050  0.0000022  0.0000072    0.000168    0.000067
2008  11  15  54785   0.134511   0.136814  -0.5411472   0.0007951  -0.064358  -0.005504   0.000052   0.000051  0.0000072  0.0000075    0.000231    0.000091
2008  11  16  54786   0.130906   0.136127  -0.5419075   0.0008257  -0.063975  -0.005179   0.000054   0.000054  0.0000111  0.0000080    0.000325    0.000126
2008  11  17  54787   0.126966   0.135714  -0.5427707   0.0009634  -0.064006  -0.004954   0.000052   0.000053  0.0000090  0.0000079    0.000419    0.000160
2008  11  18  54788   0.123297   0.135415  -0.5438640   0.0012240  -0.064088  -0.004994   0.000049   0.000050  0.0000049  0.0000074    0.000512    0.000195
2008  11  19  54789   0.120597   0.135063  -0.5452676   0.0015684  -0.064309  -0.005355   0.000049   0.000050  0.0000070  0.0000073    0.000237    0.000079
2008  11  20  54790   0.118530   0.135164  -0.5469401   0.0017586  -0.064740  -0.005584   0.000049   0.000050  0.0000088  0.0000074    0.000151    0.000048
2008  11  21  54791   0.116978   0.135458  -0.5487677   0.0018525  -0.064966  -0.005404   0.000049   0.000050  0.0000036  0.0000074    0.000303    0.000122
2008  11  22  54792   0.115406   0.135972  -0.5506306   0.0018681  -0.065008  -0.005136   0.000050   0.000052  0.0000078  0.0000076    0.000326    0.000133
2008  11  23  54793   0.113355   0.136259  -0.5524483   0.0017576  -0.065038  -0.004924   0.000053   0.000053  0.0000202  0.0000077    0.000282    0.000113
2008  11  24  54794   0.110904   0.136602  -0.5541538   0.0016109  -0.065073  -0.004763   0.000051   0.000052  0.0000167  0.0000075    0.000237    0.000093
2008  11  25  54795   0.107891   0.137304  -0.5557001   0.0014598  -0.065071  -0.004663   0.000049   0.000050  0.0000040  0.0000074    0.000193    0.000072
2008  11  26  54796   0.104408   0.137118  -0.5570732   0.0013085  -0.064939  -0.004677   0.000049   0.000050  0.0000022  0.0000074    0.000375    0.000139
2008  11  27  54797   0.101267   0.136557  -0.5582948   0.0011541  -0.064914  -0.004947   0.000049   0.000051  0.0000045  0.0000075    0.000334    0.000144
2008  11  28  54798   0.098307   0.136187  -0.5593760   0.0010221  -0.064902  -0.005280   0.000050   0.000051  0.0000073  0.0000075    0.000188    0.000119
2008  11  29  54799   0.095151   0.135897  -0.5603261   0.0009246  -0.064675  -0.005353   0.000051   0.000051  0.0000102  0.0000075    0.000176    0.000102
2008  11  30  54800   0.091663   0.135558  -0.5611835   0.0008753  -0.064267  -0.005215   0.000052   0.000052  0.0000085  0.0000074    0.000164    0.000085
2008  12   1  54801   0.088253   0.135332  -0.5620766   0.0009266  -0.063765  -0.004998   0.000050   0.000050  0.0000049  0.0000073    0.000152    0.000069
2008  12   2  54802   0.084620   0.135160  -0.5630619   0.0010400  -0.063370  -0.004839   0.000046   0.000047  0.0000015  0.0000072    0.000139    0.000052
2008  12   3  54803   0.080528   0.135129  -0.5641160   0.0011004  -0.063104  -0.004558   0.000046   0.000046  0.0000042  0.0000071    0.000123    0.000052
2008  12   4  54804   0.075992   0.135019  -0.5652934   0.0012470  -0.063169  -0.004420   0.000048   0.000048  0.0000068  0.0000071    0.000180    0.000072
2008  12   5  54805   0.071818   0.135231  -0.5666526   0.0014663  -0.063348  -0.004335   0.000048   0.000049  0.0000028  0.0000072    0.000257    0.000097
2008  12   6  54806   0.068107   0.135290  -0.5681726   0.0016033  -0.063506  -0.004335   0.000050   0.000050  0.0000053  0.0000073    0.000261    0.000097
2008  12   7  54807   0.064635   0.135129  -0.5698184   0.0016904  -0.063723  -0.004522   0.000052   0.000052  0.0000069  0.0000076    0.000238    0.000088
2008  12   8  54808   0.061520   0.134581  -0.5715201   0.0016471  -0.063964  -0.004735   0.000051   0.000051  0.0000085  0.0000077    0.000215    0.000079
2008  12   9  54809   0.059070   0.134298  -0.5731197   0.0014799  -0.064154  -0.004750   0.000049   0.000049  0.0000082  0.0000076    0.000191    0.000070
2008  12  10  54810   0.056696   0.134800  -0.5744866   0.0012630  -0.064266  -0.004620   0.000048   0.000048  0.0000025  0.0000075    0.000168    0.000061
2008  12  11  54811   0.053621   0.134989  -0.5756155   0.0009852  -0.064043  -0.004544   0.000048   0.000048  0.0000014  0.0000075    0.000191    0.000076
2008  12  12  54812   0.050488   0.134504  -0.5764881   0.0007579  -0.063427  -0.004586   0.000049   0.000049  0.0000014  0.0000075    0.000227    0.000097
2008  12  13  54813   0.047268   0.134451  -0.5771492   0.0006777  -0.062818  -0.004565   0.000049   0.000049  0.0000032  0.0000074    0.000218    0.000092
2008  12  14  54814   0.044769   0.134277  -0.5778480   0.0008061  -0.062598  -0.004341   0.000052   0.000052  0.0000058  0.0000076    0.000192    0.000079
2008  12  15  54815   0.042802   0.134492  -0.5787628   0.0010580  -0.062900  -0.004174   0.000054   0.000053  0.0000046  0.0000077    0.000167    0.000066
2008  12  16  54816   0.040093   0.134857  -0.5799178   0.0012699  -0.063345  -0.004338   0.000050   0.000050  0.0000014  0.0000077    0.000142    0.000052
2008  12  17  54817   0.036876   0.135056  -0.5812563   0.0013812  -0.063299  -0.004681   0.000049   0.000050  0.0000060  0.0000078    0.000087    0.000031
2008  12  18  54818   0.033694   0.135446  -0.5826892   0.0014472  -0.063010  -0.004760   0.000050   0.000051  0.0000099  0.0000076    0.000043    0.000017
2008  12  19  54819   0.030543   0.136015  -0.5841296   0.0014449  -0.062862  -0.004522   0.000050   0.000052  0.0000034  0.0000076    0.000216    0.000094
2008  12  20  54820   0.027496   0.136544  -0.5855073   0.0013360  -0.062996  -0.004282   0.000052   0.000053  0.0000058  0.0000077    0.000262    0.000112
2008  12  21  54821   0.024489   0.137342  -0.5867205   0.0011124  -0.063152  -0.004204   0.000055   0.000056  0.0000086  0.0000078    0.000234    0.000097
2008  12  22  54822   0.021190   0.138117  -0.5877442   0.0009131  -0.063222  -0.004241   0.000055   0.000056  0.0000062  0.0000080    0.000206    0.000081
2008  12  23  54823   0.017962   0.138639  -0.5885815   0.0007357  -0.063289  -0.004287   0.000052   0.000054  0.0000019  0.0000081    0.000178    0.000066
2008  12  24  54824   0.014481   0.139008  -0.5892146   0.0005241  -0.063400  -0.004201   0.000053   0.000054  0.0000093  0.0000081    0.000225    0.000075
2008  12  25  54825   0.010872   0.139410  -0.5896284   0.0003418  -0.063435  -0.004282   0.000054   0.000056  0.0000170  0.0000080    0.000240    0.000079
2008  12  26  54826   0.006688   0.139931  -0.5898619   0.0002136  -0.063393  -0.004468   0.000055   0.000057  0.0000137  0.0000080    0.000236    0.000079
2008  12  27  54827   0.002880   0.140413  -0.5900443   0.0002402  -0.063264  -0.004556   0.000056   0.000059  0.0000103  0.0000081    0.000233    0.000079
2008  12  28  54828  -0.001070   0.141761  -0.5903085   0.0002777  -0.063009  -0.004442   0.000056   0.000057  0.0000093  0.0000078    0.000229    0.000079
2008  12  29  54829  -0.005267   0.143011  -0.5906606   0.0003875  -0.062643  -0.004215   0.000052   0.000053  0.0000064  0.0000074    0.000226    0.000079
2008  12  30  54830  -0.009633   0.144173  -0.5911461   0.0005700  -0.062288  -0.004060   0.000051   0.000052  0.0000021  0.0000074    0.000222    0.000079
2008  12  31  54831  -0.013422   0.144978  -0.5918700   0.0008303  -0.062137  -0.004179   0.000051   0.000053  0.0000031  0.0000076    0.000461    0.000228
