

                   INTERNATIONAL EARTH ROTATION AND REFERENCE SYSTEMS SERVICE
                        EARTH ORIENTATION PARAMETERS
                          EOP (IERS) 08 C04

  
             FORMAT(3(I4),I7,2(F11.6),2(F12.7),2(F11.6),2(F11.6),2(F11.7),2F12.6)
**********************************************************************************
  
      Date      MJD      x          y        UT1-UTC       LOD         dPsi      dEps       x Err     y Err   UT1-UTC Err  LOD Err    dPsi Err   dEpsilon Err
                         "          "           s           s            "         "        "          "          s           s            "         "
     (0h UTC)

1999   1   1  51179   0.138556   0.295932   0.7166593   0.0009431  -0.047497  -0.004359   0.000097   0.000097  0.0000085  0.0000095    0.000177    0.000066
1999   1   2  51180   0.137702   0.293717   0.7157548   0.0008776  -0.047214  -0.004215   0.000096   0.000095  0.0000088  0.0000114    0.000187    0.000071
1999   1   3  51181   0.137553   0.291797   0.7149073   0.0008616  -0.046833  -0.003929   0.000090   0.000091  0.0000090  0.0000119    0.000197    0.000075
1999   1   4  51182   0.137279   0.290386   0.7140725   0.0008692  -0.046459  -0.003777   0.000081   0.000080  0.0000093  0.0000112    0.000206    0.000080
1999   1   5  51183   0.136737   0.289080   0.7132094   0.0008862  -0.046221  -0.003812   0.000079   0.000077  0.0000096  0.0000096    0.000216    0.000085
1999   1   6  51184   0.136235   0.287929   0.7122861   0.0009623  -0.046215  -0.003870   0.000074   0.000074  0.0000099  0.0000090    0.000225    0.000090
1999   1   7  51185   0.136337   0.287264   0.7112876   0.0010610  -0.046404  -0.003803   0.000071   0.000073  0.0000098  0.0000087    0.000226    0.000091
1999   1   8  51186   0.136058   0.286794   0.7102220   0.0010823  -0.046663  -0.003640   0.000073   0.000075  0.0000097  0.0000077    0.000223    0.000090
1999   1   9  51187   0.135915   0.286345   0.7091217   0.0010550  -0.046911  -0.003518   0.000076   0.000077  0.0000095  0.0000079    0.000220    0.000089
1999   1  10  51188   0.134956   0.285981   0.7080345   0.0010425  -0.047144  -0.003505   0.000081   0.000082  0.0000094  0.0000083    0.000217    0.000088
1999   1  11  51189   0.133677   0.285128   0.7070077   0.0009881  -0.047336  -0.003533   0.000084   0.000085  0.0000092  0.0000079    0.000214    0.000087
1999   1  12  51190   0.131523   0.283832   0.7060726   0.0008842  -0.047401  -0.003493   0.000081   0.000083  0.0000090  0.0000075    0.000212    0.000086
1999   1  13  51191   0.129154   0.281902   0.7052391   0.0007671  -0.047314  -0.003369   0.000081   0.000083  0.0000089  0.0000074    0.000209    0.000085
1999   1  14  51192   0.126940   0.280251   0.7045006   0.0007044  -0.047181  -0.003248   0.000081   0.000083  0.0000086  0.0000078    0.000279    0.000121
1999   1  15  51193   0.124938   0.278124   0.7038437   0.0006631  -0.047120  -0.003267   0.000081   0.000082  0.0000086  0.0000081    0.000292    0.000128
1999   1  16  51194   0.122821   0.276145   0.7032512   0.0005876  -0.047103  -0.003442   0.000083   0.000085  0.0000088  0.0000086    0.000274    0.000120
1999   1  17  51195   0.120631   0.274574   0.7026965   0.0005222  -0.046992  -0.003663   0.000081   0.000083  0.0000089  0.0000086    0.000256    0.000111
1999   1  18  51196   0.118832   0.272992   0.7021356   0.0005579  -0.046746  -0.003784   0.000077   0.000079  0.0000091  0.0000084    0.000238    0.000103
1999   1  19  51197   0.117717   0.271765   0.7015063   0.0006826  -0.046492  -0.003740   0.000079   0.000080  0.0000093  0.0000084    0.000220    0.000095
1999   1  20  51198   0.116362   0.270125   0.7007426   0.0008418  -0.046376  -0.003594   0.000081   0.000082  0.0000094  0.0000083    0.000202    0.000086
1999   1  21  51199   0.115994   0.268854   0.6997972   0.0010355  -0.046393  -0.003467   0.000083   0.000083  0.0000101  0.0000068    0.000210    0.000089
1999   1  22  51200   0.116052   0.267726   0.6986610   0.0012249  -0.046426  -0.003424   0.000084   0.000085  0.0000110  0.0000070    0.000227    0.000095
1999   1  23  51201   0.116516   0.266646   0.6973692   0.0013400  -0.046418  -0.003431   0.000085   0.000087  0.0000118  0.0000091    0.000244    0.000101
1999   1  24  51202   0.116090   0.265726   0.6959902   0.0013888  -0.046458  -0.003427   0.000089   0.000091  0.0000127  0.0000087    0.000261    0.000107
1999   1  25  51203   0.115235   0.264525   0.6946023   0.0013666  -0.046669  -0.003429   0.000091   0.000093  0.0000135  0.0000084    0.000279    0.000113
1999   1  26  51204   0.113848   0.263331   0.6932684   0.0013007  -0.047041  -0.003526   0.000090   0.000091  0.0000144  0.0000084    0.000296    0.000119
1999   1  27  51205   0.112829   0.262428   0.6920176   0.0012175  -0.047401  -0.003770   0.000092   0.000091  0.0000153  0.0000087    0.000313    0.000125
1999   1  28  51206   0.111573   0.261544   0.6908407   0.0011566  -0.047666  -0.004111   0.000089   0.000088  0.0000123  0.0000092    0.000351    0.000153
1999   1  29  51207   0.110523   0.260776   0.6897006   0.0011455  -0.047277  -0.004243   0.000086   0.000088  0.0000087  0.0000085    0.000206    0.000093
1999   1  30  51208   0.109335   0.259822   0.6885608   0.0011761  -0.047048  -0.004309   0.000090   0.000090  0.0000102  0.0000082    0.000272    0.000109
1999   1  31  51209   0.108156   0.258846   0.6873896   0.0012053  -0.046886  -0.004302   0.000094   0.000094  0.0000119  0.0000076    0.000349    0.000129
1999   2   1  51210   0.106678   0.257585   0.6861653   0.0012514  -0.046814  -0.004342   0.000096   0.000096  0.0000137  0.0000076    0.000426    0.000150
1999   2   2  51211   0.105047   0.256216   0.6848815   0.0012965  -0.046760  -0.004438   0.000094   0.000095  0.0000154  0.0000090    0.000504    0.000170
1999   2   3  51212   0.103532   0.254812   0.6835477   0.0013153  -0.046482  -0.004442   0.000094   0.000095  0.0000171  0.0000093    0.000379    0.000154
1999   2   4  51213   0.101783   0.253546   0.6821849   0.0013088  -0.046342  -0.004255   0.000093   0.000095  0.0000167  0.0000090    0.000368    0.000163
1999   2   5  51214   0.100769   0.252499   0.6808200   0.0013206  -0.046330  -0.003963   0.000095   0.000098  0.0000156  0.0000093    0.000395    0.000181
1999   2   6  51215   0.100539   0.252294   0.6794823   0.0013051  -0.046327  -0.003840   0.000098   0.000101  0.0000145  0.0000094    0.000525    0.000215
1999   2   7  51216   0.099851   0.252520   0.6782016   0.0012415  -0.046431  -0.003916   0.000096   0.000097  0.0000133  0.0000091    0.000654    0.000249
1999   2   8  51217   0.098577   0.252343   0.6770038   0.0011769  -0.046582  -0.004150   0.000093   0.000093  0.0000122  0.0000085    0.000783    0.000284
1999   2   9  51218   0.096610   0.252287   0.6759037   0.0010912  -0.046728  -0.004395   0.000094   0.000093  0.0000111  0.0000082    0.000913    0.000318
1999   2  10  51219   0.094661   0.252086   0.6748976   0.0009981  -0.047051  -0.004432   0.000096   0.000095  0.0000100  0.0000081    0.000399    0.000144
1999   2  11  51220   0.092336   0.251428   0.6739630   0.0009078  -0.047130  -0.004520   0.000097   0.000094  0.0000097  0.0000090    0.000284    0.000101
1999   2  12  51221   0.090687   0.250252   0.6730645   0.0008989  -0.047073  -0.004700   0.000104   0.000097  0.0000097  0.0000103    0.000322    0.000108
1999   2  13  51222   0.089215   0.249601   0.6721597   0.0009358  -0.047010  -0.004938   0.000107   0.000099  0.0000097  0.0000102    0.000302    0.000116
1999   2  14  51223   0.087880   0.248440   0.6712026   0.0010119  -0.046877  -0.005182   0.000109   0.000104  0.0000097  0.0000109    0.000283    0.000124
1999   2  15  51224   0.086802   0.247488   0.6701452   0.0011494  -0.046643  -0.005269   0.000111   0.000107  0.0000097  0.0000121    0.000263    0.000132
1999   2  16  51225   0.085794   0.246935   0.6689444   0.0012738  -0.046305  -0.005103   0.000107   0.000102  0.0000097  0.0000128    0.000243    0.000136
1999   2  17  51226   0.084486   0.246901   0.6675757   0.0014350  -0.045965  -0.004707   0.000107   0.000103  0.0000097  0.0000135    0.000226    0.000103
1999   2  18  51227   0.082676   0.246986   0.6660459   0.0015875  -0.045697  -0.004523   0.000108   0.000106  0.0000140  0.0000129    0.000267    0.000113
1999   2  19  51228   0.080738   0.246690   0.6643970   0.0016861  -0.045617  -0.004636   0.000109   0.000106  0.0000198  0.0000128    0.000329    0.000138
1999   2  20  51229   0.079269   0.246091   0.6626985   0.0016762  -0.045729  -0.004877   0.000109   0.000102  0.0000182  0.0000128    0.000316    0.000130
1999   2  21  51230   0.078448   0.245630   0.6610308   0.0016144  -0.045965  -0.005134   0.000105   0.000099  0.0000167  0.0000112    0.000303    0.000122
1999   2  22  51231   0.078223   0.245343   0.6594665   0.0015032  -0.046272  -0.005260   0.000110   0.000103  0.0000151  0.0000130    0.000290    0.000114
1999   2  23  51232   0.078169   0.245079   0.6580548   0.0013382  -0.046632  -0.005260   0.000106   0.000101  0.0000136  0.0000124    0.000276    0.000106
1999   2  24  51233   0.077787   0.244851   0.6568126   0.0011506  -0.046988  -0.005226   0.000094   0.000092  0.0000120  0.0000092    0.000263    0.000098
1999   2  25  51234   0.076505   0.244565   0.6557245   0.0010022  -0.047225  -0.005216   0.000098   0.000095  0.0000115  0.0000088    0.000259    0.000095
1999   2  26  51235   0.075028   0.244029   0.6547513   0.0009225  -0.047236  -0.005209   0.000101   0.000097  0.0000114  0.0000100    0.000257    0.000095
1999   2  27  51236   0.073094   0.243404   0.6538441   0.0008998  -0.047039  -0.005187   0.000100   0.000098  0.0000112  0.0000111    0.000256    0.000094
1999   2  28  51237   0.071453   0.242511   0.6529587   0.0009142  -0.046774  -0.005197   0.000107   0.000105  0.0000110  0.0000143    0.000255    0.000094
1999   3   1  51238   0.070010   0.242040   0.6520632   0.0009326  -0.046551  -0.005297   0.000111   0.000107  0.0000109  0.0000155    0.000253    0.000093
1999   3   2  51239   0.068920   0.241535   0.6511399   0.0009484  -0.046331  -0.005485   0.000107   0.000103  0.0000107  0.0000126    0.000252    0.000092
1999   3   3  51240   0.068105   0.241646   0.6501832   0.0009716  -0.046016  -0.005676   0.000104   0.000100  0.0000105  0.0000125    0.000250    0.000092
1999   3   4  51241   0.067531   0.241822   0.6491982   0.0010161  -0.045635  -0.005778   0.000107   0.000105  0.0000098  0.0000146    0.000228    0.000085
1999   3   5  51242   0.066588   0.242150   0.6482019   0.0010265  -0.045384  -0.005778   0.000110   0.000107  0.0000089  0.0000136    0.000200    0.000076
1999   3   6  51243   0.065454   0.242609   0.6472224   0.0009207  -0.045409  -0.005737   0.000110   0.000107  0.0000079  0.0000093    0.000171    0.000067
1999   3   7  51244   0.064356   0.242764   0.6462924   0.0008636  -0.045651  -0.005727   0.000111   0.000109  0.0000070  0.0000067    0.000142    0.000059
1999   3   8  51245   0.063341   0.242650   0.6454378   0.0008193  -0.045931  -0.005776   0.000107   0.000106  0.0000060  0.0000065    0.000113    0.000050
1999   3   9  51246   0.062207   0.242531   0.6446656   0.0007243  -0.046127  -0.005854   0.000093   0.000094  0.0000051  0.0000073    0.000084    0.000041
1999   3  10  51247   0.060978   0.242102   0.6439569   0.0006881  -0.046288  -0.005932   0.000087   0.000087  0.0000087  0.0000065    0.000210    0.000089
1999   3  11  51248   0.059939   0.241665   0.6432708   0.0006841  -0.046123  -0.005915   0.000094   0.000091  0.0000069  0.0000080    0.000205    0.000094
1999   3  12  51249   0.058874   0.241394   0.6425540   0.0007513  -0.045654  -0.005865   0.000100   0.000097  0.0000065  0.0000102    0.000203    0.000089
1999   3  13  51250   0.057525   0.240951   0.6417566   0.0008426  -0.045078  -0.005872   0.000105   0.000102  0.0000072  0.0000100    0.000220    0.000087
1999   3  14  51251   0.056056   0.240506   0.6408402   0.0009787  -0.044703  -0.005996   0.000104   0.000102  0.0000079  0.0000107    0.000237    0.000086
1999   3  15  51252   0.054467   0.239970   0.6397777   0.0011525  -0.044670  -0.006186   0.000099   0.000098  0.0000087  0.0000115    0.000254    0.000084
1999   3  16  51253   0.052925   0.239649   0.6385519   0.0013344  -0.044803  -0.006288   0.000095   0.000093  0.0000094  0.0000118    0.000271    0.000082
1999   3  17  51254   0.051031   0.239118   0.6371582   0.0014711  -0.044996  -0.006206   0.000094   0.000091  0.0000092  0.0000128    0.000232    0.000090
1999   3  18  51255   0.049806   0.238846   0.6356113   0.0015964  -0.045068  -0.006036   0.000095   0.000093  0.0000092  0.0000128    0.000221    0.000091
1999   3  19  51256   0.048902   0.238987   0.6339543   0.0016651  -0.045294  -0.006016   0.000099   0.000098  0.0000091  0.0000100    0.000221    0.000091
1999   3  20  51257   0.048263   0.239567   0.6322556   0.0016760  -0.045751  -0.006256   0.000101   0.000099  0.0000091  0.0000097    0.000221    0.000090
1999   3  21  51258   0.047181   0.240113   0.6305933   0.0016300  -0.046177  -0.006609   0.000103   0.000100  0.0000091  0.0000110    0.000221    0.000090
1999   3  22  51259   0.046485   0.240602   0.6290333   0.0015265  -0.046271  -0.006843   0.000103   0.000101  0.0000091  0.0000109    0.000221    0.000089
1999   3  23  51260   0.045661   0.241084   0.6276105   0.0013812  -0.045974  -0.006868   0.000098   0.000097  0.0000091  0.0000096    0.000221    0.000088
1999   3  24  51261   0.044191   0.241527   0.6263200   0.0012489  -0.045463  -0.006763   0.000093   0.000092  0.0000091  0.0000076    0.000221    0.000088
1999   3  25  51262   0.041980   0.241389   0.6251218   0.0011670  -0.044955  -0.006622   0.000089   0.000089  0.0000093  0.0000087    0.000272    0.000106
1999   3  26  51263   0.039260   0.241504   0.6239577   0.0011575  -0.044511  -0.006523   0.000091   0.000093  0.0000095  0.0000100    0.000284    0.000111
1999   3  27  51264   0.036261   0.241511   0.6227734   0.0012144  -0.044127  -0.006499   0.000091   0.000093  0.0000097  0.0000097    0.000276    0.000109
1999   3  28  51265   0.033663   0.241362   0.6215346   0.0012611  -0.043852  -0.006575   0.000088   0.000090  0.0000099  0.0000092    0.000268    0.000107
1999   3  29  51266   0.031779   0.240877   0.6202309   0.0013172  -0.043780  -0.006740   0.000092   0.000092  0.0000102  0.0000096    0.000259    0.000104
1999   3  30  51267   0.030008   0.240975   0.6188705   0.0013979  -0.043918  -0.006918   0.000092   0.000092  0.0000104  0.0000093    0.000251    0.000102
1999   3  31  51268   0.028060   0.241134   0.6174712   0.0014055  -0.044136  -0.007031   0.000090   0.000091  0.0000106  0.0000099    0.000243    0.000100
1999   4   1  51269   0.026117   0.241013   0.6160552   0.0014149  -0.044303  -0.007066   0.000091   0.000091  0.0000106  0.0000100    0.000244    0.000101
1999   4   2  51270   0.024033   0.240816   0.6146468   0.0014048  -0.044416  -0.007079   0.000090   0.000090  0.0000105  0.0000096    0.000248    0.000103
1999   4   3  51271   0.021806   0.240323   0.6132716   0.0013543  -0.044520  -0.007114   0.000091   0.000091  0.0000104  0.0000105    0.000252    0.000105
1999   4   4  51272   0.020132   0.239779   0.6119525   0.0012769  -0.044593  -0.007157   0.000090   0.000091  0.0000104  0.0000104    0.000256    0.000107
1999   4   5  51273   0.018714   0.239766   0.6107038   0.0011871  -0.044591  -0.007184   0.000086   0.000089  0.0000103  0.0000112    0.000261    0.000109
1999   4   6  51274   0.017546   0.239468   0.6095246   0.0011427  -0.044565  -0.007206   0.000083   0.000087  0.0000103  0.0000112    0.000265    0.000111
1999   4   7  51275   0.015927   0.239992   0.6083998   0.0011228  -0.044595  -0.007246   0.000081   0.000085  0.0000102  0.0000097    0.000269    0.000113
1999   4   8  51276   0.013851   0.240348   0.6073026   0.0010890  -0.044617  -0.007268   0.000081   0.000084  0.0000106  0.0000086    0.000263    0.000127
1999   4   9  51277   0.012067   0.240616   0.6061990   0.0011023  -0.044447  -0.007232   0.000085   0.000086  0.0000112  0.0000089    0.000260    0.000128
1999   4  10  51278   0.010987   0.240748   0.6050463   0.0011852  -0.044111  -0.007146   0.000089   0.000090  0.0000118  0.0000101    0.000260    0.000123
1999   4  11  51279   0.010529   0.241202   0.6037935   0.0013054  -0.043929  -0.007122   0.000088   0.000088  0.0000124  0.0000109    0.000261    0.000118
1999   4  12  51280   0.010344   0.242166   0.6023896   0.0015074  -0.044094  -0.007249   0.000088   0.000088  0.0000131  0.0000108    0.000261    0.000113
1999   4  13  51281   0.009728   0.243190   0.6008006   0.0017201  -0.044320  -0.007423   0.000088   0.000088  0.0000137  0.0000111    0.000261    0.000108
1999   4  14  51282   0.008842   0.243964   0.5990302   0.0018853  -0.044187  -0.007427   0.000086   0.000085  0.0000143  0.0000100    0.000261    0.000104
1999   4  15  51283   0.008163   0.245116   0.5971306   0.0019333  -0.043736  -0.007206   0.000085   0.000086  0.0000103  0.0000100    0.000183    0.000073
1999   4  16  51284   0.007328   0.246420   0.5951918   0.0019128  -0.043482  -0.007023   0.000081   0.000081  0.0000047  0.0000114    0.000078    0.000033
1999   4  17  51285   0.006417   0.247786   0.5933099   0.0018216  -0.043759  -0.007160   0.000083   0.000083  0.0000056  0.0000112    0.000100    0.000043
1999   4  18  51286   0.004915   0.248538   0.5915521   0.0016829  -0.044283  -0.007514   0.000092   0.000091  0.0000072  0.0000112    0.000134    0.000058
1999   4  19  51287   0.003132   0.249100   0.5899438   0.0015368  -0.044589  -0.007804   0.000091   0.000089  0.0000087  0.0000110    0.000167    0.000073
1999   4  20  51288   0.001455   0.248958   0.5884778   0.0013922  -0.044495  -0.007893   0.000090   0.000088  0.0000103  0.0000106    0.000201    0.000088
1999   4  21  51289   0.000252   0.248896   0.5871300   0.0012823  -0.044045  -0.007790   0.000087   0.000084  0.0000101  0.0000096    0.000231    0.000102
1999   4  22  51290  -0.001040   0.249034   0.5858698   0.0012290  -0.043982  -0.007778   0.000084   0.000081  0.0000094  0.0000107    0.000223    0.000109
1999   4  23  51291  -0.002166   0.249326   0.5846445   0.0012461  -0.044089  -0.007803   0.000087   0.000082  0.0000098  0.0000106    0.000209    0.000127
1999   4  24  51292  -0.003528   0.250175   0.5833995   0.0012895  -0.044220  -0.007833   0.000087   0.000083  0.0000107  0.0000089    0.000198    0.000150
1999   4  25  51293  -0.005284   0.251103   0.5820996   0.0013568  -0.044207  -0.007885   0.000082   0.000081  0.0000116  0.0000096    0.000188    0.000172
1999   4  26  51294  -0.006903   0.252059   0.5807310   0.0014044  -0.044019  -0.007930   0.000077   0.000079  0.0000125  0.0000111    0.000177    0.000195
1999   4  27  51295  -0.008070   0.252835   0.5792969   0.0014502  -0.043834  -0.007871   0.000073   0.000074  0.0000134  0.0000129    0.000166    0.000218
1999   4  28  51296  -0.008288   0.253910   0.5778167   0.0015005  -0.043966  -0.007639   0.000073   0.000074  0.0000143  0.0000107    0.000307    0.000142
1999   4  29  51297  -0.008364   0.255189   0.5763279   0.0014598  -0.043977  -0.007293   0.000073   0.000074  0.0000183  0.0000081    0.000574    0.000191
1999   4  30  51298  -0.008599   0.256595   0.5748823   0.0013927  -0.043969  -0.007108   0.000072   0.000073  0.0000185  0.0000086    0.000587    0.000199
1999   5   1  51299  -0.009077   0.257968   0.5735242   0.0012986  -0.043914  -0.007178   0.000074   0.000075  0.0000168  0.0000097    0.000492    0.000176
1999   5   2  51300  -0.010328   0.258911   0.5722776   0.0011881  -0.043820  -0.007408   0.000083   0.000082  0.0000152  0.0000101    0.000396    0.000152
1999   5   3  51301  -0.011903   0.259585   0.5711510   0.0010797  -0.043786  -0.007646   0.000093   0.000091  0.0000135  0.0000095    0.000300    0.000129
1999   5   4  51302  -0.013454   0.260002   0.5701494   0.0009376  -0.043938  -0.007828   0.000092   0.000089  0.0000119  0.0000093    0.000204    0.000106
1999   5   5  51303  -0.014935   0.259989   0.5692780   0.0007962  -0.044258  -0.007898   0.000089   0.000086  0.0000116  0.0000087    0.000240    0.000109
1999   5   6  51304  -0.015746   0.260389   0.5685275   0.0007136  -0.044789  -0.008073   0.000090   0.000086  0.0000105  0.0000085    0.000304    0.000123
1999   5   7  51305  -0.016397   0.261029   0.5678206   0.0007447  -0.044891  -0.008127   0.000088   0.000086  0.0000091  0.0000090    0.000284    0.000113
1999   5   8  51306  -0.017038   0.261933   0.5670562   0.0008368  -0.044458  -0.007980   0.000088   0.000088  0.0000078  0.0000087    0.000232    0.000092
1999   5   9  51307  -0.017912   0.262844   0.5661586   0.0009632  -0.043904  -0.007756   0.000085   0.000085  0.0000065  0.0000093    0.000180    0.000071
1999   5  10  51308  -0.018533   0.263480   0.5650890   0.0011267  -0.043713  -0.007662   0.000083   0.000082  0.0000052  0.0000100    0.000128    0.000051
1999   5  11  51309  -0.018869   0.264452   0.5638421   0.0013161  -0.043928  -0.007756   0.000077   0.000078  0.0000039  0.0000084    0.000076    0.000030
1999   5  12  51310  -0.019030   0.265783   0.5624372   0.0014977  -0.044276  -0.007878   0.000074   0.000076  0.0000098  0.0000067    0.000213    0.000096
1999   5  13  51311  -0.019246   0.267156   0.5609154   0.0015941  -0.044476  -0.007837   0.000082   0.000084  0.0000115  0.0000071    0.000255    0.000116
1999   5  14  51312  -0.019207   0.268703   0.5593497   0.0015852  -0.044792  -0.007747   0.000083   0.000085  0.0000116  0.0000076    0.000259    0.000117
1999   5  15  51313  -0.018917   0.270115   0.5578328   0.0014863  -0.045399  -0.007814   0.000080   0.000082  0.0000117  0.0000075    0.000264    0.000118
1999   5  16  51314  -0.018877   0.271757   0.5564433   0.0013152  -0.046013  -0.008012   0.000079   0.000081  0.0000118  0.0000074    0.000269    0.000119
1999   5  17  51315  -0.019350   0.273390   0.5552128   0.0011282  -0.046192  -0.008120   0.000079   0.000081  0.0000119  0.0000068    0.000273    0.000120
1999   5  18  51316  -0.019913   0.275051   0.5541141   0.0010234  -0.045789  -0.008057   0.000081   0.000083  0.0000121  0.0000067    0.000278    0.000122
1999   5  19  51317  -0.020098   0.276203   0.5530781   0.0010283  -0.045064  -0.007969   0.000079   0.000080  0.0000122  0.0000077    0.000283    0.000123
1999   5  20  51318  -0.020373   0.276969   0.5520275   0.0010676  -0.044471  -0.007979   0.000077   0.000076  0.0000157  0.0000076    0.000385    0.000160
1999   5  21  51319  -0.020406   0.277546   0.5509071   0.0011381  -0.044351  -0.008010   0.000075   0.000075  0.0000163  0.0000054    0.000397    0.000166
1999   5  22  51320  -0.020439   0.278393   0.5497000   0.0012367  -0.044632  -0.007971   0.000076   0.000075  0.0000154  0.0000052    0.000363    0.000154
1999   5  23  51321  -0.020384   0.279023   0.5484242   0.0012851  -0.044907  -0.007897   0.000079   0.000079  0.0000146  0.0000067    0.000330    0.000143
1999   5  24  51322  -0.020657   0.279877   0.5471192   0.0012881  -0.044880  -0.007858   0.000082   0.000081  0.0000137  0.0000077    0.000296    0.000131
1999   5  25  51323  -0.021207   0.280413   0.5458315   0.0012829  -0.044696  -0.007819   0.000083   0.000083  0.0000128  0.0000081    0.000262    0.000120
1999   5  26  51324  -0.022037   0.281118   0.5446048   0.0012067  -0.044719  -0.007682   0.000080   0.000080  0.0000119  0.0000081    0.000228    0.000108
1999   5  27  51325  -0.023081   0.281463   0.5434740   0.0010627  -0.045092  -0.007443   0.000079   0.000079  0.0000119  0.0000078    0.000232    0.000109
1999   5  28  51326  -0.023634   0.282104   0.5424615   0.0009286  -0.045625  -0.007240   0.000081   0.000081  0.0000121  0.0000080    0.000249    0.000113
1999   5  29  51327  -0.024064   0.282951   0.5415759   0.0008116  -0.046040  -0.007205   0.000081   0.000080  0.0000123  0.0000078    0.000265    0.000117
1999   5  30  51328  -0.024299   0.283449   0.5408113   0.0007202  -0.046210  -0.007321   0.000082   0.000080  0.0000126  0.0000074    0.000282    0.000121
1999   5  31  51329  -0.024666   0.283971   0.5401481   0.0006479  -0.046190  -0.007463   0.000082   0.000082  0.0000128  0.0000055    0.000299    0.000125
1999   6   1  51330  -0.025052   0.284569   0.5395550   0.0005926  -0.046113  -0.007572   0.000080   0.000082  0.0000130  0.0000059    0.000315    0.000130
1999   6   2  51331  -0.025656   0.285361   0.5389929   0.0005554  -0.046076  -0.007700   0.000080   0.000081  0.0000133  0.0000075    0.000332    0.000134
1999   6   3  51332  -0.026647   0.286270   0.5384191   0.0005862  -0.046053  -0.007884   0.000083   0.000083  0.0000133  0.0000077    0.000330    0.000135
1999   6   4  51333  -0.027315   0.287271   0.5377924   0.0006799  -0.045897  -0.008043   0.000086   0.000087  0.0000132  0.0000084    0.000322    0.000136
1999   6   5  51334  -0.027858   0.288428   0.5370755   0.0007913  -0.045506  -0.008046   0.000085   0.000086  0.0000131  0.0000081    0.000315    0.000137
1999   6   6  51335  -0.028511   0.290182   0.5362349   0.0009182  -0.045038  -0.007875   0.000080   0.000081  0.0000130  0.0000077    0.000307    0.000137
1999   6   7  51336  -0.029331   0.291626   0.5352438   0.0010677  -0.044849  -0.007656   0.000078   0.000080  0.0000129  0.0000076    0.000299    0.000138
1999   6   8  51337  -0.029805   0.292865   0.5340913   0.0012259  -0.045125  -0.007506   0.000079   0.000081  0.0000128  0.0000076    0.000291    0.000139
1999   6   9  51338  -0.030296   0.293763   0.5327963   0.0013468  -0.045717  -0.007406   0.000080   0.000082  0.0000127  0.0000078    0.000283    0.000139
1999   6  10  51339  -0.030855   0.294143   0.5314177   0.0013945  -0.046413  -0.007292   0.000080   0.000082  0.0000125  0.0000081    0.000273    0.000135
1999   6  11  51340  -0.030974   0.294513   0.5300496   0.0013204  -0.047168  -0.007227   0.000080   0.000083  0.0000123  0.0000080    0.000261    0.000128
1999   6  12  51341  -0.031328   0.295126   0.5287952   0.0011473  -0.047947  -0.007311   0.000079   0.000082  0.0000121  0.0000076    0.000249    0.000122
1999   6  13  51342  -0.031610   0.295794   0.5277288   0.0009339  -0.048530  -0.007475   0.000077   0.000079  0.0000119  0.0000081    0.000237    0.000116
1999   6  14  51343  -0.031519   0.296819   0.5268668   0.0007422  -0.048644  -0.007517   0.000082   0.000083  0.0000117  0.0000090    0.000225    0.000109
1999   6  15  51344  -0.031891   0.297842   0.5261622   0.0006536  -0.048227  -0.007396   0.000082   0.000084  0.0000115  0.0000070    0.000214    0.000103
1999   6  16  51345  -0.032485   0.298878   0.5255300   0.0006287  -0.047487  -0.007312   0.000078   0.000080  0.0000098  0.0000061    0.000244    0.000097
1999   6  17  51346  -0.033048   0.299261   0.5248878   0.0006515  -0.046863  -0.007395   0.000079   0.000080  0.0000087  0.0000070    0.000232    0.000088
1999   6  18  51347  -0.032896   0.299969   0.5241950   0.0006963  -0.046740  -0.007543   0.000081   0.000082  0.0000078  0.0000067    0.000204    0.000077
1999   6  19  51348  -0.032954   0.300421   0.5234601   0.0007223  -0.047177  -0.007573   0.000080   0.000080  0.0000069  0.0000074    0.000177    0.000066
1999   6  20  51349  -0.032510   0.301168   0.5227188   0.0007519  -0.047806  -0.007472   0.000078   0.000077  0.0000060  0.0000088    0.000149    0.000055
1999   6  21  51350  -0.032354   0.302046   0.5220036   0.0007428  -0.048205  -0.007376   0.000076   0.000077  0.0000051  0.0000099    0.000121    0.000044
1999   6  22  51351  -0.032200   0.302984   0.5213285   0.0006863  -0.048367  -0.007365   0.000073   0.000074  0.0000043  0.0000109    0.000093    0.000033
1999   6  23  51352  -0.032469   0.303866   0.5207006   0.0005806  -0.048622  -0.007375   0.000073   0.000073  0.0000094  0.0000108    0.000192    0.000087
1999   6  24  51353  -0.032114   0.304527   0.5201428   0.0004496  -0.049246  -0.007316   0.000076   0.000078  0.0000110  0.0000100    0.001166    0.000477
1999   6  25  51354  -0.031973   0.305499   0.5197031   0.0002923  -0.050054  -0.007215   0.000078   0.000080  0.0000112  0.0000095    0.002429    0.000978
1999   6  26  51355  -0.031904   0.306522   0.5194315   0.0001622  -0.050686  -0.007175   0.000080   0.000082  0.0000114  0.0000100    0.002429    0.001005
1999   6  27  51356  -0.032397   0.307491   0.5193436   0.0000489  -0.050948  -0.007232   0.000081   0.000083  0.0000116  0.0000113    0.001675    0.000750
1999   6  28  51357  -0.032644   0.308422   0.5194040  -0.0000631  -0.050865  -0.007314   0.000080   0.000084  0.0000119  0.0000121    0.000920    0.000495
1999   6  29  51358  -0.032598   0.308937   0.5195446  -0.0001298  -0.050555  -0.007333   0.000080   0.000084  0.0000121  0.0000123    0.000165    0.000240
1999   6  30  51359  -0.032486   0.309482   0.5196985  -0.0001328  -0.050111  -0.007287   0.000077   0.000080  0.0000123  0.0000105    0.000265    0.000138
1999   7   1  51360  -0.032251   0.310160   0.5198195  -0.0000768  -0.049766  -0.007216   0.000079   0.000082  0.0000088  0.0000094    0.000250    0.000099
1999   7   2  51361  -0.032167   0.310826   0.5198761  -0.0000161  -0.049600  -0.007163   0.000081   0.000085  0.0000083  0.0000090    0.000242    0.000097
1999   7   3  51362  -0.031677   0.311852   0.5198350   0.0000873  -0.049555  -0.007107   0.000080   0.000084  0.0000094  0.0000079    0.000251    0.000102
1999   7   4  51363  -0.031202   0.313105   0.5196580   0.0002551  -0.049528  -0.007016   0.000082   0.000086  0.0000104  0.0000074    0.000261    0.000107
1999   7   5  51364  -0.030393   0.314819   0.5193172   0.0004315  -0.049540  -0.006907   0.000078   0.000085  0.0000115  0.0000078    0.000270    0.000112
1999   7   6  51365  -0.029684   0.316112   0.5188154   0.0005784  -0.049740  -0.006829   0.000077   0.000083  0.0000126  0.0000072    0.000279    0.000117
1999   7   7  51366  -0.028871   0.317436   0.5181957   0.0006610  -0.050232  -0.006820   0.000077   0.000081  0.0000137  0.0000070    0.000289    0.000122
1999   7   8  51367  -0.028013   0.318442   0.5175332   0.0006439  -0.050951  -0.006916   0.000077   0.000080  0.0000135  0.0000086    0.000283    0.000120
1999   7   9  51368  -0.026962   0.319664   0.5169128   0.0005466  -0.051727  -0.007152   0.000078   0.000082  0.0000129  0.0000084    0.000273    0.000116
1999   7  10  51369  -0.026250   0.320808   0.5163988   0.0004284  -0.052365  -0.007490   0.000076   0.000080  0.0000123  0.0000077    0.000263    0.000111
1999   7  11  51370  -0.025550   0.322051   0.5160128   0.0003307  -0.052719  -0.007748   0.000080   0.000084  0.0000116  0.0000079    0.000253    0.000107
1999   7  12  51371  -0.024863   0.323154   0.5157280   0.0002715  -0.052741  -0.007721   0.000084   0.000088  0.0000110  0.0000077    0.000243    0.000103
1999   7  13  51372  -0.024618   0.324564   0.5154832   0.0002716  -0.052488  -0.007415   0.000080   0.000084  0.0000104  0.0000083    0.000232    0.000099
1999   7  14  51373  -0.024486   0.325672   0.5152103   0.0003289  -0.052081  -0.007092   0.000075   0.000079  0.0000098  0.0000087    0.000222    0.000095
1999   7  15  51374  -0.024644   0.326771   0.5148614   0.0004092  -0.051764  -0.006966   0.000073   0.000076  0.0000107  0.0000086    0.000318    0.000140
1999   7  16  51375  -0.025245   0.327412   0.5144228   0.0004822  -0.051671  -0.007066   0.000075   0.000077  0.0000122  0.0000084    0.000353    0.000154
1999   7  17  51376  -0.025712   0.327982   0.5139144   0.0005294  -0.051959  -0.007174   0.000076   0.000079  0.0000137  0.0000083    0.000353    0.000150
1999   7  18  51377  -0.025778   0.328529   0.5133746   0.0005356  -0.052501  -0.007159   0.000078   0.000080  0.0000152  0.0000073    0.000353    0.000147
1999   7  19  51378  -0.025686   0.329123   0.5128441   0.0005085  -0.052982  -0.007097   0.000080   0.000080  0.0000167  0.0000067    0.000353    0.000144
1999   7  20  51379  -0.025332   0.329991   0.5123554   0.0004464  -0.053245  -0.007107   0.000080   0.000081  0.0000182  0.0000080    0.000352    0.000140
1999   7  21  51380  -0.024730   0.330851   0.5119312   0.0003814  -0.053542  -0.007120   0.000080   0.000081  0.0000160  0.0000084    0.000318    0.000116
1999   7  22  51381  -0.024178   0.331517   0.5115884   0.0002874  -0.053681  -0.007191   0.000085   0.000085  0.0000150  0.0000084    0.000334    0.000116
1999   7  23  51382  -0.023463   0.332214   0.5113411   0.0001881  -0.053714  -0.007232   0.000088   0.000088  0.0000144  0.0000085    0.000368    0.000125
1999   7  24  51383  -0.023279   0.332701   0.5111979   0.0000784  -0.053635  -0.007254   0.000089   0.000089  0.0000139  0.0000080    0.000402    0.000134
1999   7  25  51384  -0.023626   0.333114   0.5111525  -0.0000092  -0.053534  -0.007320   0.000088   0.000088  0.0000133  0.0000084    0.000436    0.000143
1999   7  26  51385  -0.023879   0.333620   0.5111775  -0.0000477  -0.053590  -0.007426   0.000086   0.000088  0.0000128  0.0000095    0.000470    0.000152
1999   7  27  51386  -0.023887   0.334043   0.5112258  -0.0000131  -0.053907  -0.007475   0.000089   0.000092  0.0000122  0.0000099    0.000471    0.000153
1999   7  28  51387  -0.023708   0.334614   0.5112412   0.0000478  -0.054542  -0.007322   0.000086   0.000088  0.0000117  0.0000100    0.000300    0.000113
1999   7  29  51388  -0.023430   0.335751   0.5111715   0.0001476  -0.055024  -0.007209   0.000082   0.000083  0.0000106  0.0000100    0.000220    0.000084
1999   7  30  51389  -0.022872   0.336590   0.5109749   0.0002748  -0.055284  -0.007034   0.000086   0.000087  0.0000094  0.0000098    0.000187    0.000071
1999   7  31  51390  -0.022262   0.337644   0.5106218   0.0004552  -0.055381  -0.006894   0.000088   0.000089  0.0000081  0.0000095    0.000160    0.000062
1999   8   1  51391  -0.021443   0.338728   0.5100960   0.0006155  -0.055301  -0.006863   0.000084   0.000085  0.0000069  0.0000094    0.000133    0.000053
1999   8   2  51392  -0.020951   0.339810   0.5094030   0.0007484  -0.055077  -0.006915   0.000083   0.000087  0.0000057  0.0000093    0.000106    0.000044
1999   8   3  51393  -0.019943   0.340657   0.5085842   0.0008285  -0.054909  -0.006979   0.000078   0.000080  0.0000045  0.0000087    0.000079    0.000035
1999   8   4  51394  -0.018568   0.341753   0.5077211   0.0008228  -0.055243  -0.007057   0.000077   0.000078  0.0000098  0.0000086    0.000219    0.000084
1999   8   5  51395  -0.017137   0.342344   0.5069206   0.0007101  -0.055793  -0.007132   0.000081   0.000084  0.0000119  0.0000085    0.000280    0.000105
1999   8   6  51396  -0.015599   0.343540   0.5062736   0.0005321  -0.056405  -0.007288   0.000082   0.000084  0.0000128  0.0000090    0.000308    0.000114
1999   8   7  51397  -0.014840   0.344758   0.5058198   0.0003494  -0.056790  -0.007522   0.000083   0.000086  0.0000136  0.0000099    0.000336    0.000124
1999   8   8  51398  -0.014100   0.345884   0.5055341   0.0002504  -0.056751  -0.007695   0.000078   0.000080  0.0000144  0.0000104    0.000365    0.000134
1999   8   9  51399  -0.013768   0.346732   0.5053402   0.0002104  -0.056348  -0.007657   0.000075   0.000076  0.0000153  0.0000116    0.000393    0.000144
1999   8  10  51400  -0.013607   0.347261   0.5051455   0.0002582  -0.055804  -0.007423   0.000076   0.000076  0.0000161  0.0000115    0.000422    0.000154
1999   8  11  51401  -0.013220   0.347621   0.5048769   0.0003285  -0.055420  -0.007164   0.000074   0.000074  0.0000120  0.0000108    0.000292    0.000106
1999   8  12  51402  -0.012791   0.347958   0.5045017   0.0004284  -0.055142  -0.007189   0.000071   0.000070  0.0000120  0.0000108    0.000354    0.000137
1999   8  13  51403  -0.012302   0.348410   0.5040164   0.0005047  -0.055342  -0.007373   0.000070   0.000070  0.0000123  0.0000107    0.000356    0.000137
1999   8  14  51404  -0.011808   0.348787   0.5034363   0.0005830  -0.055982  -0.007528   0.000071   0.000071  0.0000122  0.0000112    0.000310    0.000115
1999   8  15  51405  -0.011580   0.349758   0.5027891   0.0006576  -0.056799  -0.007523   0.000078   0.000078  0.0000120  0.0000111    0.000265    0.000092
1999   8  16  51406  -0.011706   0.350838   0.5021122   0.0006952  -0.057436  -0.007387   0.000081   0.000080  0.0000119  0.0000094    0.000219    0.000070
1999   8  17  51407  -0.010962   0.352079   0.5014541   0.0006497  -0.057610  -0.007242   0.000078   0.000076  0.0000118  0.0000098    0.000173    0.000048
1999   8  18  51408  -0.010314   0.353420   0.5008666   0.0005580  -0.057047  -0.007154   0.000076   0.000075  0.0000116  0.0000107    0.000263    0.000090
1999   8  19  51409  -0.009764   0.354606   0.5003857   0.0004588  -0.056520  -0.007033   0.000077   0.000076  0.0000127  0.0000100    0.000287    0.000104
1999   8  20  51410  -0.009406   0.355812   0.5000125   0.0003473  -0.056222  -0.006829   0.000082   0.000081  0.0000141  0.0000105    0.000288    0.000109
1999   8  21  51411  -0.008604   0.356815   0.4997129   0.0002845  -0.056249  -0.006611   0.000083   0.000080  0.0000155  0.0000105    0.000290    0.000114
1999   8  22  51412  -0.008211   0.358228   0.4994384   0.0002696  -0.056557  -0.006540   0.000086   0.000083  0.0000169  0.0000110    0.000292    0.000119
1999   8  23  51413  -0.008219   0.359155   0.4991522   0.0002903  -0.056948  -0.006728   0.000094   0.000090  0.0000183  0.0000147    0.000294    0.000124
1999   8  24  51414  -0.008470   0.360198   0.4988316   0.0003327  -0.057176  -0.007111   0.000092   0.000089  0.0000198  0.0000151    0.000296    0.000129
1999   8  25  51415  -0.008755   0.361049   0.4984437   0.0004509  -0.057014  -0.007532   0.000085   0.000083  0.0000134  0.0000139    0.000269    0.000105
1999   8  26  51416  -0.008593   0.361780   0.4979238   0.0006476  -0.056673  -0.007649   0.000091   0.000087  0.0000114  0.0000166    0.001305    0.000251
1999   8  27  51417  -0.008286   0.362330   0.4971928   0.0008938  -0.056375  -0.007459   0.000096   0.000093  0.0000114  0.0000162    0.002698    0.000455
1999   8  28  51418  -0.008265   0.362950   0.4962104   0.0010734  -0.056326  -0.007148   0.000093   0.000090  0.0000114  0.0000128    0.002504    0.000367
1999   8  29  51419  -0.007811   0.363193   0.4950193   0.0011838  -0.056480  -0.006987   0.000089   0.000085  0.0000114  0.0000114    0.001975    0.000291
1999   8  30  51420  -0.007278   0.363710   0.4937360   0.0012490  -0.056740  -0.007031   0.000081   0.000078  0.0000114  0.0000110    0.001443    0.000229
1999   8  31  51421  -0.006674   0.364160   0.4924925   0.0012077  -0.057029  -0.007179   0.000083   0.000081  0.0000115  0.0000114    0.000911    0.000168
1999   9   1  51422  -0.006494   0.364718   0.4913767   0.0010808  -0.057358  -0.007283   0.000083   0.000080  0.0000115  0.0000139    0.000379    0.000106
1999   9   2  51423  -0.006377   0.364836   0.4904108   0.0009310  -0.057763  -0.007281   0.000079   0.000076  0.0000115  0.0000158    0.000247    0.000092
1999   9   3  51424  -0.006225   0.365425   0.4895708   0.0007929  -0.058203  -0.007248   0.000077   0.000075  0.0000116  0.0000138    0.000249    0.000094
1999   9   4  51425  -0.005846   0.365434   0.4888174   0.0007022  -0.058522  -0.007260   0.000079   0.000076  0.0000116  0.0000120    0.000251    0.000096
1999   9   5  51426  -0.004934   0.366093   0.4881141   0.0006869  -0.058540  -0.007295   0.000085   0.000079  0.0000117  0.0000117    0.000253    0.000098
1999   9   6  51427  -0.003719   0.366632   0.4874290   0.0006882  -0.058194  -0.007261   0.000083   0.000077  0.0000117  0.0000108    0.000255    0.000101
1999   9   7  51428  -0.002453   0.367318   0.4867338   0.0007110  -0.057598  -0.007115   0.000083   0.000078  0.0000118  0.0000097    0.000257    0.000103
1999   9   8  51429  -0.001357   0.367731   0.4860067   0.0007260  -0.056965  -0.006918   0.000083   0.000079  0.0000118  0.0000108    0.000259    0.000105
1999   9   9  51430  -0.000286   0.368497   0.4852409   0.0007493  -0.056471  -0.006769   0.000083   0.000078  0.0000118  0.0000120    0.000261    0.000105
1999   9  10  51431   0.000015   0.369057   0.4844488   0.0007734  -0.056193  -0.006701   0.000084   0.000080  0.0000118  0.0000114    0.000262    0.000106
1999   9  11  51432   0.000372   0.369588   0.4836594   0.0007686  -0.056145  -0.006670   0.000081   0.000077  0.0000118  0.0000123    0.000263    0.000106
1999   9  12  51433   0.000725   0.370161   0.4829093   0.0007169  -0.056324  -0.006645   0.000080   0.000076  0.0000118  0.0000119    0.000265    0.000106
1999   9  13  51434   0.001720   0.370759   0.4822328   0.0006431  -0.056683  -0.006667   0.000079   0.000075  0.0000118  0.0000104    0.000266    0.000106
1999   9  14  51435   0.002557   0.371720   0.4816539   0.0005352  -0.057068  -0.006799   0.000076   0.000073  0.0000118  0.0000092    0.000267    0.000107
1999   9  15  51436   0.003119   0.372608   0.4811827   0.0004128  -0.057276  -0.007030   0.000075   0.000072  0.0000118  0.0000088    0.000269    0.000107
1999   9  16  51437   0.003487   0.373396   0.4808121   0.0003205  -0.057241  -0.007259   0.000078   0.000075  0.0000120  0.0000086    0.000273    0.000105
1999   9  17  51438   0.003906   0.373798   0.4805157   0.0002808  -0.057111  -0.007371   0.000083   0.000079  0.0000122  0.0000104    0.000278    0.000103
1999   9  18  51439   0.004384   0.374131   0.4802484   0.0002887  -0.057093  -0.007340   0.000080   0.000076  0.0000125  0.0000101    0.000283    0.000101
1999   9  19  51440   0.004331   0.374619   0.4799518   0.0003464  -0.057204  -0.007241   0.000077   0.000075  0.0000127  0.0000082    0.000288    0.000098
1999   9  20  51441   0.004440   0.375169   0.4795649   0.0004456  -0.057254  -0.007170   0.000074   0.000076  0.0000130  0.0000092    0.000293    0.000096
1999   9  21  51442   0.004874   0.375446   0.4790364   0.0006036  -0.057071  -0.007153   0.000073   0.000075  0.0000133  0.0000100    0.000298    0.000094
1999   9  22  51443   0.005490   0.375792   0.4783356   0.0007887  -0.056649  -0.007076   0.000075   0.000076  0.0000108  0.0000109    0.000251    0.000088
1999   9  23  51444   0.005491   0.376005   0.4774580   0.0009653  -0.056254  -0.006940   0.000074   0.000076  0.0000105  0.0000123    0.000233    0.000086
1999   9  24  51445   0.005220   0.376117   0.4764255   0.0011056  -0.056018  -0.006696   0.000075   0.000077  0.0000109  0.0000131    0.000226    0.000087
1999   9  25  51446   0.005012   0.375957   0.4752837   0.0011731  -0.055975  -0.006431   0.000076   0.000078  0.0000114  0.0000123    0.000219    0.000087
1999   9  26  51447   0.005118   0.375993   0.4740952   0.0011753  -0.056120  -0.006327   0.000081   0.000082  0.0000119  0.0000116    0.000213    0.000087
1999   9  27  51448   0.005341   0.376270   0.4729297   0.0011316  -0.056418  -0.006474   0.000084   0.000084  0.0000123  0.0000116    0.000206    0.000088
1999   9  28  51449   0.005659   0.376893   0.4718489   0.0010209  -0.056769  -0.006755   0.000084   0.000083  0.0000128  0.0000110    0.000199    0.000088
1999   9  29  51450   0.005796   0.377434   0.4708923   0.0009104  -0.057027  -0.006845   0.000081   0.000081  0.0000133  0.0000109    0.000268    0.000113
1999   9  30  51451   0.006180   0.378377   0.4700672   0.0008043  -0.057076  -0.006783   0.000081   0.000081  0.0000127  0.0000120    0.003246    0.000314
1999  10   1  51452   0.006631   0.379175   0.4693467   0.0006881  -0.056944  -0.006559   0.000088   0.000087  0.0000117  0.0000127    0.004868    0.000419
1999  10   2  51453   0.006596   0.380164   0.4686751   0.0006303  -0.056731  -0.006304   0.000090   0.000088  0.0000108  0.0000113    0.003750    0.000342
1999  10   3  51454   0.007174   0.380903   0.4679806   0.0007103  -0.056508  -0.006159   0.000083   0.000081  0.0000099  0.0000108    0.002632    0.000266
1999  10   4  51455   0.007846   0.381784   0.4671914   0.0008684  -0.056294  -0.006123   0.000080   0.000079  0.0000089  0.0000115    0.001514    0.000189
1999  10   5  51456   0.008451   0.382099   0.4662534   0.0010342  -0.056126  -0.006161   0.000074   0.000074  0.0000080  0.0000113    0.000396    0.000112
1999  10   6  51457   0.009235   0.382647   0.4651449   0.0012005  -0.056127  -0.006236   0.000069   0.000067  0.0000097  0.0000113    0.000220    0.000094
1999  10   7  51458   0.009832   0.382873   0.4638841   0.0013002  -0.056338  -0.006372   0.000072   0.000071  0.0000104  0.0000115    0.000217    0.000088
1999  10   8  51459   0.010394   0.382551   0.4625263   0.0013440  -0.056686  -0.006494   0.000077   0.000077  0.0000106  0.0000107    0.000208    0.000081
1999  10   9  51460   0.011283   0.382433   0.4611480   0.0013669  -0.056966  -0.006525   0.000080   0.000078  0.0000108  0.0000095    0.000200    0.000074
1999  10  10  51461   0.012269   0.382791   0.4598229   0.0013138  -0.057003  -0.006452   0.000085   0.000081  0.0000110  0.0000098    0.000192    0.000067
1999  10  11  51462   0.013286   0.382895   0.4585992   0.0011867  -0.056758  -0.006326   0.000088   0.000082  0.0000111  0.0000100    0.000184    0.000061
1999  10  12  51463   0.013896   0.382936   0.4574886   0.0010555  -0.056251  -0.006207   0.000085   0.000079  0.0000113  0.0000091    0.000176    0.000054
1999  10  13  51464   0.014264   0.382859   0.4564751   0.0009574  -0.055375  -0.006014   0.000086   0.000081  0.0000115  0.0000103    0.000229    0.000090
1999  10  14  51465   0.013932   0.382737   0.4555377   0.0009012  -0.054576  -0.005932   0.000085   0.000080  0.0000118  0.0000115    0.000255    0.000108
1999  10  15  51466   0.013739   0.382714   0.4546682   0.0008139  -0.054066  -0.005916   0.000086   0.000079  0.0000122  0.0000110    0.000272    0.000120
1999  10  16  51467   0.013512   0.382702   0.4538697   0.0007157  -0.054039  -0.005954   0.000090   0.000082  0.0000126  0.0000115    0.000288    0.000132
1999  10  17  51468   0.014139   0.382567   0.4531317   0.0007297  -0.054388  -0.006035   0.000087   0.000080  0.0000130  0.0000114    0.000304    0.000145
1999  10  18  51469   0.014527   0.382484   0.4524033   0.0007964  -0.054694  -0.006106   0.000083   0.000078  0.0000134  0.0000114    0.000321    0.000157
1999  10  19  51470   0.015094   0.382511   0.4515927   0.0009162  -0.054644  -0.006122   0.000083   0.000078  0.0000138  0.0000110    0.000337    0.000169
1999  10  20  51471   0.015764   0.382773   0.4506004   0.0011197  -0.054112  -0.005939   0.000081   0.000075  0.0000123  0.0000113    0.000284    0.000131
1999  10  21  51472   0.016541   0.383046   0.4493631   0.0013663  -0.053900  -0.005845   0.000082   0.000077  0.0000118  0.0000116    0.000344    0.000264
1999  10  22  51473   0.016808   0.383224   0.4478736   0.0015984  -0.053947  -0.005752   0.000087   0.000081  0.0000118  0.0000102    0.000445    0.000458
1999  10  23  51474   0.017094   0.383232   0.4461704   0.0018097  -0.053839  -0.005611   0.000088   0.000082  0.0000118  0.0000105    0.000647    0.000340
1999  10  24  51475   0.017803   0.383415   0.4443190   0.0019148  -0.053689  -0.005466   0.000087   0.000082  0.0000118  0.0000090    0.000857    0.000195
1999  10  25  51476   0.018336   0.383778   0.4424049   0.0018973  -0.053692  -0.005327   0.000087   0.000083  0.0000118  0.0000093    0.000603    0.000154
1999  10  26  51477   0.018939   0.383913   0.4405318   0.0018029  -0.053865  -0.005340   0.000085   0.000082  0.0000118  0.0000119    0.000305    0.000123
1999  10  27  51478   0.019489   0.383773   0.4388017   0.0016171  -0.054103  -0.005444   0.000083   0.000082  0.0000129  0.0000128    0.000270    0.000115
1999  10  28  51479   0.020055   0.383497   0.4372773   0.0014035  -0.054269  -0.005311   0.000084   0.000084  0.0000145  0.0000128    0.000277    0.000121
1999  10  29  51480   0.020403   0.383355   0.4359453   0.0012520  -0.054323  -0.005014   0.000086   0.000085  0.0000163  0.0000107    0.000291    0.000131
1999  10  30  51481   0.020568   0.383195   0.4347254   0.0012190  -0.054279  -0.004787   0.000087   0.000086  0.0000181  0.0000088    0.000305    0.000142
1999  10  31  51482   0.020723   0.383050   0.4335150   0.0012853  -0.054162  -0.004749   0.000091   0.000088  0.0000199  0.0000095    0.000318    0.000152
1999  11   1  51483   0.021369   0.382777   0.4322364   0.0013191  -0.053977  -0.004828   0.000093   0.000089  0.0000217  0.0000097    0.000332    0.000162
1999  11   2  51484   0.021972   0.382127   0.4308609   0.0013731  -0.053719  -0.004915   0.000088   0.000085  0.0000235  0.0000081    0.000346    0.000173
1999  11   3  51485   0.022709   0.381655   0.4294045   0.0014797  -0.053401  -0.004963   0.000082   0.000079  0.0000152  0.0000098    0.000284    0.000128
1999  11   4  51486   0.023199   0.381265   0.4279087   0.0015241  -0.053137  -0.004979   0.000080   0.000077  0.0000097  0.0000105    0.000209    0.000096
1999  11   5  51487   0.023767   0.380598   0.4263911   0.0015085  -0.053141  -0.004927   0.000083   0.000079  0.0000149  0.0000084    0.000276    0.000105
1999  11   6  51488   0.024209   0.380392   0.4249018   0.0014795  -0.053265  -0.004754   0.000087   0.000084  0.0000174  0.0000081    0.000305    0.000121
1999  11   7  51489   0.024519   0.379829   0.4234811   0.0014151  -0.053350  -0.004538   0.000094   0.000094  0.0000174  0.0000086    0.000296    0.000136
1999  11   8  51490   0.024527   0.379287   0.4221237   0.0013207  -0.053304  -0.004430   0.000095   0.000096  0.0000173  0.0000082    0.000288    0.000152
1999  11   9  51491   0.024902   0.378181   0.4208073   0.0012963  -0.053110  -0.004497   0.000092   0.000093  0.0000173  0.0000083    0.000279    0.000167
1999  11  10  51492   0.025704   0.377329   0.4195273   0.0012441  -0.052652  -0.004697   0.000093   0.000094  0.0000139  0.0000083    0.000239    0.000112
1999  11  11  51493   0.026775   0.376498   0.4183101   0.0011646  -0.052320  -0.004765   0.000094   0.000095  0.0000176  0.0000079    0.000398    0.000147
1999  11  12  51494   0.027951   0.376430   0.4171807   0.0010951  -0.052252  -0.004744   0.000094   0.000092  0.0000190  0.0000074    0.000394    0.000162
1999  11  13  51495   0.028435   0.376732   0.4160838   0.0011314  -0.052250  -0.004691   0.000098   0.000095  0.0000170  0.0000081    0.000332    0.000143
1999  11  14  51496   0.029055   0.377537   0.4149352   0.0012297  -0.052292  -0.004649   0.000096   0.000094  0.0000143  0.0000085    0.000288    0.000118
1999  11  15  51497   0.028834   0.378469   0.4136869   0.0012971  -0.052232  -0.004593   0.000085   0.000086  0.0000117  0.0000078    0.000245    0.000093
1999  11  16  51498   0.028623   0.378502   0.4123268   0.0013788  -0.051940  -0.004481   0.000084   0.000086  0.0000090  0.0000074    0.000201    0.000068
1999  11  17  51499   0.029238   0.378519   0.4108554   0.0015415  -0.051751  -0.004356   0.000082   0.000084  0.0000079  0.0000073    0.000219    0.000088
1999  11  18  51500   0.030267   0.378499   0.4092632   0.0016781  -0.051727  -0.004288   0.000086   0.000088  0.0000079  0.0000077    0.000227    0.000095
1999  11  19  51501   0.031710   0.378470   0.4075483   0.0017562  -0.051879  -0.004250   0.000090   0.000091  0.0000082  0.0000078    0.000229    0.000096
1999  11  20  51502   0.032667   0.378869   0.4057406   0.0018133  -0.051959  -0.004131   0.000092   0.000091  0.0000085  0.0000079    0.000231    0.000098
1999  11  21  51503   0.033195   0.378882   0.4039108   0.0018053  -0.051862  -0.003927   0.000096   0.000096  0.0000088  0.0000084    0.000233    0.000099
1999  11  22  51504   0.033180   0.378852   0.4021570   0.0016744  -0.051742  -0.003820   0.000092   0.000093  0.0000091  0.0000080    0.000235    0.000100
1999  11  23  51505   0.032863   0.378784   0.4005710   0.0014702  -0.051681  -0.003921   0.000090   0.000091  0.0000095  0.0000080    0.000237    0.000101
1999  11  24  51506   0.032465   0.378204   0.3992024   0.0012694  -0.051560  -0.004041   0.000090   0.000091  0.0000098  0.0000084    0.000240    0.000102
1999  11  25  51507   0.032194   0.377850   0.3980392   0.0011032  -0.051312  -0.003910   0.000091   0.000094  0.0000098  0.0000084    0.000242    0.000104
1999  11  26  51508   0.031848   0.377435   0.3970132   0.0009914  -0.051035  -0.003560   0.000090   0.000096  0.0000098  0.0000080    0.000244    0.000105
1999  11  27  51509   0.031691   0.377205   0.3960288   0.0009738  -0.050837  -0.003290   0.000087   0.000091  0.0000098  0.0000071    0.000247    0.000106
1999  11  28  51510   0.031950   0.376915   0.3949964   0.0010564  -0.050756  -0.003272   0.000085   0.000088  0.0000098  0.0000056    0.000249    0.000107
1999  11  29  51511   0.032693   0.377058   0.3938600   0.0011899  -0.050803  -0.003380   0.000080   0.000084  0.0000098  0.0000057    0.000252    0.000108
1999  11  30  51512   0.033323   0.377218   0.3926082   0.0013398  -0.050934  -0.003443   0.000079   0.000083  0.0000098  0.0000075    0.000254    0.000109
1999  12   1  51513   0.033897   0.377752   0.3912704   0.0014088  -0.051008  -0.003458   0.000078   0.000082  0.0000098  0.0000079    0.000256    0.000110
1999  12   2  51514   0.034308   0.378416   0.3899013   0.0013712  -0.050935  -0.003506   0.000077   0.000080  0.0000101  0.0000077    0.000251    0.000111
1999  12   3  51515   0.034478   0.379184   0.3885616   0.0012847  -0.050812  -0.003565   0.000079   0.000083  0.0000105  0.0000080    0.000242    0.000113
1999  12   4  51516   0.034604   0.379382   0.3873005   0.0011911  -0.050789  -0.003533   0.000085   0.000089  0.0000109  0.0000087    0.000234    0.000115
1999  12   5  51517   0.034887   0.379663   0.3861459   0.0010870  -0.050872  -0.003391   0.000088   0.000090  0.0000113  0.0000090    0.000225    0.000116
1999  12   6  51518   0.034567   0.379447   0.3851031   0.0010033  -0.050944  -0.003254   0.000083   0.000086  0.0000117  0.0000082    0.000217    0.000118
1999  12   7  51519   0.034523   0.379288   0.3841606   0.0009031  -0.050935  -0.003243   0.000078   0.000081  0.0000121  0.0000078    0.000208    0.000120
1999  12   8  51520   0.034639   0.379050   0.3832954   0.0008139  -0.050841  -0.003314   0.000078   0.000082  0.0000100  0.0000071    0.000207    0.000100
1999  12   9  51521   0.035759   0.379354   0.3824776   0.0007787  -0.050833  -0.003416   0.000079   0.000084  0.0000090  0.0000066    0.000193    0.000088
1999  12  10  51522   0.036685   0.379846   0.3816719   0.0007971  -0.050943  -0.003480   0.000079   0.000083  0.0000085  0.0000065    0.000176    0.000081
1999  12  11  51523   0.037268   0.380319   0.3808407   0.0008548  -0.051162  -0.003537   0.000082   0.000086  0.0000080  0.0000066    0.000158    0.000073
1999  12  12  51524   0.037283   0.380652   0.3799499   0.0009213  -0.051388  -0.003611   0.000089   0.000092  0.0000075  0.0000080    0.000141    0.000065
1999  12  13  51525   0.037406   0.380786   0.3789744   0.0010252  -0.051412  -0.003628   0.000092   0.000096  0.0000070  0.0000089    0.000123    0.000057
1999  12  14  51526   0.037552   0.381210   0.3778982   0.0011568  -0.051092  -0.003507   0.000092   0.000096  0.0000065  0.0000097    0.000106    0.000050
1999  12  15  51527   0.038263   0.381561   0.3767090   0.0012831  -0.050490  -0.003217   0.000085   0.000088  0.0000060  0.0000103    0.000170    0.000072
1999  12  16  51528   0.038421   0.382131   0.3753960   0.0013950  -0.050002  -0.003120   0.000085   0.000085  0.0000129  0.0000104    0.000320    0.000147
1999  12  17  51529   0.038317   0.382228   0.3739589   0.0015076  -0.049959  -0.003120   0.000092   0.000093  0.0000136  0.0000102    0.000323    0.000150
1999  12  18  51530   0.038095   0.382186   0.3724304   0.0015583  -0.050174  -0.003085   0.000094   0.000095  0.0000111  0.0000104    0.000263    0.000120
1999  12  19  51531   0.037925   0.382244   0.3708833   0.0015401  -0.050481  -0.002938   0.000098   0.000099  0.0000085  0.0000103    0.000202    0.000090
1999  12  20  51532   0.037748   0.382135   0.3694094   0.0014268  -0.050904  -0.002805   0.000097   0.000101  0.0000060  0.0000082    0.000141    0.000059
1999  12  21  51533   0.037190   0.381677   0.3680786   0.0012650  -0.051327  -0.002874   0.000087   0.000180  0.0000035  0.0000083    0.000081    0.000029
1999  12  22  51534   0.036665   0.380976   0.3669051   0.0011184  -0.051210  -0.003083   0.000086   0.000179  0.0000112  0.0000085    0.000246    0.000101
1999  12  23  51535   0.036442   0.379874   0.3658421   0.0010445  -0.050683  -0.003126   0.000094   0.000098  0.0000131  0.0000076    0.000292    0.000120
1999  12  24  51536   0.037134   0.378793   0.3648138   0.0010483  -0.049884  -0.002929   0.000095   0.000098  0.0000127  0.0000084    0.000292    0.000118
1999  12  25  51537   0.038030   0.377920   0.3637482   0.0010872  -0.049140  -0.002734   0.000097   0.000099  0.0000124  0.0000080    0.000291    0.000117
1999  12  26  51538   0.039036   0.377609   0.3626008   0.0011681  -0.048713  -0.002729   0.000099   0.000102  0.0000120  0.0000057    0.000290    0.000115
1999  12  27  51539   0.040062   0.377973   0.3613675   0.0012560  -0.048724  -0.002792   0.000096   0.000101  0.0000117  0.0000059    0.000289    0.000113
1999  12  28  51540   0.041086   0.377926   0.3600826   0.0013136  -0.049140  -0.002703   0.000097   0.000103  0.0000113  0.0000072    0.000289    0.000112
1999  12  29  51541   0.042141   0.378431   0.3588036   0.0012699  -0.049710  -0.002478   0.000095   0.000099  0.0000109  0.0000070    0.000288    0.000110
1999  12  30  51542   0.042493   0.378512   0.3575881   0.0011631  -0.050128  -0.002322   0.000089   0.000091  0.0000085  0.0000073    0.000243    0.000082
1999  12  31  51543   0.042924   0.378279   0.3564746   0.0010554  -0.050352  -0.002354   0.000093   0.000098  0.0000080  0.0000076    0.000232    0.000075
