

                   INTERNATIONAL EARTH ROTATION AND REFERENCE SYSTEMS SERVICE
                        EARTH ORIENTATION PARAMETERS
                          EOP (IERS) 08 C04

  
             FORMAT(3(I4),I7,2(F11.6),2(F12.7),2(F11.6),2(F11.6),2(F11.7),2F12.6)
**********************************************************************************
  
      Date      MJD      x          y        UT1-UTC       LOD         dPsi      dEps       x Err     y Err   UT1-UTC Err  LOD Err    dPsi Err   dEpsilon Err
                         "          "           s           s            "         "        "          "          s           s            "         "
     (0h UTC)

1986   1   1  46431   0.183948   0.169011   0.3127350   0.0013117   0.000597   0.004051   0.003749   0.003675  0.0000158  0.0000166    0.000793    0.000299
1986   1   2  46432   0.182193   0.167537   0.3113244   0.0015116   0.000699   0.004117   0.004531   0.005351  0.0000175  0.0000167    0.000712    0.000272
1986   1   3  46433   0.180595   0.166524   0.3097381   0.0016522   0.000618   0.004071   0.000693   0.000894  0.0000176  0.0000175    0.000708    0.000270
1986   1   4  46434   0.179055   0.165120   0.3080575   0.0016918   0.000285   0.003888   0.000663   0.000855  0.0000176  0.0000176    0.000708    0.000270
1986   1   5  46435   0.177431   0.162842   0.3063970   0.0016128  -0.000297   0.003590   0.000667   0.000859  0.0000176  0.0000176    0.000708    0.000270
1986   1   6  46436   0.175457   0.160204   0.3048690   0.0014362  -0.000967   0.003224   0.001603   0.002011  0.0000176  0.0000296    0.000708    0.000270
1986   1   7  46437   0.172977   0.158162   0.3035442   0.0012201  -0.001403   0.002882   0.008437   0.006728  0.0000416  0.0000353    0.000815    0.000299
1986   1   8  46438   0.170253   0.157027   0.3024217   0.0010390  -0.001300   0.002750   0.002357   0.002976  0.0000530  0.0000439    0.000824    0.000302
1986   1   9  46439   0.167984   0.155868   0.3014327   0.0009472  -0.000652   0.003017   0.000970   0.000772  0.0000462  0.0000431    0.000800    0.000305
1986   1  10  46440   0.166440   0.153694   0.3004785   0.0009538   0.000174   0.003626   0.000630   0.000378  0.0000331  0.0000372    0.000722    0.000319
1986   1  11  46441   0.164669   0.151185   0.2994784   0.0010505   0.000708   0.004136   0.000529   0.000301  0.0000281  0.0000295    0.000674    0.000331
1986   1  12  46442   0.162076   0.149231   0.2983483   0.0012377   0.000826   0.004208   0.001039   0.000617  0.0000259  0.0000228    0.000674    0.000324
1986   1  13  46443   0.159378   0.147635   0.2969979   0.0014901   0.000747   0.003980   0.001210   0.001299  0.0000174  0.0000224    0.000833    0.000250
1986   1  14  46444   0.157539   0.145763   0.2953831   0.0017381   0.000671   0.003843   0.000715   0.000862  0.0000189  0.0000208    0.000902    0.000271
1986   1  15  46445   0.156523   0.143490   0.2935474   0.0018921   0.000622   0.004023   0.000732   0.000565  0.0000241  0.0000184    0.000970    0.000324
1986   1  16  46446   0.155729   0.141162   0.2916269   0.0018955   0.000506   0.004290   0.000474   0.000281  0.0000179  0.0000194    0.000588    0.000226
1986   1  17  46447   0.154214   0.138902   0.2897812   0.0017640  -0.000174   0.004525   0.000407   0.000239  0.0000148  0.0000183    0.000482    0.000187
1986   1  18  46448   0.151806   0.136934   0.2881185   0.0015613  -0.001160   0.004610   0.001068   0.000718  0.0000188  0.0000172    0.000738    0.000227
1986   1  19  46449   0.149004   0.135520   0.2866716   0.0013554  -0.001592   0.004415   0.000680   0.000442  0.0000196  0.0000182    0.000838    0.000223
1986   1  20  46450   0.145757   0.134713   0.2854126   0.0011899  -0.000985   0.003960   0.000351   0.000211  0.0000177  0.0000181    0.000716    0.000185
1986   1  21  46451   0.141919   0.133932   0.2842877   0.0010778  -0.000112   0.003577   0.000354   0.000209  0.0000167  0.0000169    0.000659    0.000168
1986   1  22  46452   0.138292   0.132878   0.2832440   0.0010114   0.000291   0.003444   0.001277   0.000712  0.0000161  0.0000153    0.000676    0.000173
1986   1  23  46453   0.135628   0.131835   0.2822441   0.0009802   0.000167   0.003516   0.000922   0.000988  0.0000138  0.0000149    0.001044    0.000273
1986   1  24  46454   0.133490   0.131058   0.2812567   0.0009885  -0.000021   0.003660   0.000677   0.000792  0.0000138  0.0000138    0.001046    0.000274
1986   1  25  46455   0.131067   0.130544   0.2802368   0.0010573   0.000312   0.003727   0.000841   0.000941  0.0000138  0.0000138    0.001046    0.000274
1986   1  26  46456   0.128414   0.130007   0.2791132   0.0012085   0.001246   0.003649   0.001133   0.001160  0.0000138  0.0000140    0.001047    0.000274
1986   1  27  46457   0.125717   0.129335   0.2777989   0.0014439   0.002272   0.003472   0.001805   0.002626  0.0000143  0.0000141    0.001475    0.000346
1986   1  28  46458   0.123185   0.128406   0.2762194   0.0017302   0.002702   0.003331   0.001076   0.001246  0.0000143  0.0000144    0.001253    0.000333
1986   1  29  46459   0.120960   0.127071   0.2743510   0.0019997   0.002204   0.003384   0.000552   0.000441  0.0000146  0.0000148    0.000724    0.000257
1986   1  30  46460   0.118987   0.125162   0.2722497   0.0021726   0.001037   0.003696   0.000369   0.000241  0.0000153  0.0000152    0.000427    0.000176
1986   1  31  46461   0.116414   0.123439   0.2700463   0.0022095  -0.000028   0.004158   0.000444   0.000279  0.0000159  0.0000156    0.000356    0.000151
1986   2   1  46462   0.112631   0.122816   0.2678728   0.0021305  -0.000570   0.004549   0.000688   0.000442  0.0000160  0.0000157    0.000365    0.000154
1986   2   2  46463   0.108547   0.122836   0.2658198   0.0019735  -0.000713   0.004665   0.000389   0.000453  0.0000154  0.0000158    0.000723    0.000269
1986   2   3  46464   0.105494   0.122440   0.2639444   0.0017638  -0.000807   0.004430   0.000348   0.000270  0.0000156  0.0000157    0.000557    0.000208
1986   2   4  46465   0.103533   0.121249   0.2622892   0.0015197  -0.001102   0.003970   0.000286   0.000160  0.0000159  0.0000158    0.000374    0.000141
1986   2   5  46466   0.100936   0.120264   0.2608797   0.0012929  -0.001487   0.003598   0.000313   0.000161  0.0000161  0.0000161    0.000320    0.000121
1986   2   6  46467   0.097453   0.120043   0.2596612   0.0011704  -0.001659   0.003480   0.001116   0.000575  0.0000162  0.0000164    0.000326    0.000122
1986   2   7  46468   0.094451   0.120039   0.2584919   0.0012081  -0.001320   0.003512   0.000825   0.001188  0.0000168  0.0000165    0.000790    0.000196
1986   2   8  46469   0.092426   0.119427   0.2572077   0.0013870  -0.000312   0.003442   0.000468   0.000784  0.0000168  0.0000168    0.000796    0.000197
1986   2   9  46470   0.090824   0.117846   0.2557011   0.0016237   0.001225   0.003117   0.000461   0.000774  0.0000168  0.0000169    0.000796    0.000197
1986   2  10  46471   0.089019   0.115904   0.2539664   0.0018217   0.002744   0.002709   0.000478   0.000724  0.0000170  0.0000181    0.000797    0.000207
1986   2  11  46472   0.086769   0.114763   0.2520808   0.0019246   0.003482   0.002585   0.000730   0.000517  0.0000195  0.0000179    0.000803    0.000407
1986   2  12  46473   0.084148   0.115050   0.2501480   0.0019319   0.002938   0.002976   0.000677   0.000516  0.0000189  0.0000184    0.000822    0.000337
1986   2  13  46474   0.081407   0.115988   0.2482470   0.0018790   0.001301   0.003751   0.000582   0.000529  0.0000172  0.0000176    0.000890    0.000241
1986   2  14  46475   0.078788   0.115563   0.2464143   0.0017880  -0.000526   0.004428   0.000764   0.000745  0.0000163  0.0000167    0.000945    0.000209
1986   2  15  46476   0.076541   0.114100   0.2446874   0.0016500  -0.001658   0.004670   0.002053   0.001703  0.0000162  0.0000171    0.000957    0.000204
1986   2  16  46477   0.074656   0.113223   0.2431218   0.0014584  -0.001756   0.004469   0.002615   0.001890  0.0000179  0.0000171    0.001000    0.000289
1986   2  17  46478   0.072727   0.113397   0.2417683   0.0012334  -0.001039   0.003994   0.000689   0.000623  0.0000181  0.0000180    0.001003    0.000302
1986   2  18  46479   0.070268   0.114076   0.2406432   0.0010169   0.000000   0.003439   0.000685   0.000620  0.0000181  0.0000181    0.001003    0.000302
1986   2  19  46480   0.067126   0.114488   0.2397145   0.0008556   0.000887   0.002950   0.000709   0.000641  0.0000181  0.0000181    0.001003    0.000302
1986   2  20  46481   0.063753   0.114412   0.2389059   0.0007832   0.001351   0.002613   0.002359   0.002101  0.0000181  0.0000163    0.001003    0.000302
1986   2  21  46482   0.060752   0.114125   0.2381180   0.0008129   0.001348   0.002464   0.005100   0.004793  0.0000144  0.0000162    0.000645    0.000272
1986   2  22  46483   0.058114   0.113965   0.2372491   0.0009401   0.001026   0.002479   0.000796   0.000826  0.0000143  0.0000144    0.000632    0.000270
1986   2  23  46484   0.055125   0.114061   0.2362108   0.0011470   0.000649   0.002587   0.000574   0.000597  0.0000143  0.0000143    0.000632    0.000270
1986   2  24  46485   0.051393   0.114372   0.2349398   0.0014012   0.000451   0.002718   0.000810   0.000852  0.0000143  0.0000143    0.000632    0.000270
1986   2  25  46486   0.047658   0.114764   0.2334126   0.0016547   0.000468   0.002836   0.002055   0.002537  0.0000143  0.0000151    0.000632    0.000270
1986   2  26  46487   0.044488   0.115232   0.2316572   0.0018509   0.000527   0.002924   0.002317   0.004323  0.0000160  0.0000152    0.000794    0.000292
1986   2  27  46488   0.041390   0.115787   0.2297552   0.0019412   0.000408   0.002971   0.001212   0.001524  0.0000162  0.0000161    0.000810    0.000294
1986   2  28  46489   0.037982   0.116001   0.2278251   0.0019033   0.000038   0.002989   0.000686   0.000793  0.0000162  0.0000162    0.000810    0.000294
1986   3   1  46490   0.034799   0.115265   0.2259905   0.0017508  -0.000481   0.003019   0.000888   0.000994  0.0000162  0.0000162    0.000810    0.000294
1986   3   2  46491   0.032029   0.114308   0.2243459   0.0015280  -0.000953   0.003076   0.002492   0.002166  0.0000162  0.0000175    0.000810    0.000294
1986   3   3  46492   0.029447   0.114179   0.2229330   0.0012938  -0.001209   0.003120   0.002214   0.001757  0.0000189  0.0000177    0.000755    0.000325
1986   3   4  46493   0.026805   0.114946   0.2217347   0.0011056  -0.001130   0.003067   0.000539   0.000496  0.0000191  0.0000190    0.000752    0.000327
1986   3   5  46494   0.023926   0.115946   0.2206833   0.0010063  -0.000631   0.002852   0.000536   0.000494  0.0000191  0.0000192    0.000752    0.000327
1986   3   6  46495   0.020758   0.116563   0.2196782   0.0010169   0.000281   0.002471   0.000599   0.000551  0.0000191  0.0000191    0.000752    0.000327
1986   3   7  46496   0.017354   0.116826   0.2186111   0.0011311   0.001351   0.002019   0.002325   0.002123  0.0000191  0.0000175    0.000752    0.000327
1986   3   8  46497   0.013892   0.117170   0.2173923   0.0013166   0.002092   0.001682   0.004847   0.004292  0.0000159  0.0000174    0.000737    0.000345
1986   3   9  46498   0.010676   0.117849   0.2159743   0.0015202   0.002045   0.001656   0.000678   0.000625  0.0000157  0.0000158    0.000736    0.000346
1986   3  10  46499   0.007986   0.118701   0.2143670   0.0016837   0.001142   0.002022   0.000630   0.000581  0.0000157  0.0000157    0.000736    0.000346
1986   3  11  46500   0.005806   0.119347   0.2126345   0.0017639  -0.000073   0.002621   0.000926   0.000848  0.0000157  0.0000193    0.000735    0.000347
1986   3  12  46501   0.003798   0.119452   0.2108709   0.0017374  -0.000530   0.003063   0.001712   0.001364  0.0000230  0.0000213    0.000703    0.000416
1986   3  13  46502   0.000931   0.119687   0.2091885   0.0015937   0.000434   0.003007   0.001212   0.000871  0.0000269  0.0000251    0.000644    0.000387
1986   3  14  46503  -0.003139   0.120702   0.2077048   0.0013288   0.002303   0.002464   0.001041   0.000745  0.0000271  0.0000272    0.000549    0.000298
1986   3  15  46504  -0.006316   0.121259   0.2065431   0.0010245   0.002240   0.001990   0.000885   0.000652  0.0000276  0.0000275    0.000618    0.000299
1986   3  16  46505  -0.008584   0.120893   0.2056579   0.0008021   0.001496   0.001728   0.000985   0.000743  0.0000279  0.0000278    0.000798    0.000336
1986   3  17  46506  -0.010946   0.120426   0.2049305   0.0006775   0.002003   0.001544   0.002711   0.002262  0.0000280  0.0000220    0.000886    0.000350
1986   3  18  46507  -0.013443   0.120648   0.2042855   0.0006141   0.003451   0.001368   0.002954   0.002758  0.0000161  0.0000219    0.000713    0.000312
1986   3  19  46508  -0.015596   0.121666   0.2036783   0.0005945   0.004615   0.001226   0.000649   0.000605  0.0000159  0.0000166    0.000707    0.000311
1986   3  20  46509  -0.017001   0.122954   0.2030685   0.0006265   0.004342   0.001238   0.000664   0.000613  0.0000170  0.0000195    0.000723    0.000318
1986   3  21  46510  -0.017948   0.123905   0.2023957   0.0007370   0.002573   0.001454   0.001008   0.000862  0.0000231  0.0000262    0.000788    0.000346
1986   3  22  46511  -0.019635   0.124362   0.2015660   0.0009477   0.001107   0.001707   0.003221   0.001870  0.0000354  0.0000246    0.000842    0.000369
1986   3  23  46512  -0.021612   0.124667   0.2004780   0.0012516   0.001095   0.001790   0.005159   0.003793  0.0000261  0.0000231    0.000814    0.000320
1986   3  24  46513  -0.023252   0.125557   0.1990549   0.0016078   0.002169   0.001666   0.000636   0.000602  0.0000108  0.0000184    0.000618    0.000178
1986   3  25  46514  -0.025678   0.127683   0.1972766   0.0019452   0.003216   0.001460   0.000548   0.000519  0.0000108  0.0000118    0.000620    0.000179
1986   3  26  46515  -0.029531   0.130764   0.1952028   0.0021822   0.003237   0.001272   0.000833   0.000786  0.0000129  0.0000307    0.000742    0.000213
1986   3  27  46516  -0.033245   0.133447   0.1929668   0.0022582   0.002565   0.001076   0.002631   0.002465  0.0000506  0.0000291    0.002822    0.000751
1986   3  28  46517  -0.035407   0.133683   0.1907406   0.0021597   0.002248   0.000836   0.002343   0.003133  0.0000453  0.0000350    0.002064    0.000689
1986   3  29  46518  -0.037099   0.133089   0.1886837   0.0019250   0.002347   0.000645   0.000894   0.001215  0.0000195  0.0000332    0.000892    0.000320
1986   3  30  46519  -0.040099   0.134584   0.1868984   0.0016265   0.002206   0.000633   0.000735   0.001000  0.0000210  0.0000386    0.000959    0.000342
1986   3  31  46520  -0.043542   0.137041   0.1854103   0.0013456   0.001683   0.000741   0.002039   0.002559  0.0000578  0.0000487    0.002246    0.000725
1986   4   1  46521  -0.044937   0.136930   0.1841684   0.0011534   0.001425   0.000757   0.005552   0.002733  0.0000763  0.0000518    0.001786    0.000556
1986   4   2  46522  -0.045029   0.136257   0.1830591   0.0010986   0.001939   0.000648   0.003539   0.002048  0.0000458  0.0000541    0.001153    0.000368
1986   4   3  46523  -0.046520   0.138323   0.1819331   0.0011941   0.003056   0.000567   0.001355   0.001294  0.0000319  0.0000308    0.001270    0.000398
1986   4   4  46524  -0.049475   0.141740   0.1806465   0.0014064   0.003677   0.000594   0.000624   0.000617  0.0000158  0.0000221    0.000786    0.000254
1986   4   5  46525  -0.051922   0.143062   0.1791126   0.0016599   0.002880   0.000726   0.000516   0.000449  0.0000123  0.0000138    0.000653    0.000235
1986   4   6  46526  -0.054292   0.143678   0.1773354   0.0018734   0.001510   0.000945   0.000569   0.000453  0.0000117  0.0000159    0.000655    0.000262
1986   4   7  46527  -0.057001   0.145588   0.1753871   0.0019989   0.000885   0.001237   0.001464   0.001133  0.0000194  0.0000170    0.001103    0.000407
1986   4   8  46528  -0.058764   0.147640   0.1733659   0.0020234   0.001448   0.001545   0.000961   0.000726  0.0000224  0.0000157    0.001954    0.000297
1986   4   9  46529  -0.060019   0.149500   0.1713690   0.0019576   0.002894   0.001732   0.000468   0.000355  0.0000119  0.0000161    0.001104    0.000160
1986   4  10  46530  -0.061734   0.152003   0.1694746   0.0018238   0.004412   0.001656   0.000559   0.000422  0.0000099  0.0000108    0.000922    0.000133
1986   4  11  46531  -0.063301   0.155254   0.1677375   0.0016492   0.005342   0.001339   0.001143   0.000837  0.0000096  0.0000114    0.000896    0.000129
1986   4  12  46532  -0.064296   0.158204   0.1661828   0.0014660   0.005529   0.000961   0.003788   0.002493  0.0000129  0.0000114    0.000740    0.000217
1986   4  13  46533  -0.065031   0.159977   0.1648019   0.0013064   0.005230   0.000671   0.000786   0.000981  0.0000133  0.0000131    0.000732    0.000233
1986   4  14  46534  -0.066128   0.161343   0.1635567   0.0011951   0.004801   0.000454   0.000404   0.000525  0.0000133  0.0000133    0.000732    0.000233
1986   4  15  46535  -0.067841   0.163670   0.1623907   0.0011443   0.004482   0.000204   0.000537   0.000687  0.0000133  0.0000133    0.000732    0.000233
1986   4  16  46536  -0.069582   0.166373   0.1612426   0.0011550   0.004396  -0.000092   0.001578   0.001644  0.0000133  0.0000140    0.000732    0.000233
1986   4  17  46537  -0.070779   0.168299   0.1600540   0.0012236   0.004591  -0.000301   0.002438   0.002147  0.0000147  0.0000141    0.000534    0.000197
1986   4  18  46538  -0.071706   0.169721   0.1587693   0.0013492   0.004946  -0.000321   0.001089   0.001118  0.0000148  0.0000148    0.000525    0.000196
1986   4  19  46539  -0.073006   0.171566   0.1573325   0.0015329   0.005175  -0.000234   0.000713   0.000720  0.0000148  0.0000148    0.000525    0.000196
1986   4  20  46540  -0.075017   0.174102   0.1556885   0.0017664   0.005154  -0.000204   0.000582   0.000587  0.0000148  0.0000148    0.000525    0.000196
1986   4  21  46541  -0.077155   0.176470   0.1538003   0.0020167   0.005141  -0.000210   0.001249   0.001338  0.0000148  0.0000189    0.000525    0.000196
1986   4  22  46542  -0.078550   0.177746   0.1516780   0.0022212   0.005399  -0.000029   0.002672   0.006380  0.0000229  0.0000195    0.001000    0.000253
1986   4  23  46543  -0.079160   0.178220   0.1494036   0.0023056   0.005677   0.000429   0.000914   0.004295  0.0000242  0.0000235    0.001113    0.000260
1986   4  24  46544  -0.080189   0.179658   0.1471245   0.0022229   0.005419   0.000891   0.000612   0.002490  0.0000242  0.0000242    0.001113    0.000260
1986   4  25  46545  -0.082427   0.182998   0.1450086   0.0019868   0.004493   0.000985   0.000810   0.002077  0.0000242  0.0000242    0.001113    0.000260
1986   4  26  46546  -0.084511   0.186340   0.1431764   0.0016746   0.003418   0.000683   0.001248   0.001902  0.0000242  0.0000213    0.001112    0.000260
1986   4  27  46547  -0.085341   0.188431   0.1416513   0.0013940   0.002825   0.000286   0.002764   0.003026  0.0000185  0.0000212    0.000566    0.000212
1986   4  28  46548  -0.085031   0.189564   0.1403524   0.0012354   0.002943   0.000038   0.001475   0.001472  0.0000182  0.0000184    0.000551    0.000210
1986   4  29  46549  -0.084672   0.190792   0.1391323   0.0012341   0.003635  -0.000074   0.000870   0.000851  0.0000182  0.0000182    0.000551    0.000210
1986   4  30  46550  -0.085538   0.192754   0.1378410   0.0013603   0.004623  -0.000140   0.000961   0.000957  0.0000182  0.0000182    0.000551    0.000210
1986   5   1  46551  -0.086446   0.195229   0.1363848   0.0015453   0.005538  -0.000171   0.002108   0.002295  0.0000182  0.0000185    0.000546    0.000211
1986   5   2  46552  -0.086115   0.197939   0.1347425   0.0017253   0.005996  -0.000163   0.001241   0.000483  0.0000187  0.0000193    0.000516    0.000221
1986   5   3  46553  -0.085783   0.201001   0.1329423   0.0018698   0.005761  -0.000159   0.000987   0.000390  0.0000204  0.0000237    0.000556    0.000239
1986   5   4  46554  -0.086875   0.204182   0.1310216   0.0019883   0.004873  -0.000172   0.001100   0.000561  0.0000288  0.0000358    0.000757    0.000335
1986   5   5  46555  -0.088539   0.206455   0.1289900   0.0020759   0.003769  -0.000104   0.001228   0.001114  0.0000512  0.0000496    0.001174    0.000571
1986   5   6  46556  -0.089804   0.207595   0.1268952   0.0020896   0.002924   0.000116   0.003521   0.004515  0.0000705  0.0000319    0.001415    0.000752
1986   5   7  46557  -0.090749   0.208468   0.1248334   0.0020020   0.002647   0.000380   0.004848   0.004887  0.0000126  0.0000414    0.000724    0.000253
1986   5   8  46558  -0.091762   0.209917   0.1229081   0.0018220   0.002991   0.000465   0.000745   0.000841  0.0000122  0.0000124    0.000705    0.000246
1986   5   9  46559  -0.092807   0.211867   0.1211982   0.0015858   0.003741   0.000255   0.000457   0.000514  0.0000122  0.0000122    0.000705    0.000246
1986   5  10  46560  -0.093688   0.213798   0.1197361   0.0013461   0.004569  -0.000127   0.000453   0.000509  0.0000122  0.0000122    0.000705    0.000246
1986   5  11  46561  -0.094479   0.215586   0.1184963   0.0011550   0.005178  -0.000450   0.000481   0.000539  0.0000122  0.0000132    0.000705    0.000246
1986   5  12  46562  -0.095371   0.217475   0.1174082   0.0010438   0.005350  -0.000607   0.002292   0.002089  0.0000143  0.0000133    0.000544    0.000443
1986   5  13  46563  -0.096301   0.219549   0.1163853   0.0010121   0.005003  -0.000654   0.001268   0.001261  0.0000144  0.0000140    0.000535    0.000477
1986   5  14  46564  -0.096844   0.221479   0.1153587   0.0010292   0.004317  -0.000648   0.000712   0.000696  0.0000138  0.0000128    0.000516    0.000405
1986   5  15  46565  -0.096397   0.222493   0.1143029   0.0010543   0.003738  -0.000556   0.000567   0.000467  0.0000111  0.0000120    0.000435    0.000248
1986   5  16  46566  -0.096412   0.224363   0.1132295   0.0010889   0.003752  -0.000345   0.000658   0.000522  0.0000102  0.0000131    0.000407    0.000208
1986   5  17  46567  -0.097878   0.228014   0.1121100   0.0011880   0.004055  -0.000202   0.000523   0.000539  0.0000152  0.0000149    0.000594    0.000254
1986   5  18  46568  -0.099626   0.231286   0.1108479   0.0013838   0.003727  -0.000391   0.000469   0.000506  0.0000197  0.0000347    0.000759    0.000307
1986   5  19  46569  -0.100890   0.233354   0.1093523   0.0016328   0.002666  -0.000718   0.001280   0.001322  0.0000543  0.0001372    0.001829    0.000823
1986   5  20  46570  -0.102052   0.235653   0.1076121   0.0018393   0.001675  -0.000609   0.006762   0.003737  0.0002547  0.0001549    0.003316    0.002635
1986   5  21  46571  -0.103247   0.238568   0.1057214   0.0019079   0.001275   0.000072   0.016414   0.007550  0.0002554  0.0002072    0.003881    0.003420
1986   5  22  46572  -0.104045   0.241095   0.1038497   0.0017924   0.001439   0.000788   0.005326   0.005304  0.0001597  0.0001438    0.003614    0.002657
1986   5  23  46573  -0.104068   0.242375   0.1021770   0.0015199   0.001998   0.000845   0.000811   0.000857  0.0000322  0.0000886    0.001279    0.000626
1986   5  24  46574  -0.103543   0.242924   0.1008207   0.0011828   0.002903   0.000169   0.000456   0.000502  0.0000175  0.0000247    0.000720    0.000343
1986   5  25  46575  -0.103038   0.243845   0.0997878   0.0008981   0.003952  -0.000694   0.000449   0.000496  0.0000172  0.0000174    0.000706    0.000336
1986   5  26  46576  -0.102908   0.245639   0.0989771   0.0007525   0.004689  -0.001279   0.000498   0.000551  0.0000172  0.0000150    0.000706    0.000336
1986   5  27  46577  -0.103145   0.248103   0.0982315   0.0007651   0.004803  -0.001553   0.002500   0.002824  0.0000128  0.0000149    0.000569    0.000356
1986   5  28  46578  -0.103538   0.250747   0.0974101   0.0008907   0.004402  -0.001647   0.001051   0.001093  0.0000125  0.0000126    0.000561    0.000358
1986   5  29  46579  -0.103856   0.253192   0.0964368   0.0010549   0.003811  -0.001552   0.000570   0.000586  0.0000125  0.0000125    0.000561    0.000358
1986   5  30  46580  -0.103931   0.255468   0.0953083   0.0011924   0.003311  -0.001219   0.000697   0.000718  0.0000125  0.0000125    0.000561    0.000358
1986   5  31  46581  -0.103758   0.257479   0.0940732   0.0012647   0.003078  -0.000763   0.001812   0.001956  0.0000125  0.0000124    0.000561    0.000357
1986   6   1  46582  -0.103464   0.259181   0.0928046   0.0012591   0.003154  -0.000389   0.001684   0.001947  0.0000122  0.0000124    0.000540    0.000196
1986   6   2  46583  -0.103234   0.260783   0.0915797   0.0011794   0.003360  -0.000165   0.000431   0.000483  0.0000122  0.0000122    0.000539    0.000191
1986   6   3  46584  -0.103217   0.262562   0.0904668   0.0010384   0.003418  -0.000020   0.000429   0.000480  0.0000122  0.0000122    0.000539    0.000191
1986   6   4  46585  -0.103404   0.264728   0.0895185   0.0008543   0.003214   0.000067   0.000436   0.000488  0.0000122  0.0000122    0.000539    0.000191
1986   6   5  46586  -0.103587   0.267320   0.0887670   0.0006489   0.002866  -0.000008   0.001277   0.001405  0.0000122  0.0000146    0.000539    0.000191
1986   6   6  46587  -0.103534   0.270183   0.0882214   0.0004455   0.002517  -0.000312   0.004834   0.003971  0.0000169  0.0000149    0.000802    0.000262
1986   6   7  46588  -0.103258   0.273023   0.0878681   0.0002657   0.002169  -0.000692   0.000787   0.000785  0.0000176  0.0000173    0.000843    0.000272
1986   6   8  46589  -0.103061   0.275545   0.0876741   0.0001284   0.001728  -0.000865   0.000493   0.000494  0.0000176  0.0000176    0.000843    0.000272
1986   6   9  46590  -0.103127   0.277593   0.0875893   0.0000504   0.001151  -0.000705   0.000668   0.000665  0.0000176  0.0000176    0.000843    0.000272
1986   6  10  46591  -0.103212   0.279190   0.0875480   0.0000449   0.000524  -0.000368   0.002024   0.001835  0.0000176  0.0000194    0.000843    0.000272
1986   6  11  46592  -0.102698   0.280735   0.0874748   0.0001175   0.000064  -0.000114   0.003041   0.002148  0.0000212  0.0000197    0.000776    0.000307
1986   6  12  46593  -0.101178   0.282746   0.0872926   0.0002640   0.000054  -0.000060   0.001557   0.001248  0.0000218  0.0000222    0.000777    0.000311
1986   6  13  46594  -0.099404   0.284899   0.0869331   0.0004690   0.000643  -0.000146   0.000961   0.000749  0.0000232  0.0000250    0.000806    0.000316
1986   6  14  46595  -0.099075   0.286069   0.0863497   0.0007013   0.001624  -0.000287   0.001424   0.000794  0.0000282  0.0000286    0.000893    0.000330
1986   6  15  46596  -0.099251   0.287173   0.0855366   0.0009282   0.002518  -0.000465   0.003817   0.001129  0.0000340  0.0000266    0.000971    0.000341
1986   6  16  46597  -0.098194   0.289407   0.0845131   0.0011202   0.002734  -0.000507   0.003827   0.001615  0.0000249  0.0000269    0.000998    0.000351
1986   6  17  46598  -0.095867   0.292314   0.0833306   0.0012393   0.002046  -0.000165   0.001201   0.000969  0.0000199  0.0000166    0.000890    0.000326
1986   6  18  46599  -0.093247   0.294777   0.0820792   0.0012500   0.000774   0.000488   0.000451   0.000386  0.0000082  0.0000116    0.000666    0.000248
1986   6  19  46600  -0.091102   0.296504   0.0808732   0.0011243  -0.000001   0.000659   0.000215   0.000177  0.0000034  0.0000055    0.000507    0.000164
1986   6  20  46601  -0.089728   0.298828   0.0798548   0.0008796  -0.000318   0.000261   0.000234   0.000192  0.0000027  0.0000031    0.000457    0.000141
1986   6  21  46602  -0.088875   0.301645   0.0791078   0.0006108  -0.000502  -0.000249   0.000489   0.000395  0.0000027  0.0000094    0.000460    0.000141
1986   6  22  46603  -0.087985   0.303912   0.0785965   0.0004317  -0.000525  -0.000478   0.001015   0.000698  0.0000162  0.0000108    0.000661    0.000235
1986   6  23  46604  -0.086678   0.305783   0.0781913   0.0004081  -0.000455  -0.000327   0.000971   0.000657  0.0000190  0.0000176    0.000664    0.000237
1986   6  24  46605  -0.085003   0.307703   0.0777318   0.0005349  -0.000318  -0.000111   0.001366   0.000931  0.0000190  0.0000190    0.000664    0.000237
1986   6  25  46606  -0.083437   0.309484   0.0770949   0.0007497  -0.000074  -0.000100   0.003183   0.002302  0.0000190  0.0000201    0.000664    0.000237
1986   6  26  46607  -0.082110   0.311289   0.0762331   0.0009704   0.000197  -0.000197   0.003692   0.002623  0.0000212  0.0000202    0.000735    0.000274
1986   6  27  46608  -0.080557   0.313909   0.0751758   0.0011288   0.000259  -0.000149   0.001399   0.001178  0.0000214  0.0000213    0.000741    0.000277
1986   6  28  46609  -0.078565   0.317126   0.0740063   0.0011899   0.000004   0.000068   0.000689   0.000599  0.0000214  0.0000214    0.000741    0.000277
1986   6  29  46610  -0.076557   0.319575   0.0728258   0.0011531  -0.000411   0.000257   0.000733   0.000636  0.0000214  0.0000214    0.000741    0.000277
1986   6  30  46611  -0.074790   0.321073   0.0717234   0.0010404  -0.000810   0.000298   0.002754   0.001967  0.0000214  0.0000257    0.000741    0.000277
1986   7   1  46612  -0.073227   0.322591   0.0707609   0.0008799  -0.001201   0.000279   0.005423   0.002732  0.0000300  0.0000264    0.000937    0.000277
1986   7   2  46613  -0.071843   0.324767   0.0699720   0.0006974  -0.001626   0.000305   0.000786   0.000678  0.0000313  0.0000307    0.000961    0.000277
1986   7   3  46614  -0.070651   0.327452   0.0693669   0.0005138  -0.001963   0.000314   0.000720   0.000624  0.0000313  0.0000310    0.000961    0.000277
1986   7   4  46615  -0.069619   0.330107   0.0689371   0.0003480  -0.002063   0.000154   0.000674   0.000597  0.0000307  0.0000246    0.000922    0.000264
1986   7   5  46616  -0.068639   0.332341   0.0686557   0.0002197  -0.001979  -0.000177   0.000259   0.000269  0.0000180  0.0000238    0.000424    0.000114
1986   7   6  46617  -0.067574   0.334137   0.0684761   0.0001504  -0.001902  -0.000477   0.000242   0.000254  0.0000170  0.0000177    0.000399    0.000107
1986   7   7  46618  -0.066310   0.335866   0.0683293   0.0001595  -0.001920  -0.000550   0.000288   0.000297  0.0000175  0.0000178    0.000458    0.000124
1986   7   8  46619  -0.064729   0.338185   0.0681308   0.0002552  -0.001906  -0.000416   0.000798   0.000671  0.0000185  0.0000180    0.000818    0.000260
1986   7   9  46620  -0.062778   0.341481   0.0677960   0.0004267  -0.001705  -0.000265   0.001312   0.001055  0.0000186  0.0000185    0.000864    0.000285
1986   7  10  46621  -0.060586   0.345244   0.0672620   0.0006446  -0.001348  -0.000224   0.002532   0.002159  0.0000186  0.0000209    0.000859    0.000284
1986   7  11  46622  -0.058853   0.347967   0.0665022   0.0008692  -0.001027  -0.000233   0.002336   0.001695  0.0000232  0.0000211    0.000237    0.000094
1986   7  12  46623  -0.058217   0.348588   0.0655311   0.0010592  -0.001003  -0.000138   0.000606   0.000470  0.0000236  0.0000234    0.000232    0.000092
1986   7  13  46624  -0.058162   0.348145   0.0644031   0.0011767  -0.001513   0.000145   0.000318   0.000252  0.0000236  0.0000236    0.000232    0.000092
1986   7  14  46625  -0.057308   0.348706   0.0632074   0.0011920  -0.002582   0.000564   0.000351   0.000280  0.0000236  0.0000250    0.000232    0.000092
1986   7  15  46626  -0.055541   0.349967   0.0620556   0.0010916  -0.003824   0.000962   0.001526   0.001217  0.0000263  0.0000469    0.000260    0.000104
1986   7  16  46627  -0.053593   0.350586   0.0610609   0.0008872  -0.004624   0.001160   0.003227   0.002815  0.0000703  0.0000272    0.001393    0.000938
1986   7  17  46628  -0.051915   0.350881   0.0603075   0.0006231  -0.004586   0.001006   0.000964   0.001156  0.0000280  0.0000426    0.001152    0.000708
1986   7  18  46629  -0.050359   0.352204   0.0598195   0.0003691  -0.003895   0.000511   0.000607   0.000724  0.0000150  0.0000203    0.000813    0.000452
1986   7  19  46630  -0.048567   0.354523   0.0595467   0.0002037  -0.003439   0.000032   0.000494   0.000587  0.0000125  0.0000136    0.000710    0.000387
1986   7  20  46631  -0.046235   0.356912   0.0593670   0.0001858  -0.003783  -0.000092   0.000702   0.000829  0.0000122  0.0000138    0.000695    0.000377
1986   7  21  46632  -0.043462   0.358736   0.0591229   0.0003257  -0.004749   0.000137   0.004742   0.005126  0.0000151  0.0000143    0.000844    0.000294
1986   7  22  46633  -0.040862   0.359744   0.0586759   0.0005768  -0.005565   0.000390   0.001195   0.001280  0.0000163  0.0000170    0.000908    0.000305
1986   7  23  46634  -0.039216   0.360042   0.0579556   0.0008532  -0.005443   0.000368   0.000667   0.000721  0.0000188  0.0000209    0.001041    0.000344
1986   7  24  46635  -0.038679   0.360189   0.0569835   0.0010657  -0.004388   0.000151   0.000887   0.000907  0.0000255  0.0000382    0.001403    0.000436
1986   7  25  46636  -0.037875   0.361288   0.0558562   0.0011571  -0.003501   0.000119   0.001998   0.001820  0.0000577  0.0000214    0.002270    0.000543
1986   7  26  46637  -0.035717   0.363563   0.0547061   0.0011181  -0.003661   0.000370   0.000568   0.000532  0.0000173  0.0000337    0.000547    0.000191
1986   7  27  46638  -0.033123   0.365577   0.0536514   0.0009781  -0.004814   0.000552   0.000328   0.000309  0.0000098  0.0000139    0.000320    0.000114
1986   7  28  46639  -0.031618   0.366173   0.0527711   0.0007772  -0.006169   0.000355   0.000396   0.000383  0.0000105  0.0000106    0.000406    0.000139
1986   7  29  46640  -0.030412   0.367031   0.0521079   0.0005530  -0.006962   0.000118   0.000614   0.000618  0.0000114  0.0000114    0.000533    0.000171
1986   7  30  46641  -0.028965   0.368629   0.0516669   0.0003402  -0.006938   0.000174   0.001955   0.002267  0.0000123  0.0000509    0.000603    0.000192
1986   7  31  46642  -0.027615   0.369717   0.0514209   0.0001676  -0.006312   0.000464   0.002899   0.002636  0.0000905  0.0000255    0.001616    0.000961
1986   8   1  46643  -0.026552   0.369692   0.0513171   0.0000552  -0.005553   0.000639   0.001148   0.001026  0.0000387  0.0000540    0.001089    0.000419
1986   8   2  46644  -0.025693   0.369596   0.0512893   0.0000070  -0.005178   0.000405   0.000660   0.000521  0.0000175  0.0000246    0.000501    0.000179
1986   8   3  46645  -0.024741   0.372024   0.0512775   0.0000148  -0.005561  -0.000186   0.000555   0.000331  0.0000104  0.0000132    0.000268    0.000101
1986   8   4  46646  -0.023582   0.373850   0.0512325   0.0000814  -0.006322  -0.000689   0.000645   0.000332  0.0000089  0.0000097    0.000223    0.000085
1986   8   5  46647  -0.022239   0.373550   0.0510893   0.0002271  -0.006897  -0.000782   0.002163   0.001027  0.0000090  0.0000106    0.000228    0.000087
1986   8   6  46648  -0.020671   0.373737   0.0507591   0.0004610  -0.007051  -0.000510   0.000879   0.000901  0.0000123  0.0000106    0.000816    0.000321
1986   8   7  46649  -0.018811   0.375591   0.0501588   0.0007555  -0.006876  -0.000120   0.000577   0.000637  0.0000123  0.0000123    0.000833    0.000328
1986   8   8  46650  -0.016769   0.378057   0.0492542   0.0010476  -0.006587   0.000185   0.000745   0.000818  0.0000123  0.0000123    0.000833    0.000328
1986   8   9  46651  -0.014895   0.379813   0.0480850   0.0012661  -0.006302   0.000383   0.001130   0.001215  0.0000123  0.0000132    0.000833    0.000328
1986   8  10  46652  -0.013506   0.380262   0.0467550   0.0013629  -0.006082   0.000544   0.003669   0.002404  0.0000140  0.0000133    0.000882    0.000250
1986   8  11  46653  -0.012637   0.379803   0.0453974   0.0013241  -0.006072   0.000699   0.001589   0.001271  0.0000142  0.0000141    0.000886    0.000246
1986   8  12  46654  -0.011997   0.379514   0.0441418   0.0011648  -0.006462   0.000797   0.000863   0.000723  0.0000142  0.0000142    0.000886    0.000246
1986   8  13  46655  -0.011142   0.380607   0.0430918   0.0009210  -0.007256   0.000754   0.000868   0.000727  0.0000142  0.0000142    0.000886    0.000246
1986   8  14  46656  -0.009844   0.382612   0.0423062   0.0006471  -0.008125   0.000536   0.003204   0.002171  0.0000142  0.0000137    0.000886    0.000246
1986   8  15  46657  -0.008207   0.384102   0.0417821   0.0004116  -0.008576   0.000187   0.004929   0.002854  0.0000132  0.0000137    0.000788    0.000394
1986   8  16  46658  -0.006526   0.384700   0.0414473   0.0002814  -0.008300  -0.000170   0.000714   0.000703  0.0000132  0.0000132    0.000782    0.000418
1986   8  17  46659  -0.005071   0.384904   0.0411721   0.0002994  -0.007360  -0.000400   0.000672   0.000663  0.0000132  0.0000132    0.000782    0.000418
1986   8  18  46660  -0.003908   0.385277   0.0408042   0.0004648  -0.006144  -0.000447   0.000683   0.000673  0.0000132  0.0000144    0.000782    0.000418
1986   8  19  46661  -0.002813   0.385691   0.0402163   0.0007281  -0.005163  -0.000343   0.001856   0.001820  0.0000156  0.0000553    0.000903    0.000494
1986   8  20  46662  -0.001408   0.385884   0.0393485   0.0010070  -0.004891  -0.000122   0.003965   0.003768  0.0000974  0.0000240    0.001952    0.001771
1986   8  21  46663   0.000564   0.386312   0.0382271   0.0012173  -0.005688   0.000224   0.001963   0.001751  0.0000324  0.0000568    0.001243    0.000656
1986   8  22  46664   0.003018   0.388076   0.0369524   0.0013018  -0.007640   0.000653   0.001024   0.000916  0.0000161  0.0000231    0.000717    0.000332
1986   8  23  46665   0.005408   0.389833   0.0356626   0.0012462  -0.010309   0.000939   0.001227   0.001091  0.0000139  0.0000153    0.000627    0.000286
1986   8  24  46666   0.007620   0.390364   0.0344901   0.0010765  -0.012539   0.000851   0.001907   0.001651  0.0000144  0.0000188    0.000651    0.000279
1986   8  25  46667   0.009832   0.390468   0.0335271   0.0008440  -0.013067   0.000380   0.003429   0.001586  0.0000237  0.0000191    0.001101    0.000262
1986   8  26  46668   0.012088   0.391507   0.0328077   0.0006077  -0.011411  -0.000199   0.002100   0.001401  0.0000237  0.0000239    0.001199    0.000279
1986   8  27  46669   0.014014   0.393471   0.0323073   0.0004176  -0.008333  -0.000528   0.001265   0.001128  0.0000241  0.0000283    0.001728    0.000358
1986   8  28  46670   0.015123   0.394272   0.0319592   0.0003000  -0.005782  -0.000399   0.001270   0.001178  0.0000329  0.0000683    0.003951    0.000604
1986   8  29  46671   0.015965   0.393587   0.0316865   0.0002545  -0.004823  -0.000065   0.002314   0.001796  0.0001126  0.0000529    0.009274    0.001317
1986   8  30  46672   0.017513   0.393031   0.0314246   0.0002672  -0.005315   0.000108   0.002312   0.001684  0.0000729  0.0000625    0.004195    0.000913
1986   8  31  46673   0.019639   0.393497   0.0311244   0.0003277  -0.006645   0.000082   0.000721   0.000481  0.0000125  0.0000426    0.000773    0.000190
1986   9   1  46674   0.021425   0.394663   0.0307426   0.0004358  -0.007997   0.000034   0.000691   0.000461  0.0000123  0.0000124    0.000759    0.000187
1986   9   2  46675   0.022379   0.395752   0.0302304   0.0005966  -0.008752   0.000142   0.000712   0.000475  0.0000123  0.0000123    0.000759    0.000187
1986   9   3  46676   0.023330   0.396399   0.0295353   0.0008071  -0.008723   0.000389   0.002352   0.001568  0.0000123  0.0000133    0.000759    0.000187
1986   9   4  46677   0.025369   0.396749   0.0286158   0.0010450  -0.008148   0.000614   0.006652   0.005517  0.0000144  0.0000135    0.000475    0.000381
1986   9   5  46678   0.028107   0.397152   0.0274627   0.0012688  -0.007491   0.000669   0.001054   0.000820  0.0000147  0.0000145    0.000459    0.000470
1986   9   6  46679   0.029712   0.397908   0.0261126   0.0014307  -0.007185   0.000530   0.000832   0.000519  0.0000147  0.0000147    0.000459    0.000470
1986   9   7  46680   0.029720   0.399005   0.0246456   0.0014929  -0.007457   0.000283   0.001061   0.000517  0.0000147  0.0000147    0.000459    0.000470
1986   9   8  46681   0.030578   0.399873   0.0231693   0.0014412  -0.008252   0.000062   0.001553   0.000617  0.0000147  0.0000147    0.000459    0.000470
1986   9   9  46682   0.032629   0.399727   0.0217922   0.0012902  -0.009254  -0.000026   0.002738   0.003721  0.0000147  0.0000147    0.000609    0.000303
1986   9  10  46683   0.034499   0.398350   0.0205966   0.0010814  -0.009990   0.000074   0.001578   0.001346  0.0000147  0.0000147    0.000640    0.000293
1986   9  11  46684   0.035566   0.396699   0.0196146   0.0008747  -0.010045   0.000388   0.000925   0.000716  0.0000147  0.0000147    0.000640    0.000293
1986   9  12  46685   0.037104   0.396362   0.0188140   0.0007348  -0.009312   0.000892   0.001215   0.000932  0.0000147  0.0000147    0.000640    0.000293
1986   9  13  46686   0.038361   0.396754   0.0181015   0.0007129  -0.008162   0.001436   0.002406   0.001841  0.0000147  0.0000156    0.000641    0.000293
1986   9  14  46687   0.038983   0.397033   0.0173455   0.0008292  -0.007261   0.001750   0.001558   0.001328  0.0000165  0.0000157    0.001019    0.000282
1986   9  15  46688   0.040069   0.397296   0.0164126   0.0010633  -0.007153   0.001575   0.000594   0.000512  0.0000167  0.0000167    0.001008    0.000284
1986   9  16  46689   0.042545   0.397968   0.0152090   0.0013583  -0.007875   0.000864   0.000639   0.000541  0.0000169  0.0000175    0.000730    0.000305
1986   9  17  46690   0.045709   0.399030   0.0137097   0.0016379  -0.008869  -0.000063   0.000925   0.000701  0.0000184  0.0000216    0.000482    0.000449
1986   9  18  46691   0.046931   0.399571   0.0119653   0.0018306  -0.009044  -0.000437   0.001467   0.001282  0.0000264  0.0000322    0.000575    0.001069
1986   9  19  46692   0.046838   0.398762   0.0100883   0.0018937  -0.008715  -0.000270   0.001394   0.003006  0.0000460  0.0000217    0.001115    0.001584
1986   9  20  46693   0.047398   0.397209   0.0082143   0.0018267  -0.008578   0.000030   0.000703   0.000641  0.0000171  0.0000306    0.000949    0.000286
1986   9  21  46694   0.048996   0.396570   0.0064604   0.0016622  -0.008747   0.000238   0.000729   0.000594  0.0000151  0.0000161    0.000861    0.000250
1986   9  22  46695   0.050787   0.397473   0.0049021   0.0014478  -0.009000   0.000313   0.000993   0.000809  0.0000151  0.0000151    0.000861    0.000250
1986   9  23  46696   0.051837   0.398268   0.0035646   0.0012324  -0.009035   0.000368   0.001611   0.001322  0.0000151  0.0000137    0.000860    0.000250
1986   9  24  46697   0.052340   0.397942   0.0024264   0.0010581  -0.008706   0.000515   0.003624   0.003420  0.0000123  0.0000136    0.000683    0.000505
1986   9  25  46698   0.053123   0.396726   0.0014290   0.0009544  -0.008122   0.000731   0.001696   0.001668  0.0000122  0.0000122    0.000674    0.000573
1986   9  26  46699   0.054546   0.395500   0.0004923   0.0009337  -0.007534   0.000887   0.000937   0.000926  0.0000122  0.0000122    0.000674    0.000573
1986   9  27  46700   0.055746   0.394805  -0.0004665   0.0009926  -0.007128   0.000901   0.000881   0.000872  0.0000122  0.0000122    0.000674    0.000573
1986   9  28  46701   0.056498   0.394419  -0.0015203   0.0011198  -0.006926   0.000839   0.003327   0.003238  0.0000122  0.0000128    0.000674    0.000572
1986   9  29  46702   0.057459   0.393845  -0.0027302   0.0013049  -0.006904   0.000834   0.005013   0.003970  0.0000135  0.0000129    0.000668    0.000304
1986   9  30  46703   0.058922   0.393104  -0.0041479   0.0015370  -0.007058   0.000955   0.000661   0.000522  0.0000136  0.0000136    0.000667    0.000297
1986  10   1  46704   0.060545   0.392715  -0.0058119   0.0017951  -0.007337   0.001155   0.000591   0.000467  0.0000136  0.0000136    0.000667    0.000297
1986  10   2  46705   0.061874   0.393062  -0.0077304   0.0020380  -0.007590   0.001341   0.000627   0.000496  0.0000136  0.0000136    0.000667    0.000297
1986  10   3  46706   0.062887   0.393866  -0.0098611   0.0022087  -0.007673   0.001443   0.002353   0.001881  0.0000136  0.0000150    0.000667    0.000297
1986  10   4  46707   0.063892   0.394472  -0.0121041   0.0022547  -0.007601   0.001421   0.006010   0.005298  0.0000163  0.0000151    0.000750    0.000335
1986  10   5  46708   0.065049   0.394538  -0.0143204   0.0021552  -0.007530   0.001270   0.000986   0.000841  0.0000166  0.0000164    0.000757    0.000339
1986  10   6  46709   0.066197   0.394313  -0.0163734   0.0019352  -0.007581   0.001037   0.000839   0.000715  0.0000166  0.0000166    0.000757    0.000339
1986  10   7  46710   0.067192   0.394226  -0.0181726   0.0016583  -0.007731   0.000816   0.001223   0.001041  0.0000166  0.0000165    0.000757    0.000339
1986  10   8  46711   0.068254   0.394343  -0.0197004   0.0014020  -0.007845   0.000669   0.002600   0.002189  0.0000165  0.0000134    0.000757    0.000338
1986  10   9  46712   0.069578   0.394163  -0.0210108   0.0012302  -0.007788   0.000585   0.003913   0.002677  0.0000103  0.0000134    0.000701    0.000204
1986  10  10  46713   0.071099   0.393221  -0.0222066   0.0011757  -0.007485   0.000517   0.001274   0.000855  0.0000102  0.0000102    0.000699    0.000201
1986  10  11  46714   0.072508   0.391851  -0.0234064   0.0012387  -0.006947   0.000462   0.000701   0.000470  0.0000102  0.0000102    0.000699    0.000201
1986  10  12  46715   0.073501   0.391016  -0.0247157   0.0013939  -0.006261   0.000459   0.000725   0.000487  0.0000102  0.0000102    0.000699    0.000201
1986  10  13  46716   0.074215   0.390932  -0.0262073   0.0016002  -0.005587   0.000539   0.003374   0.002335  0.0000102  0.0000105    0.000699    0.000201
1986  10  14  46717   0.075100   0.391091  -0.0279093   0.0018090  -0.005136   0.000716   0.005578   0.004067  0.0000107  0.0000105    0.000771    0.000266
1986  10  15  46718   0.076549   0.390959  -0.0298015   0.0019717  -0.005084   0.000987   0.000802   0.000545  0.0000107  0.0000105    0.000762    0.000266
1986  10  16  46719   0.078612   0.390457  -0.0318186   0.0020488  -0.005455   0.001313   0.000607   0.000446  0.0000103  0.0000096    0.000642    0.000228
1986  10  17  46720   0.080947   0.389945  -0.0338632   0.0020198  -0.006102   0.001566   0.000406   0.000384  0.0000084  0.0000089    0.000372    0.000137
1986  10  18  46721   0.082973   0.389955  -0.0358287   0.0018919  -0.006821   0.001559   0.000386   0.000400  0.0000075  0.0000102    0.000300    0.000111
1986  10  19  46722   0.084631   0.390143  -0.0376290   0.0016988  -0.007413   0.001210   0.000989   0.001030  0.0000121  0.0000231    0.000482    0.000179
1986  10  20  46723   0.086344   0.389653  -0.0392211   0.0014890  -0.007655   0.000685   0.001935   0.001871  0.0000387  0.0000168    0.001856    0.000807
1986  10  21  46724   0.087902   0.389173  -0.0406135   0.0013101  -0.007365   0.000301   0.001106   0.001032  0.0000215  0.0000282    0.001100    0.000510
1986  10  22  46725   0.088925   0.389406  -0.0418576   0.0011974  -0.006591   0.000289   0.001251   0.001103  0.0000177  0.0000166    0.000901    0.000412
1986  10  23  46726   0.089548   0.389512  -0.0430317   0.0011633  -0.005554   0.000590   0.000512   0.000454  0.0000118  0.0000144    0.000459    0.000161
1986  10  24  46727   0.090000   0.389141  -0.0442117   0.0011922  -0.004595   0.000930   0.000335   0.000300  0.0000112  0.0000119    0.000429    0.000149
1986  10  25  46728   0.090624   0.388544  -0.0454437   0.0012506  -0.004023   0.001068   0.000377   0.000341  0.0000121  0.0000141    0.000490    0.000169
1986  10  26  46729   0.091840   0.388063  -0.0467373   0.0013195  -0.004087   0.000949   0.000715   0.000743  0.0000170  0.0000190    0.001036    0.000332
1986  10  27  46730   0.093547   0.387842  -0.0481018   0.0014196  -0.004836   0.000682   0.001229   0.001331  0.0000259  0.0000401    0.001706    0.000537
1986  10  28  46731   0.094771   0.387753  -0.0495880   0.0015836  -0.005854   0.000460   0.003340   0.004022  0.0000631  0.0000782    0.004027    0.001287
1986  10  29  46732   0.095009   0.387402  -0.0512698   0.0018088  -0.006679   0.000419   0.003656   0.005595  0.0001305  0.0000545    0.010724    0.001399
1986  10  30  46733   0.095260   0.386673  -0.0531910   0.0020396  -0.006962   0.000623   0.001113   0.001754  0.0000459  0.0000770    0.005409    0.000676
1986  10  31  46734   0.096671   0.385917  -0.0553158   0.0021826  -0.006567   0.001043   0.000582   0.000872  0.0000235  0.0000334    0.001940    0.000362
1986  11   1  46735   0.098754   0.385587  -0.0575085   0.0021538  -0.005771   0.001439   0.000584   0.000729  0.0000208  0.0000267    0.001038    0.000304
1986  11   2  46736   0.100520   0.385053  -0.0595739   0.0019344  -0.005223   0.001634   0.000938   0.001018  0.0000299  0.0000428    0.001241    0.000423
1986  11   3  46737   0.101674   0.383911  -0.0613436   0.0015923  -0.005186   0.001622   0.002475   0.002326  0.0000649  0.0000316    0.001158    0.000689
1986  11   4  46738   0.102799   0.382575  -0.0627543   0.0012489  -0.005281   0.001546   0.001250   0.001154  0.0000332  0.0000377    0.000623    0.000383
1986  11   5  46739   0.104411   0.381335  -0.0638689   0.0010171  -0.005088   0.001528   0.000431   0.000412  0.0000105  0.0000187    0.000464    0.000222
1986  11   6  46740   0.106008   0.379492  -0.0648369   0.0009492  -0.004869   0.001452   0.000199   0.000177  0.0000041  0.0000071    0.000279    0.000118
1986  11   7  46741   0.107516   0.378539  -0.0658186   0.0010141  -0.003779   0.001252   0.000181   0.000158  0.0000036  0.0000062    0.000250    0.000105
1986  11   8  46742   0.109281   0.378848  -0.0669029   0.0011404  -0.002071   0.001135   0.000493   0.000373  0.0000084  0.0000088    0.000366    0.000160
1986  11   9  46743   0.111395   0.378392  -0.0681151   0.0012984  -0.001631   0.001407   0.001036   0.000681  0.0000140  0.0000110    0.000436    0.000207
1986  11  10  46744   0.113526   0.377041  -0.0694937   0.0014916  -0.002706   0.002047   0.000662   0.000522  0.0000136  0.0000138    0.000557    0.000472
1986  11  11  46745   0.115355   0.375958  -0.0710765   0.0016907  -0.004199   0.002714   0.000695   0.000550  0.0000136  0.0000136    0.000567    0.000536
1986  11  12  46746   0.117018   0.375440  -0.0728447   0.0018357  -0.005173   0.003100   0.002593   0.001780  0.0000136  0.0000138    0.000567    0.000538
1986  11  13  46747   0.118760   0.374846  -0.0747157   0.0018783  -0.005306   0.003149   0.004323   0.002437  0.0000140  0.0000138    0.000554    0.000400
1986  11  14  46748   0.120304   0.373693  -0.0765733   0.0018042  -0.004789   0.002972   0.000649   0.000521  0.0000141  0.0000140    0.000553    0.000394
1986  11  15  46749   0.121050   0.371958  -0.0783045   0.0016313  -0.004076   0.002679   0.000609   0.000489  0.0000141  0.0000141    0.000553    0.000394
1986  11  16  46750   0.120751   0.369999  -0.0798273   0.0014005  -0.003632   0.002313   0.000615   0.000494  0.0000141  0.0000141    0.000553    0.000394
1986  11  17  46751   0.120048   0.368291  -0.0811082   0.0011625  -0.003665   0.001934   0.001657   0.001333  0.0000141  0.0000141    0.000553    0.000394
1986  11  18  46752   0.119927   0.367118  -0.0821651   0.0009642  -0.004039   0.001669   0.005727   0.005133  0.0000141  0.0000141    0.000545    0.000320
1986  11  19  46753   0.120669   0.366312  -0.0830571   0.0008381  -0.004400   0.001602   0.001018   0.000980  0.0000141  0.0000141    0.000544    0.000316
1986  11  20  46754   0.121367   0.365331  -0.0838667   0.0007983  -0.004440   0.001650   0.000639   0.000618  0.0000141  0.0000141    0.000544    0.000316
1986  11  21  46755   0.121194   0.363901  -0.0846804   0.0008426  -0.004077   0.001633   0.000914   0.000900  0.0000141  0.0000141    0.000544    0.000316
1986  11  22  46756   0.120832   0.362494  -0.0855761   0.0009592  -0.003408   0.001490   0.001817   0.002001  0.0000141  0.0000154    0.000544    0.000316
1986  11  23  46757   0.120873   0.361383  -0.0866174   0.0011325  -0.002564   0.001359   0.002611   0.002259  0.0000166  0.0000155    0.000721    0.000350
1986  11  24  46758   0.121101   0.360287  -0.0878525   0.0013447  -0.001741   0.001405   0.001694   0.001191  0.0000168  0.0000167    0.000742    0.000353
1986  11  25  46759   0.121159   0.358891  -0.0893101   0.0015726  -0.001255   0.001614   0.001210   0.000829  0.0000168  0.0000168    0.000742    0.000353
1986  11  26  46760   0.121345   0.357593  -0.0909904   0.0017813  -0.001350   0.001835   0.001247   0.000849  0.0000168  0.0000168    0.000742    0.000353
1986  11  27  46761   0.121885   0.356553  -0.0928514   0.0019224  -0.001905   0.002013   0.003625   0.002578  0.0000168  0.0000136    0.000742    0.000353
1986  11  28  46762   0.122521   0.355371  -0.0947990   0.0019439  -0.002547   0.002259   0.002938   0.002622  0.0000104  0.0000135    0.000786    0.000400
1986  11  29  46763   0.123149   0.353943  -0.0966935   0.0018137  -0.003042   0.002602   0.000485   0.000447  0.0000102  0.0000103    0.000790    0.000404
1986  11  30  46764   0.123852   0.352387  -0.0983845   0.0015485  -0.003350   0.002805   0.000470   0.000433  0.0000102  0.0000102    0.000790    0.000404
1986  12   1  46765   0.124793   0.350865  -0.0997694   0.0012269  -0.003357   0.002639   0.000474   0.000436  0.0000102  0.0000102    0.000790    0.000404
1986  12   2  46766   0.126065   0.349410  -0.1008497   0.0009652  -0.002915   0.002247   0.001201   0.001103  0.0000102  0.0000104    0.000790    0.000404
1986  12   3  46767   0.127623   0.347998  -0.1017416   0.0008616  -0.002234   0.002011   0.004765   0.003854  0.0000107  0.0000105    0.000673    0.000364
1986  12   4  46768   0.129274   0.346698  -0.1026292   0.0009445  -0.001841   0.002061   0.000946   0.000769  0.0000108  0.0000111    0.000664    0.000352
1986  12   5  46769   0.130733   0.345721  -0.1036796   0.0011552  -0.002034   0.002182   0.000577   0.000456  0.0000116  0.0000126    0.000652    0.000316
1986  12   6  46770   0.131897   0.345056  -0.1049649   0.0013825  -0.002642   0.002203   0.000728   0.000507  0.0000143  0.0000147    0.000625    0.000260
1986  12   7  46771   0.133117   0.344167  -0.1064418   0.0015464  -0.003371   0.002236   0.000969   0.000563  0.0000179  0.0000268    0.000611    0.000237
1986  12   8  46772   0.134534   0.342661  -0.1080335   0.0016348  -0.003766   0.002449   0.001791   0.001182  0.0000393  0.0000251    0.000780    0.000369
1986  12   9  46773   0.135953   0.340631  -0.1096773   0.0016605  -0.003387   0.002769   0.001438   0.001150  0.0000324  0.0000297    0.000779    0.000389
1986  12  10  46774   0.137096   0.338519  -0.1113207   0.0016255  -0.002187   0.002980   0.000961   0.000758  0.0000201  0.0000287    0.000722    0.000347
1986  12  11  46775   0.137878   0.336892  -0.1129011   0.0015273  -0.000951   0.002975   0.001299   0.001034  0.0000251  0.0000389    0.001001    0.000473
1986  12  12  46776   0.138246   0.335882  -0.1143570   0.0013728  -0.000402   0.002879   0.002686   0.002141  0.0000577  0.0000315    0.002313    0.001093
1986  12  13  46777   0.138698   0.334771  -0.1156381   0.0011755  -0.000710   0.002807   0.002316   0.001889  0.0000379  0.0000349    0.002003    0.000710
1986  12  14  46778   0.139367   0.333150  -0.1167092   0.0009568  -0.001575   0.002713   0.000511   0.000434  0.0000120  0.0000249    0.000655    0.000226
1986  12  15  46779   0.139993   0.331084  -0.1175622   0.0007511  -0.002494   0.002528   0.000499   0.000424  0.0000120  0.0000120    0.000654    0.000226
1986  12  16  46780   0.140318   0.328973  -0.1182299   0.0006016  -0.003048   0.002322   0.000503   0.000428  0.0000120  0.0000120    0.000654    0.000226
1986  12  17  46781   0.140482   0.327298  -0.1187893   0.0005452  -0.003039   0.002256   0.001233   0.001089  0.0000120  0.0000123    0.000654    0.000226
1986  12  18  46782   0.140819   0.326328  -0.1193461   0.0005975  -0.002497   0.002382   0.003217   0.004978  0.0000126  0.0000123    0.000731    0.000220
1986  12  19  46783   0.141400   0.325872  -0.1200084   0.0007491  -0.001639   0.002592   0.000895   0.000932  0.0000127  0.0000127    0.000739    0.000220
1986  12  20  46784   0.141826   0.325373  -0.1208630   0.0009716  -0.000769   0.002781   0.000605   0.000620  0.0000127  0.0000127    0.000739    0.000220
1986  12  21  46785   0.142001   0.324555  -0.1219624   0.0012267  -0.000112   0.002984   0.000798   0.000816  0.0000127  0.0000121    0.000739    0.000220
1986  12  22  46786   0.142757   0.323828  -0.1233183   0.0014744   0.000241   0.003277   0.000766   0.000820  0.0000115  0.0000119    0.000785    0.000190
1986  12  23  46787   0.143977   0.323171  -0.1249041   0.0016800   0.000245   0.003595   0.000444   0.000488  0.0000111  0.0000113    0.000809    0.000180
1986  12  24  46788   0.144833   0.322167  -0.1266617   0.0018169  -0.000105   0.003739   0.000441   0.000485  0.0000111  0.0000111    0.000809    0.000180
1986  12  25  46789   0.144870   0.320634  -0.1285109   0.0018663  -0.000663   0.003633   0.000626   0.000688  0.0000111  0.0000111    0.000809    0.000180
1986  12  26  46790   0.144412   0.318896  -0.1303583   0.0018175  -0.001211   0.003461   0.008202   0.008813  0.0000111  0.0000126    0.000809    0.000180
1986  12  27  46791   0.144082   0.317434  -0.1321075   0.0016735  -0.001723   0.003418   0.020386   0.019587  0.0000141  0.0000130    0.000711    0.000251
1986  12  28  46792   0.144207   0.316432  -0.1336768   0.0014602  -0.002334   0.003408   0.001896   0.001823  0.0000148  0.0000144    0.000699    0.000272
1986  12  29  46793   0.144657   0.315671  -0.1350236   0.0012318  -0.002934   0.003180   0.000482   0.000464  0.0000148  0.0000148    0.000699    0.000272
1986  12  30  46794   0.145125   0.314800  -0.1361672   0.0010605  -0.003133   0.002775   0.000480   0.000462  0.0000148  0.0000148    0.000699    0.000272
1986  12  31  46795   0.145411   0.313671  -0.1371960   0.0010108  -0.002805   0.002554   0.000481   0.000462  0.0000148  0.0000148    0.000699    0.000272
