

                   INTERNATIONAL EARTH ROTATION AND REFERENCE SYSTEMS SERVICE
                        EARTH ORIENTATION PARAMETERS
                          EOP (IERS) 08 C04

  
             FORMAT(3(I4),I7,2(F11.6),2(F12.7),2(F11.6),2(F11.6),2(F11.7),2F12.6)
**********************************************************************************
  
      Date      MJD      x          y        UT1-UTC       LOD         dPsi      dEps       x Err     y Err   UT1-UTC Err  LOD Err    dPsi Err   dEpsilon Err
                         "          "           s           s            "         "        "          "          s           s            "         "
     (0h UTC)

1990   1   1  47892  -0.133835   0.162671   0.3287520   0.0019497  -0.003271  -0.000269   0.002122   0.002187  0.0000071  0.0000076    0.000323    0.000234
1990   1   2  47893  -0.135000   0.165981   0.3267011   0.0021534  -0.003878  -0.000071   0.000417   0.000423  0.0000071  0.0000075    0.000321    0.000249
1990   1   3  47894  -0.136457   0.170235   0.3244808   0.0022740  -0.004862   0.000662   0.000228   0.000230  0.0000079  0.0000090    0.000358    0.000267
1990   1   4  47895  -0.138318   0.174875   0.3221953   0.0022715  -0.005830   0.001605   0.000304   0.000304  0.0000108  0.0000125    0.000513    0.000321
1990   1   5  47896  -0.139804   0.178253   0.3199774   0.0021389  -0.006360   0.002193   0.000504   0.000488  0.0000170  0.0000135    0.000977    0.000386
1990   1   6  47897  -0.140950   0.180161   0.3179446   0.0019092  -0.006344   0.002168   0.001318   0.001165  0.0000162  0.0000131    0.000847    0.000318
1990   1   7  47898  -0.142594   0.181797   0.3161662   0.0016392  -0.005946   0.001666   0.000894   0.000696  0.0000091  0.0000127    0.000394    0.000190
1990   1   8  47899  -0.145231   0.184134   0.3146497   0.0013928  -0.005472   0.001073   0.000517   0.000392  0.0000091  0.0000090    0.000392    0.000189
1990   1   9  47900  -0.148108   0.186587   0.3133437   0.0012259  -0.005221   0.000780   0.000386   0.000308  0.0000089  0.0000089    0.000332    0.000166
1990   1  10  47901  -0.150386   0.188640   0.3121515   0.0011767  -0.005333   0.000841   0.000313   0.000280  0.0000087  0.0000097    0.000252    0.000130
1990   1  11  47902  -0.152053   0.190715   0.3109493   0.0012563  -0.005563   0.001014   0.000375   0.000353  0.0000104  0.0000096    0.000321    0.000151
1990   1  12  47903  -0.153879   0.193577   0.3096155   0.0014406  -0.005010   0.001162   0.000449   0.000451  0.0000104  0.0000088    0.000425    0.000166
1990   1  13  47904  -0.156057   0.196856   0.3080671   0.0016701  -0.003655   0.001221   0.000327   0.000325  0.0000071  0.0000087    0.000329    0.000130
1990   1  14  47905  -0.158014   0.199885   0.3062927   0.0018675  -0.002628   0.001138   0.000268   0.000267  0.0000069  0.0000070    0.000320    0.000127
1990   1  15  47906  -0.159531   0.202746   0.3043589   0.0019724  -0.002585   0.000965   0.000404   0.000403  0.0000069  0.0000066    0.000320    0.000127
1990   1  16  47907  -0.160834   0.205530   0.3023757   0.0019677  -0.003335   0.000807   0.002123   0.001922  0.0000063  0.0000066    0.000289    0.000112
1990   1  17  47908  -0.162299   0.208424   0.3004472   0.0018777  -0.004234   0.000759   0.000511   0.000463  0.0000063  0.0000064    0.000286    0.000111
1990   1  18  47909  -0.164074   0.211617   0.2986383   0.0017447  -0.004759   0.000845   0.000257   0.000225  0.0000065  0.0000070    0.000288    0.000116
1990   1  19  47910  -0.166211   0.215112   0.2969692   0.0016061  -0.004848   0.000962   0.000291   0.000214  0.0000077  0.0000085    0.000292    0.000140
1990   1  20  47911  -0.169173   0.218502   0.2954296   0.0014788  -0.004994   0.000911   0.000401   0.000248  0.0000105  0.0000218    0.000345    0.000196
1990   1  21  47912  -0.172834   0.221731   0.2940062   0.0013651  -0.005208   0.000625   0.001280   0.000740  0.0000359  0.0000126    0.001044    0.000477
1990   1  22  47913  -0.176423   0.224792   0.2926854   0.0012748  -0.005084   0.000272   0.000490   0.000537  0.0000147  0.0000214    0.000596    0.000273
1990   1  23  47914  -0.179521   0.226829   0.2914350   0.0012350  -0.004711   0.000116   0.000260   0.000268  0.0000068  0.0000113    0.000286    0.000131
1990   1  24  47915  -0.181847   0.229111   0.2901881   0.0012793  -0.004510   0.000267   0.000288   0.000310  0.0000079  0.0000118    0.000315    0.000152
1990   1  25  47916  -0.183545   0.232708   0.2888460   0.0014235  -0.004788   0.000561   0.000593   0.000594  0.0000168  0.0000247    0.000621    0.000335
1990   1  26  47917  -0.185190   0.236344   0.2873122   0.0016535  -0.005056   0.000729   0.001421   0.001225  0.0000416  0.0000145    0.001616    0.000794
1990   1  27  47918  -0.187138   0.239717   0.2855187   0.0019374  -0.004742   0.000686   0.000488   0.000449  0.0000123  0.0000236    0.000767    0.000263
1990   1  28  47919  -0.189238   0.243841   0.2834338   0.0022372  -0.004017   0.000550   0.000227   0.000205  0.0000055  0.0000087    0.000385    0.000120
1990   1  29  47920  -0.191675   0.247915   0.2810625   0.0025111  -0.004182   0.000480   0.000196   0.000159  0.0000052  0.0000074    0.000330    0.000115
1990   1  30  47921  -0.193582   0.251103   0.2784492   0.0027123  -0.005201   0.000513   0.000250   0.000159  0.0000092  0.0000111    0.000379    0.000212
1990   1  31  47922  -0.194210   0.253868   0.2756855   0.0027941  -0.005965   0.000596   0.000435   0.000275  0.0000169  0.0000134    0.000627    0.000370
1990   2   1  47923  -0.194996   0.257181   0.2729053   0.0027335  -0.006246   0.000722   0.000587   0.000710  0.0000176  0.0000124    0.000910    0.000370
1990   2   2  47924  -0.197191   0.261346   0.2702475   0.0025507  -0.006156   0.000877   0.000303   0.000445  0.0000079  0.0000121    0.000520    0.000208
1990   2   3  47925  -0.199555   0.265763   0.2678112   0.0023074  -0.005932   0.000878   0.000384   0.000556  0.0000067  0.0000123    0.000446    0.000181
1990   2   4  47926  -0.200981   0.269773   0.2656179   0.0020850  -0.005659   0.000681   0.000992   0.001223  0.0000168  0.0000364    0.000911    0.000429
1990   2   5  47927  -0.201590   0.273138   0.2636088   0.0019529  -0.005287   0.000389   0.002500   0.001273  0.0000661  0.0000160    0.001366    0.000854
1990   2   6  47928  -0.202239   0.276144   0.2616702   0.0019461  -0.004915   0.000119   0.000565   0.000530  0.0000152  0.0000366    0.000729    0.000288
1990   2   7  47929  -0.203626   0.279310   0.2596755   0.0020573  -0.005035  -0.000153   0.000273   0.000249  0.0000070  0.0000119    0.000371    0.000138
1990   2   8  47930  -0.205271   0.283325   0.2575260   0.0022433  -0.005668  -0.000379   0.000329   0.000256  0.0000086  0.0000133    0.000422    0.000163
1990   2   9  47931  -0.205673   0.287445   0.2551778   0.0024493  -0.005961  -0.000448   0.000698   0.000413  0.0000196  0.0000358    0.000781    0.000338
1990   2  10  47932  -0.205499   0.291243   0.2526358   0.0026311  -0.005469  -0.000327   0.001739   0.000976  0.0000631  0.0000239    0.001472    0.000793
1990   2  11  47933  -0.205292   0.295200   0.2499388   0.0027577  -0.004622  -0.000106   0.000610   0.000634  0.0000282  0.0000368    0.000898    0.000298
1990   2  12  47934  -0.204871   0.299256   0.2471500   0.0028075  -0.004127   0.000053   0.000262   0.000235  0.0000105  0.0000175    0.000442    0.000131
1990   2  13  47935  -0.203963   0.303320   0.2443524   0.0027660  -0.004275   0.000049   0.000228   0.000145  0.0000068  0.0000090    0.000388    0.000114
1990   2  14  47936  -0.202729   0.307168   0.2416408   0.0026442  -0.004613  -0.000139   0.000295   0.000187  0.0000075  0.0000078    0.000496    0.000161
1990   2  15  47937  -0.202353   0.311706   0.2390791   0.0024769  -0.004741  -0.000294   0.000313   0.000317  0.0000088  0.0000091    0.000426    0.000185
1990   2  16  47938  -0.201686   0.316007   0.2366935   0.0022965  -0.004745  -0.000228   0.000321   0.000266  0.0000108  0.0000090    0.000343    0.000170
1990   2  17  47939  -0.201233   0.320184   0.2344834   0.0021243  -0.004520  -0.000249   0.000253   0.000191  0.0000091  0.0000091    0.000375    0.000152
1990   2  18  47940  -0.201328   0.323371   0.2324331   0.0019721  -0.004479  -0.000377   0.000223   0.000196  0.0000074  0.0000083    0.000390    0.000170
1990   2  19  47941  -0.201237   0.326715   0.2305194   0.0018340  -0.004703  -0.000695   0.000251   0.000219  0.0000075  0.0000083    0.000346    0.000186
1990   2  20  47942  -0.201118   0.330145   0.2287393   0.0017094  -0.005102  -0.001087   0.000298   0.000284  0.0000092  0.0000088    0.000396    0.000214
1990   2  21  47943  -0.202286   0.332905   0.2270710   0.0016491  -0.005107  -0.001252   0.000335   0.000358  0.0000101  0.0000085    0.000352    0.000232
1990   2  22  47944  -0.203591   0.336148   0.2254109   0.0017210  -0.004493  -0.001169   0.000337   0.000305  0.0000079  0.0000086    0.000358    0.000225
1990   2  23  47945  -0.203749   0.339745   0.2236031   0.0019341  -0.003786  -0.001091   0.000450   0.000381  0.0000071  0.0000074    0.000392    0.000224
1990   2  24  47946  -0.202885   0.343329   0.2215290   0.0022265  -0.003324  -0.001106   0.001387   0.001169  0.0000070  0.0000086    0.000400    0.000224
1990   2  25  47947  -0.201565   0.346882   0.2191572   0.0025097  -0.003154  -0.001067   0.001434   0.001732  0.0000101  0.0000088    0.000538    0.000227
1990   2  26  47948  -0.199768   0.350351   0.2165410   0.0027061  -0.003297  -0.000854   0.000279   0.000371  0.0000105  0.0000103    0.000556    0.000227
1990   2  27  47949  -0.197330   0.353890   0.2137950   0.0027626  -0.003738  -0.000550   0.000276   0.000367  0.0000105  0.0000105    0.000554    0.000227
1990   2  28  47950  -0.194711   0.357870   0.2110698   0.0026597  -0.004312  -0.000359   0.000298   0.000386  0.0000105  0.0000105    0.000501    0.000215
1990   3   1  47951  -0.193252   0.362767   0.2085163   0.0024236  -0.004849  -0.000437   0.000396   0.000478  0.0000105  0.0000105    0.000436    0.000198
1990   3   2  47952  -0.193474   0.368102   0.2062379   0.0021264  -0.005244  -0.000763   0.000607   0.000702  0.0000104  0.0000093    0.000432    0.000197
1990   3   3  47953  -0.193775   0.371990   0.2042512   0.0018594  -0.005380  -0.001154   0.000463   0.000463  0.0000081  0.0000092    0.000424    0.000281
1990   3   4  47954  -0.193555   0.374537   0.2024864   0.0016918  -0.005224  -0.001434   0.000300   0.000299  0.0000079  0.0000080    0.000423    0.000301
1990   3   5  47955  -0.193170   0.377187   0.2008258   0.0016470  -0.004828  -0.001538   0.000416   0.000419  0.0000079  0.0000080    0.000423    0.000301
1990   3   6  47956  -0.192611   0.380661   0.1991525   0.0017112  -0.004353  -0.001535   0.001014   0.001165  0.0000082  0.0000088    0.000393    0.000256
1990   3   7  47957  -0.191788   0.384628   0.1973735   0.0018582  -0.003994  -0.001556   0.000365   0.000436  0.0000098  0.0000088    0.000319    0.000177
1990   3   8  47958  -0.191036   0.388531   0.1954208   0.0020622  -0.003885  -0.001684   0.000290   0.000336  0.0000094  0.0000091    0.000326    0.000171
1990   3   9  47959  -0.190528   0.392269   0.1932501   0.0022925  -0.003994  -0.001897   0.000273   0.000294  0.0000084  0.0000087    0.000352    0.000156
1990   3  10  47960  -0.189888   0.396298   0.1908515   0.0024978  -0.003927  -0.002080   0.000359   0.000377  0.0000079  0.0000081    0.000369    0.000149
1990   3  11  47961  -0.188501   0.400433   0.1882799   0.0026153  -0.003535  -0.002169   0.001067   0.001198  0.0000079  0.0000088    0.000372    0.000148
1990   3  12  47962  -0.186475   0.404203   0.1856494   0.0026081  -0.003068  -0.002180   0.001270   0.001526  0.0000097  0.0000089    0.000444    0.000173
1990   3  13  47963  -0.184918   0.407712   0.1830895   0.0024871  -0.002969  -0.002145   0.000268   0.000294  0.0000099  0.0000101    0.000453    0.000176
1990   3  14  47964  -0.184748   0.411168   0.1806942   0.0023047  -0.003499  -0.002056   0.000280   0.000301  0.0000104  0.0000114    0.000456    0.000181
1990   3  15  47965  -0.185606   0.414288   0.1784904   0.0021267  -0.004371  -0.001924   0.000367   0.000350  0.0000129  0.0000142    0.000474    0.000204
1990   3  16  47966  -0.185561   0.416260   0.1764420   0.0019980  -0.004498  -0.001938   0.000582   0.000422  0.0000179  0.0000168    0.000536    0.000231
1990   3  17  47967  -0.184962   0.418109   0.1744863   0.0019258  -0.004088  -0.002085   0.000730   0.000453  0.0000206  0.0000145    0.000592    0.000239
1990   3  18  47968  -0.184666   0.421014   0.1725740   0.0018981  -0.003783  -0.002346   0.000500   0.000496  0.0000111  0.0000152    0.000647    0.000291
1990   3  19  47969  -0.183846   0.424581   0.1706674   0.0019173  -0.003584  -0.002732   0.000486   0.000554  0.0000098  0.0000105    0.000667    0.000323
1990   3  20  47970  -0.181716   0.427934   0.1687130   0.0020030  -0.003292  -0.003089   0.000639   0.000692  0.0000098  0.0000095    0.000642    0.000315
1990   3  21  47971  -0.179121   0.431048   0.1666334   0.0021665  -0.002956  -0.003172   0.000524   0.000528  0.0000092  0.0000086    0.000317    0.000181
1990   3  22  47972  -0.176939   0.434625   0.1643535   0.0023932  -0.002888  -0.002956   0.000341   0.000299  0.0000073  0.0000070    0.000252    0.000132
1990   3  23  47973  -0.175048   0.438859   0.1618274   0.0026481  -0.003240  -0.002720   0.000219   0.000174  0.0000047  0.0000062    0.000172    0.000081
1990   3  24  47974  -0.172710   0.442891   0.1590522   0.0029128  -0.003653  -0.002942   0.000181   0.000149  0.0000051  0.0000057    0.000198    0.000083
1990   3  25  47975  -0.170242   0.446720   0.1560190   0.0031561  -0.003781  -0.003138   0.000202   0.000179  0.0000066  0.0000057    0.000295    0.000101
1990   3  26  47976  -0.168087   0.450448   0.1527808   0.0032908  -0.003701  -0.002801   0.000613   0.000454  0.0000064  0.0000053    0.000296    0.000106
1990   3  27  47977  -0.166188   0.454077   0.1494931   0.0032387  -0.003748  -0.002194   0.000286   0.000160  0.0000041  0.0000053    0.000172    0.000092
1990   3  28  47978  -0.164391   0.457519   0.1463566   0.0029980  -0.004046  -0.001879   0.000154   0.000088  0.0000043  0.0000047    0.000182    0.000092
1990   3  29  47979  -0.162647   0.460622   0.1435290   0.0026524  -0.004361  -0.002125   0.000188   0.000124  0.0000052  0.0000056    0.000239    0.000094
1990   3  30  47980  -0.160819   0.463103   0.1410519   0.0023046  -0.004459  -0.002626   0.000276   0.000252  0.0000070  0.0000066    0.000293    0.000118
1990   3  31  47981  -0.158729   0.465435   0.1388911   0.0020361  -0.004242  -0.003119   0.000376   0.000337  0.0000079  0.0000074    0.000288    0.000153
1990   4   1  47982  -0.156692   0.468235   0.1369357   0.0019110  -0.003815  -0.003506   0.001051   0.000958  0.0000079  0.0000074    0.000288    0.000166
1990   4   2  47983  -0.154806   0.471554   0.1350258   0.0019433  -0.003406  -0.003702   0.000375   0.000367  0.0000068  0.0000076    0.000303    0.000203
1990   4   3  47984  -0.152046   0.474927   0.1330180   0.0020901  -0.003186  -0.003631   0.000234   0.000231  0.0000073  0.0000082    0.000328    0.000215
1990   4   4  47985  -0.148153   0.477941   0.1308308   0.0022805  -0.003124  -0.003336   0.000327   0.000327  0.0000097  0.0000100    0.000444    0.000255
1990   4   5  47986  -0.145480   0.480858   0.1284572   0.0024447  -0.002985  -0.003038   0.000416   0.000411  0.0000127  0.0000113    0.000440    0.000243
1990   4   6  47987  -0.143183   0.483768   0.1259532   0.0025486  -0.002794  -0.002960   0.000560   0.000543  0.0000129  0.0000109    0.000382    0.000220
1990   4   7  47988  -0.140073   0.486738   0.1233797   0.0025972  -0.002707  -0.003030   0.000599   0.000577  0.0000091  0.0000109    0.000700    0.000254
1990   4   8  47989  -0.136229   0.489871   0.1207829   0.0025996  -0.002815  -0.003033   0.000292   0.000287  0.0000089  0.0000090    0.000846    0.000260
1990   4   9  47990  -0.132202   0.493134   0.1182047   0.0025546  -0.003066  -0.002887   0.000334   0.000328  0.0000089  0.0000089    0.000846    0.000260
1990   4  10  47991  -0.128429   0.496199   0.1156939   0.0024584  -0.003310  -0.002770   0.001034   0.000978  0.0000089  0.0000088    0.000663    0.000213
1990   4  11  47992  -0.125202   0.499039   0.1133009   0.0023183  -0.003399  -0.002900   0.000384   0.000360  0.0000088  0.0000088    0.000428    0.000145
1990   4  12  47993  -0.122769   0.502350   0.1110616   0.0021556  -0.003219  -0.003294   0.000264   0.000252  0.0000087  0.0000085    0.000405    0.000145
1990   4  13  47994  -0.120738   0.506137   0.1089851   0.0019990  -0.002740  -0.003749   0.000288   0.000275  0.0000082  0.0000082    0.000355    0.000150
1990   4  14  47995  -0.117987   0.508821   0.1070509   0.0018743  -0.002113  -0.003960   0.000344   0.000235  0.0000077  0.0000078    0.000370    0.000170
1990   4  15  47996  -0.114929   0.511159   0.1052174   0.0017933  -0.001872  -0.003885   0.000407   0.000219  0.0000075  0.0000086    0.000401    0.000188
1990   4  16  47997  -0.112172   0.514014   0.1034410   0.0017640  -0.002128  -0.003818   0.000527   0.000446  0.0000095  0.0000084    0.000403    0.000148
1990   4  17  47998  -0.109608   0.516774   0.1016647   0.0018110  -0.002396  -0.004023   0.000350   0.000376  0.0000094  0.0000086    0.000388    0.000143
1990   4  18  47999  -0.107248   0.518939   0.0997953   0.0019696  -0.002244  -0.004409   0.000227   0.000310  0.0000077  0.0000085    0.000349    0.000157
1990   4  19  48000  -0.105199   0.520753   0.0977059   0.0022288  -0.001931  -0.004377   0.000215   0.000304  0.0000075  0.0000080    0.000327    0.000179
1990   4  20  48001  -0.102012   0.523143   0.0953270   0.0025170  -0.001551  -0.004090   0.000275   0.000267  0.0000083  0.0000082    0.000317    0.000158
1990   4  21  48002  -0.098901   0.525946   0.0926766   0.0027656  -0.001411  -0.003837   0.000470   0.000337  0.0000088  0.0000085    0.000313    0.000142
1990   4  22  48003  -0.097000   0.528693   0.0898212   0.0029276  -0.001480  -0.003633   0.000727   0.000641  0.0000087  0.0000086    0.000362    0.000180
1990   4  23  48004  -0.095734   0.531195   0.0868665   0.0029603  -0.001674  -0.003444   0.000333   0.000252  0.0000084  0.0000081    0.000363    0.000175
1990   4  24  48005  -0.094114   0.533423   0.0839549   0.0028329  -0.002129  -0.003364   0.000262   0.000154  0.0000076  0.0000081    0.000336    0.000140
1990   4  25  48006  -0.092039   0.535095   0.0812458   0.0025539  -0.003007  -0.003324   0.000336   0.000196  0.0000078  0.0000084    0.000353    0.000134
1990   4  26  48007  -0.089657   0.536407   0.0788656   0.0021930  -0.003962  -0.003449   0.000347   0.000319  0.0000092  0.0000080    0.000409    0.000128
1990   4  27  48008  -0.087390   0.538190   0.0768448   0.0018642  -0.004432  -0.003875   0.000221   0.000221  0.0000081  0.0000085    0.000323    0.000091
1990   4  28  48009  -0.084880   0.540206   0.0750963   0.0016377  -0.004096  -0.004365   0.000202   0.000230  0.0000078  0.0000080    0.000388    0.000101
1990   4  29  48010  -0.082502   0.542285   0.0735206   0.0015316  -0.003518  -0.004596   0.000206   0.000263  0.0000078  0.0000080    0.000521    0.000125
1990   4  30  48011  -0.080466   0.544080   0.0719945   0.0015573  -0.003148  -0.004545   0.000508   0.000596  0.0000083  0.0000108    0.000552    0.000134
1990   5   1  48012  -0.078390   0.545340   0.0703873   0.0016911  -0.003049  -0.004344   0.000918   0.000877  0.0000138  0.0000096    0.000486    0.000153
1990   5   2  48013  -0.075847   0.546480   0.0686132   0.0018713  -0.003102  -0.004162   0.000392   0.000509  0.0000110  0.0000108    0.000398    0.000143
1990   5   3  48014  -0.072855   0.548600   0.0666587   0.0020289  -0.003084  -0.004144   0.000227   0.000314  0.0000079  0.0000104    0.000294    0.000127
1990   5   4  48015  -0.069692   0.549680   0.0645754   0.0021312  -0.003047  -0.004084   0.000284   0.000369  0.0000098  0.0000128    0.000374    0.000157
1990   5   5  48016  -0.065954   0.550379   0.0624177   0.0021723  -0.002735  -0.004045   0.000566   0.000506  0.0000178  0.0000099    0.000743    0.000229
1990   5   6  48017  -0.061447   0.552075   0.0602512   0.0021378  -0.002213  -0.004038   0.000375   0.000136  0.0000100  0.0000135    0.000398    0.000162
1990   5   7  48018  -0.056516   0.554398   0.0581600   0.0020254  -0.001899  -0.003979   0.000341   0.000132  0.0000091  0.0000091    0.000364    0.000151
1990   5   8  48019  -0.051559   0.556398   0.0562133   0.0018659  -0.001996  -0.003946   0.000307   0.000186  0.0000082  0.0000076    0.000356    0.000147
1990   5   9  48020  -0.046542   0.557790   0.0544337   0.0017042  -0.002192  -0.004112   0.000275   0.000282  0.0000061  0.0000072    0.000301    0.000136
1990   5  10  48021  -0.042652   0.559639   0.0528020   0.0015690  -0.002289  -0.004515   0.000363   0.000404  0.0000063  0.0000141    0.000322    0.000152
1990   5  11  48022  -0.039200   0.562027   0.0512851   0.0014693  -0.002203  -0.004893   0.000911   0.000972  0.0000222  0.0000105    0.001041    0.000436
1990   5  12  48023  -0.035308   0.563330   0.0498463   0.0014124  -0.001985  -0.004977   0.000420   0.000488  0.0000147  0.0000152    0.000551    0.000394
1990   5  13  48024  -0.031171   0.563650   0.0484389   0.0014159  -0.001963  -0.004792   0.000233   0.000276  0.0000082  0.0000113    0.000310    0.000238
1990   5  14  48025  -0.027176   0.564293   0.0469915   0.0015081  -0.002422  -0.004552   0.000225   0.000250  0.0000079  0.0000081    0.000290    0.000130
1990   5  15  48026  -0.022763   0.565532   0.0454010   0.0016922  -0.003224  -0.004480   0.000225   0.000228  0.0000081  0.0000087    0.000280    0.000087
1990   5  16  48027  -0.017552   0.566680   0.0435895   0.0019105  -0.003810  -0.004580   0.000252   0.000270  0.0000094  0.0000089    0.000349    0.000110
1990   5  17  48028  -0.012857   0.567448   0.0415694   0.0021208  -0.003507  -0.004491   0.000277   0.000276  0.0000096  0.0000086    0.000397    0.000145
1990   5  18  48029  -0.009088   0.568061   0.0393479   0.0023329  -0.002506  -0.004257   0.000290   0.000216  0.0000079  0.0000087    0.000336    0.000168
1990   5  19  48030  -0.005313   0.568875   0.0369185   0.0025281  -0.001604  -0.004171   0.000291   0.000213  0.0000078  0.0000076    0.000332    0.000169
1990   5  20  48031  -0.000960   0.569912   0.0343233   0.0026487  -0.001380  -0.004205   0.000248   0.000188  0.0000074  0.0000069    0.000302    0.000151
1990   5  21  48032   0.003657   0.570854   0.0316653   0.0026432  -0.002014  -0.004150   0.000158   0.000128  0.0000061  0.0000068    0.000220    0.000106
1990   5  22  48033   0.007872   0.571413   0.0290825   0.0024960  -0.003289  -0.003998   0.000163   0.000136  0.0000061  0.0000061    0.000223    0.000108
1990   5  23  48034   0.011434   0.571650   0.0267041   0.0022401  -0.004517  -0.003963   0.000175   0.000164  0.0000061  0.0000055    0.000233    0.000117
1990   5  24  48035   0.014941   0.572014   0.0246049   0.0019437  -0.004741  -0.004169   0.000157   0.000147  0.0000049  0.0000051    0.000228    0.000118
1990   5  25  48036   0.018639   0.572366   0.0227885   0.0016843  -0.004428  -0.004343   0.000143   0.000134  0.0000041  0.0000044    0.000220    0.000097
1990   5  26  48037   0.022519   0.572592   0.0211886   0.0015357  -0.004003  -0.004275   0.000141   0.000136  0.0000039  0.0000051    0.000219    0.000086
1990   5  27  48038   0.026343   0.572837   0.0196695   0.0015418  -0.003634  -0.004109   0.000187   0.000208  0.0000062  0.0000062    0.000276    0.000138
1990   5  28  48039   0.029837   0.573224   0.0180750   0.0016810  -0.003529  -0.004052   0.000213   0.000267  0.0000084  0.0000076    0.000304    0.000197
1990   5  29  48040   0.033114   0.573737   0.0163022   0.0018724  -0.003781  -0.004079   0.000239   0.000297  0.0000091  0.0000104    0.000330    0.000201
1990   5  30  48041   0.036678   0.574163   0.0143451   0.0020280  -0.004321  -0.004042   0.000454   0.000516  0.0000123  0.0000108    0.000460    0.000210
1990   5  31  48042   0.040824   0.574284   0.0122709   0.0021043  -0.004811  -0.003943   0.000703   0.000727  0.0000125  0.0000100    0.000470    0.000211
1990   6   1  48043   0.045023   0.574101   0.0101616   0.0021044  -0.004876  -0.003923   0.000509   0.000480  0.0000076  0.0000098    0.000291    0.000224
1990   6   2  48044   0.048685   0.574015   0.0080832   0.0020451  -0.004482  -0.004016   0.000323   0.000313  0.0000071  0.0000074    0.000272    0.000227
1990   6   3  48045   0.051939   0.574514   0.0060877   0.0019327  -0.004022  -0.004115   0.000420   0.000408  0.0000071  0.0000084    0.000273    0.000226
1990   6   4  48046   0.055599   0.575619   0.0042289   0.0017683  -0.003863  -0.004174   0.000507   0.000515  0.0000097  0.0000090    0.000406    0.000173
1990   6   5  48047   0.059882   0.575914   0.0025563   0.0015683  -0.004013  -0.004311   0.000463   0.000481  0.0000108  0.0000096    0.000473    0.000165
1990   6   6  48048   0.064269   0.574693   0.0010902   0.0013736  -0.004245  -0.004632   0.000546   0.000586  0.0000095  0.0000092    0.000424    0.000159
1990   6   7  48049   0.068045   0.573653  -0.0002005   0.0012271  -0.004474  -0.004970   0.000384   0.000454  0.0000076  0.0000092    0.000347    0.000147
1990   6   8  48050   0.071422   0.572985  -0.0013803   0.0011457  -0.004754  -0.005022   0.000489   0.000580  0.0000088  0.0000144    0.000404    0.000174
1990   6   9  48051   0.074784   0.572389  -0.0025128   0.0011290  -0.005026  -0.004801   0.000976   0.001116  0.0000213  0.0000170    0.000930    0.000461
1990   6  10  48052   0.078638   0.571139  -0.0036613   0.0011859  -0.005150  -0.004588   0.000904   0.001018  0.0000252  0.0000186    0.001077    0.000592
1990   6  11  48053   0.082570   0.569722  -0.0049067   0.0013218  -0.005049  -0.004497   0.000479   0.000520  0.0000159  0.0000169    0.000967    0.000297
1990   6  12  48054   0.087157   0.569310  -0.0063227   0.0015146  -0.005026  -0.004397   0.000266   0.000287  0.0000085  0.0000125    0.000570    0.000159
1990   6  13  48055   0.092012   0.569023  -0.0079460   0.0017213  -0.005419  -0.004098   0.000296   0.000309  0.0000090  0.0000101    0.000429    0.000174
1990   6  14  48056   0.096532   0.568412  -0.0097648   0.0019030  -0.005601  -0.003718   0.000492   0.000480  0.0000116  0.0000101    0.000394    0.000239
1990   6  15  48057   0.100507   0.567683  -0.0117391   0.0020383  -0.005255  -0.003524   0.001580   0.001564  0.0000112  0.0000092    0.000388    0.000222
1990   6  16  48058   0.104070   0.567032  -0.0138162   0.0021123  -0.004884  -0.003661   0.000460   0.000554  0.0000068  0.0000090    0.000374    0.000114
1990   6  17  48059   0.107731   0.566555  -0.0159287   0.0021077  -0.005130  -0.004014   0.000306   0.000370  0.0000068  0.0000074    0.000376    0.000115
1990   6  18  48060   0.111768   0.566083  -0.0179929   0.0020132  -0.006168  -0.004286   0.000458   0.000553  0.0000080  0.0000135    0.000434    0.000137
1990   6  19  48061   0.115679   0.565308  -0.0199232   0.0018379  -0.007282  -0.004251   0.000721   0.000878  0.0000201  0.0000160    0.000815    0.000402
1990   6  20  48062   0.119190   0.563929  -0.0216556   0.0016141  -0.007585  -0.003986   0.000562   0.000747  0.0000241  0.0000185    0.000932    0.000728
1990   6  21  48063   0.122714   0.562250  -0.0231649   0.0013944  -0.007112  -0.003850   0.000427   0.000528  0.0000169  0.0000166    0.000623    0.000375
1990   6  22  48064   0.127153   0.560009  -0.0244821   0.0012402  -0.006457  -0.003971   0.000303   0.000237  0.0000091  0.0000122    0.000373    0.000151
1990   6  23  48065   0.130349   0.558513  -0.0256941   0.0012093  -0.006496  -0.004270   0.000265   0.000128  0.0000076  0.0000082    0.000316    0.000096
1990   6  24  48066   0.132966   0.557502  -0.0269416   0.0013168  -0.006731  -0.004357   0.000350   0.000151  0.0000074  0.0000075    0.000307    0.000084
1990   6  25  48067   0.136493   0.555879  -0.0283463   0.0015069  -0.006537  -0.004146   0.000365   0.000217  0.0000073  0.0000073    0.000248    0.000105
1990   6  26  48068   0.140583   0.553485  -0.0299482   0.0016889  -0.006176  -0.003873   0.000240   0.000167  0.0000073  0.0000072    0.000245    0.000115
1990   6  27  48069   0.144426   0.550853  -0.0316985   0.0017897  -0.006298  -0.003724   0.000248   0.000189  0.0000071  0.0000071    0.000272    0.000118
1990   6  28  48070   0.148241   0.548525  -0.0334959   0.0017958  -0.007019  -0.003666   0.000220   0.000129  0.0000068  0.0000071    0.000250    0.000090
1990   6  29  48071   0.151787   0.546867  -0.0352623   0.0017441  -0.007923  -0.003695   0.000221   0.000089  0.0000070  0.0000082    0.000216    0.000071
1990   6  30  48072   0.155102   0.545705  -0.0369645   0.0016663  -0.008519  -0.003777   0.000325   0.000140  0.0000096  0.0000092    0.000312    0.000111
1990   7   1  48073   0.159762   0.543960  -0.0385830   0.0015575  -0.008681  -0.003752   0.000371   0.000372  0.0000114  0.0000092    0.000438    0.000229
1990   7   2  48074   0.165168   0.542128  -0.0400741   0.0013997  -0.008640  -0.003668   0.000251   0.000316  0.0000088  0.0000105    0.000379    0.000163
1990   7   3  48075   0.169801   0.540552  -0.0413840   0.0012129  -0.008405  -0.003792   0.000297   0.000357  0.0000096  0.0000103    0.000395    0.000187
1990   7   4  48076   0.174306   0.538655  -0.0425086   0.0010538  -0.008684  -0.003898   0.000439   0.000512  0.0000119  0.0000122    0.000438    0.000290
1990   7   5  48077   0.179030   0.536481  -0.0435072   0.0009642  -0.009442  -0.003867   0.000184   0.000315  0.0000148  0.0000122    0.000596    0.000225
1990   7   6  48078   0.183028   0.534683  -0.0444578   0.0009363  -0.009843  -0.003834   0.000171   0.000278  0.0000125  0.0000117    0.000527    0.000208
1990   7   7  48079   0.185743   0.533374  -0.0454034   0.0009286  -0.009539  -0.003872   0.000179   0.000242  0.0000086  0.0000100    0.000361    0.000198
1990   7   8  48080   0.188312   0.531498  -0.0463385   0.0009397  -0.009654  -0.003784   0.000201   0.000245  0.0000075  0.0000091    0.000314    0.000193
1990   7   9  48081   0.191516   0.528556  -0.0473031   0.0010212  -0.010235  -0.003613   0.000553   0.000767  0.0000096  0.0000092    0.000349    0.000178
1990   7  10  48082   0.195068   0.525205  -0.0483935   0.0011948  -0.010351  -0.003554   0.000466   0.000748  0.0000108  0.0000108    0.000374    0.000185
1990   7  11  48083   0.198318   0.522321  -0.0496937   0.0014146  -0.009590  -0.003640   0.000335   0.000402  0.0000120  0.0000102    0.000411    0.000207
1990   7  12  48084   0.202495   0.520394  -0.0512097   0.0015959  -0.009450  -0.003601   0.000257   0.000254  0.0000095  0.0000113    0.000406    0.000186
1990   7  13  48085   0.206131   0.518706  -0.0528594   0.0016788  -0.009964  -0.003508   0.000328   0.000329  0.0000106  0.0000132    0.000471    0.000247
1990   7  14  48086   0.209437   0.515862  -0.0545328   0.0016564  -0.009901  -0.003507   0.000749   0.000840  0.0000169  0.0000169    0.000774    0.000488
1990   7  15  48087   0.212526   0.512718  -0.0561366   0.0015432  -0.009198  -0.003621   0.001381   0.001511  0.0000231  0.0000135    0.001313    0.000544
1990   7  16  48088   0.215527   0.510393  -0.0575904   0.0013523  -0.008790  -0.003733   0.000534   0.000504  0.0000101  0.0000161    0.000469    0.000191
1990   7  17  48089   0.218901   0.508335  -0.0588270   0.0011071  -0.009501  -0.003718   0.000335   0.000316  0.0000091  0.0000102    0.000419    0.000167
1990   7  18  48090   0.222620   0.505730  -0.0598107   0.0008520  -0.011177  -0.003627   0.000355   0.000362  0.0000103  0.0000105    0.000485    0.000174
1990   7  19  48091   0.225958   0.503222  -0.0605582   0.0006638  -0.011931  -0.003824   0.000359   0.000313  0.0000119  0.0000112    0.000459    0.000173
1990   7  20  48092   0.228816   0.500959  -0.0611803   0.0006203  -0.011471  -0.004066   0.000337   0.000217  0.0000120  0.0000110    0.000370    0.000151
1990   7  21  48093   0.231729   0.498318  -0.0618422   0.0007289  -0.011085  -0.003854   0.000336   0.000202  0.0000102  0.0000113    0.000436    0.000133
1990   7  22  48094   0.234698   0.495700  -0.0626680   0.0009496  -0.010576  -0.003683   0.000304   0.000254  0.0000105  0.0000114    0.000477    0.000162
1990   7  23  48095   0.237229   0.492068  -0.0637477   0.0012140  -0.010188  -0.003619   0.000330   0.000361  0.0000126  0.0000139    0.000511    0.000203
1990   7  24  48096   0.239925   0.488382  -0.0650785   0.0014246  -0.010203  -0.003561   0.000519   0.000464  0.0000173  0.0000167    0.000576    0.000199
1990   7  25  48097   0.243490   0.486093  -0.0665646   0.0015198  -0.010742  -0.003485   0.000696   0.000600  0.0000209  0.0000162    0.000531    0.000230
1990   7  26  48098   0.246821   0.483587  -0.0680832   0.0015108  -0.011905  -0.003428   0.000538   0.000618  0.0000151  0.0000154    0.000590    0.000223
1990   7  27  48099   0.249771   0.479740  -0.0695584   0.0014569  -0.013310  -0.003493   0.000384   0.000470  0.0000099  0.0000133    0.000525    0.000152
1990   7  28  48100   0.252599   0.476435  -0.0709795   0.0013906  -0.013699  -0.003543   0.000381   0.000444  0.0000115  0.0000133    0.000632    0.000176
1990   7  29  48101   0.255047   0.473384  -0.0723318   0.0013054  -0.013301  -0.003543   0.000537   0.000560  0.0000167  0.0000114    0.000931    0.000259
1990   7  30  48102   0.257065   0.469851  -0.0735907   0.0011962  -0.012935  -0.003472   0.000751   0.000738  0.0000112  0.0000137    0.000444    0.000206
1990   7  31  48103   0.259279   0.466332  -0.0747317   0.0010656  -0.012894  -0.003301   0.000528   0.000529  0.0000106  0.0000113    0.000430    0.000181
1990   8   1  48104   0.261789   0.462351  -0.0757365   0.0009299  -0.013048  -0.003111   0.000395   0.000382  0.0000114  0.0000122    0.000577    0.000158
1990   8   2  48105   0.263432   0.458578  -0.0766120   0.0008330  -0.013128  -0.003055   0.000467   0.000474  0.0000138  0.0000142    0.000934    0.000213
1990   8   3  48106   0.264775   0.454858  -0.0774265   0.0008228  -0.013107  -0.003182   0.000656   0.000770  0.0000171  0.0000166    0.001014    0.000310
1990   8   4  48107   0.266807   0.451919  -0.0782823   0.0009070  -0.013000  -0.003491   0.000682   0.000762  0.0000193  0.0000188    0.000861    0.000318
1990   8   5  48108   0.269544   0.448785  -0.0792629   0.0010658  -0.013023  -0.003759   0.000794   0.000839  0.0000204  0.0000191    0.000806    0.000360
1990   8   6  48109   0.272037   0.445632  -0.0804305   0.0012830  -0.013276  -0.003806   0.000966   0.000975  0.0000189  0.0000161    0.000724    0.000331
1990   8   7  48110   0.274202   0.442309  -0.0818350   0.0015385  -0.013607  -0.003644   0.000403   0.000439  0.0000119  0.0000159    0.000441    0.000188
1990   8   8  48111   0.276492   0.438388  -0.0834984   0.0017902  -0.013873  -0.003355   0.000424   0.000453  0.0000128  0.0000156    0.000470    0.000199
1990   8   9  48112   0.278968   0.434204  -0.0853897   0.0019760  -0.014038  -0.003059   0.000648   0.000599  0.0000192  0.0000187    0.000681    0.000283
1990   8  10  48113   0.280605   0.431193  -0.0874126   0.0020458  -0.014190  -0.002845   0.000817   0.000715  0.0000245  0.0000164    0.001176    0.000427
1990   8  11  48114   0.282033   0.428751  -0.0894409   0.0019899  -0.014645  -0.002889   0.000428   0.000420  0.0000135  0.0000181    0.000731    0.000253
1990   8  12  48115   0.283428   0.425048  -0.0913604   0.0018389  -0.015549  -0.003304   0.000425   0.000456  0.0000118  0.0000126    0.000609    0.000239
1990   8  13  48116   0.284945   0.422522  -0.0931034   0.0016363  -0.016244  -0.003639   0.000520   0.000539  0.0000118  0.0000116    0.000609    0.000251
1990   8  14  48117   0.286591   0.420752  -0.0946382   0.0014240  -0.016036  -0.003689   0.000577   0.000423  0.0000114  0.0000118    0.000616    0.000215
1990   8  15  48118   0.287911   0.416843  -0.0959753   0.0012602  -0.014953  -0.003676   0.000567   0.000455  0.0000118  0.0000104    0.000603    0.000203
1990   8  16  48119   0.288741   0.413296  -0.0971952   0.0012041  -0.013924  -0.003644   0.000442   0.000315  0.0000093  0.0000105    0.000539    0.000144
1990   8  17  48120   0.290370   0.410739  -0.0984237   0.0012783  -0.014377  -0.003448   0.000417   0.000307  0.0000092  0.0000098    0.000529    0.000122
1990   8  18  48121   0.292280   0.407962  -0.0997847   0.0014622  -0.015663  -0.003235   0.000436   0.000349  0.0000102  0.0000075    0.000544    0.000119
1990   8  19  48122   0.293846   0.404476  -0.1013640   0.0017024  -0.016447  -0.003146   0.000544   0.000472  0.0000058  0.0000061    0.000460    0.000115
1990   8  20  48123   0.295620   0.400540  -0.1031838   0.0019316  -0.016195  -0.003150   0.000313   0.000290  0.0000020  0.0000039    0.000229    0.000094
1990   8  21  48124   0.297998   0.396712  -0.1052025   0.0020958  -0.015180  -0.003170   0.000188   0.000174  0.0000020  0.0000022    0.000230    0.000094
1990   8  22  48125   0.300184   0.393111  -0.1073406   0.0021699  -0.014219  -0.003155   0.000171   0.000158  0.0000023  0.0000047    0.000257    0.000103
1990   8  23  48126   0.301639   0.389685  -0.1095085   0.0021528  -0.013982  -0.003148   0.000360   0.000308  0.0000075  0.0000073    0.000436    0.000149
1990   8  24  48127   0.302740   0.386432  -0.1116210   0.0020544  -0.014559  -0.003225   0.000421   0.000349  0.0000122  0.0000095    0.000468    0.000155
1990   8  25  48128   0.303807   0.383154  -0.1136038   0.0018932  -0.015503  -0.003382   0.000562   0.000411  0.0000115  0.0000118    0.000553    0.000188
1990   8  26  48129   0.304791   0.379561  -0.1154045   0.0016979  -0.016184  -0.003555   0.000616   0.000429  0.0000113  0.0000114    0.000579    0.000198
1990   8  27  48130   0.305475   0.375593  -0.1170054   0.0015029  -0.016235  -0.003676   0.000613   0.000427  0.0000113  0.0000115    0.000579    0.000198
1990   8  28  48131   0.305761   0.371626  -0.1184236   0.0013373  -0.015777  -0.003707   0.000476   0.000328  0.0000116  0.0000115    0.000559    0.000177
1990   8  29  48132   0.305737   0.368094  -0.1196995   0.0012184  -0.015207  -0.003627   0.000454   0.000313  0.0000117  0.0000114    0.000554    0.000173
1990   8  30  48133   0.305623   0.364921  -0.1208840   0.0011565  -0.014808  -0.003421   0.000387   0.000317  0.0000111  0.0000108    0.000538    0.000167
1990   8  31  48134   0.305720   0.361350  -0.1220376   0.0011648  -0.014498  -0.003141   0.000348   0.000368  0.0000099  0.0000105    0.000501    0.000155
1990   9   1  48135   0.306214   0.356995  -0.1232376   0.0012612  -0.014042  -0.002909   0.000442   0.000465  0.0000098  0.0000099    0.000499    0.000154
1990   9   2  48136   0.306943   0.352823  -0.1245798   0.0014559  -0.013450  -0.002809   0.000642   0.000649  0.0000098  0.0000091    0.000499    0.000154
1990   9   3  48137   0.307898   0.349297  -0.1261612   0.0017323  -0.013013  -0.002823   0.001499   0.002510  0.0000084  0.0000091    0.000516    0.000232
1990   9   4  48138   0.309117   0.346117  -0.1280432   0.0020364  -0.013096  -0.002825   0.000912   0.001123  0.0000084  0.0000088    0.000523    0.000248
1990   9   5  48139   0.310548   0.342721  -0.1302152   0.0022878  -0.013896  -0.002691   0.000538   0.000602  0.0000091  0.0000108    0.000560    0.000270
1990   9   6  48140   0.311953   0.339028  -0.1325827   0.0024113  -0.015232  -0.002457   0.000627   0.000689  0.0000131  0.0000125    0.000702    0.000352
1990   9   7  48141   0.312071   0.335325  -0.1349922   0.0023739  -0.016329  -0.002404   0.000520   0.000589  0.0000158  0.0000128    0.000626    0.000248
1990   9   8  48142   0.311984   0.331500  -0.1372889   0.0021989  -0.017025  -0.002688   0.000423   0.000336  0.0000124  0.0000130    0.000426    0.000163
1990   9   9  48143   0.312750   0.326963  -0.1393660   0.0019426  -0.017083  -0.002953   0.000393   0.000227  0.0000101  0.0000109    0.000316    0.000122
1990   9  10  48144   0.313417   0.321927  -0.1411749   0.0016621  -0.016246  -0.002806   0.000353   0.000285  0.0000095  0.0000102    0.000386    0.000131
1990   9  11  48145   0.312738   0.318082  -0.1427139   0.0014281  -0.015697  -0.002874   0.000385   0.000357  0.0000103  0.0000105    0.000561    0.000128
1990   9  12  48146   0.312361   0.314602  -0.1440690   0.0013276  -0.015362  -0.003165   0.000392   0.000376  0.0000115  0.0000111    0.000541    0.000135
1990   9  13  48147   0.312061   0.310131  -0.1454094   0.0013978  -0.015139  -0.003364   0.000451   0.000452  0.0000119  0.0000105    0.000467    0.000149
1990   9  14  48148   0.311658   0.305766  -0.1468975   0.0015968  -0.015167  -0.003383   0.000404   0.000403  0.0000094  0.0000103    0.000513    0.000185
1990   9  15  48149   0.311325   0.301947  -0.1486216   0.0018477  -0.015170  -0.003238   0.000281   0.000286  0.0000087  0.0000090    0.000543    0.000204
1990   9  16  48150   0.310784   0.298223  -0.1505942   0.0020850  -0.014897  -0.002995   0.000279   0.000284  0.0000087  0.0000087    0.000543    0.000204
1990   9  17  48151   0.309926   0.294407  -0.1527759   0.0022647  -0.014423  -0.002698   0.000317   0.000320  0.0000087  0.0000095    0.000543    0.000204
1990   9  18  48152   0.308956   0.290739  -0.1550956   0.0023606  -0.014071  -0.002395   0.002344   0.001024  0.0000103  0.0000096    0.000714    0.000172
1990   9  19  48153   0.308195   0.287383  -0.1574644   0.0023628  -0.014146  -0.002166   0.001012   0.000764  0.0000105  0.0000105    0.000732    0.000171
1990   9  20  48154   0.307745   0.284027  -0.1597920   0.0022806  -0.014715  -0.002087   0.000517   0.000481  0.0000107  0.0000110    0.000700    0.000177
1990   9  21  48155   0.307440   0.279996  -0.1620059   0.0021378  -0.015536  -0.002154   0.000502   0.000476  0.0000115  0.0000114    0.000613    0.000210
1990   9  22  48156   0.307278   0.276788  -0.1640596   0.0019681  -0.016031  -0.002278   0.000669   0.000615  0.0000122  0.0000117    0.000568    0.000249
1990   9  23  48157   0.306415   0.274122  -0.1659447   0.0018065  -0.015897  -0.002369   0.000836   0.000741  0.0000118  0.0000104    0.000535    0.000230
1990   9  24  48158   0.304499   0.270996  -0.1676839   0.0016780  -0.015332  -0.002439   0.000223   0.000229  0.0000086  0.0000103    0.000388    0.000130
1990   9  25  48159   0.302025   0.267019  -0.1693188   0.0015978  -0.014777  -0.002589   0.000226   0.000233  0.0000089  0.0000093    0.000398    0.000133
1990   9  26  48160   0.299840   0.262508  -0.1709024   0.0015751  -0.014551  -0.002861   0.000278   0.000299  0.0000100  0.0000094    0.000445    0.000148
1990   9  27  48161   0.298473   0.258182  -0.1724940   0.0016180  -0.014312  -0.003074   0.000299   0.000281  0.0000100  0.0000091    0.000458    0.000183
1990   9  28  48162   0.297793   0.254279  -0.1741628   0.0017348  -0.013896  -0.003101   0.000232   0.000186  0.0000082  0.0000089    0.000399    0.000329
1990   9  29  48163   0.297283   0.250494  -0.1759848   0.0019248  -0.013600  -0.003010   0.000235   0.000199  0.0000079  0.0000079    0.000350    0.000328
1990   9  30  48164   0.296623   0.246646  -0.1780279   0.0021694  -0.013668  -0.002921   0.000265   0.000282  0.0000075  0.0000077    0.000286    0.000271
1990  10   1  48165   0.295866   0.242855  -0.1803295   0.0024270  -0.014146  -0.002896   0.000378   0.000412  0.0000075  0.0000091    0.000285    0.000267
1990  10   2  48166   0.295205   0.239358  -0.1828735   0.0026430  -0.014778  -0.002852   0.000784   0.000858  0.0000106  0.0000097    0.000446    0.000182
1990  10   3  48167   0.294635   0.236383  -0.1855893   0.0027686  -0.015162  -0.002649   0.000551   0.000570  0.0000118  0.0000097    0.000539    0.000172
1990  10   4  48168   0.293835   0.233888  -0.1883687   0.0027766  -0.015094  -0.002328   0.000577   0.000514  0.0000087  0.0000089    0.000490    0.000174
1990  10   5  48169   0.292414   0.231174  -0.1910950   0.0026621  -0.014748  -0.002201   0.000321   0.000213  0.0000059  0.0000072    0.000382    0.000161
1990  10   6  48170   0.290446   0.227644  -0.1936561   0.0024377  -0.014429  -0.002487   0.000217   0.000114  0.0000058  0.0000063    0.000315    0.000124
1990  10   7  48171   0.287655   0.223997  -0.1959581   0.0021545  -0.014291  -0.002890   0.000224   0.000110  0.0000067  0.0000153    0.000334    0.000128
1990  10   8  48172   0.284561   0.220593  -0.1979820   0.0019018  -0.014345  -0.003008   0.000827   0.000399  0.0000248  0.0000139    0.001120    0.000458
1990  10   9  48173   0.282357   0.216902  -0.1998005   0.0017552  -0.014484  -0.002778   0.000912   0.000872  0.0000211  0.0000171    0.001034    0.000443
1990  10  10  48174   0.281407   0.212741  -0.2015378   0.0017405  -0.014430  -0.002469   0.000414   0.000427  0.0000095  0.0000151    0.000489    0.000211
1990  10  11  48175   0.280845   0.208490  -0.2033188   0.0018341  -0.014024  -0.002377   0.000395   0.000414  0.0000092  0.0000099    0.000453    0.000216
1990  10  12  48176   0.278605   0.204684  -0.2052266   0.0019949  -0.013588  -0.002690   0.000332   0.000438  0.0000102  0.0000097    0.000479    0.000207
1990  10  13  48177   0.275677   0.201374  -0.2073109   0.0021778  -0.013267  -0.002895   0.000283   0.000415  0.0000101  0.0000091    0.000473    0.000180
1990  10  14  48178   0.273401   0.198093  -0.2095695   0.0023270  -0.013039  -0.002622   0.000275   0.000326  0.0000079  0.0000088    0.000351    0.000153
1990  10  15  48179   0.271025   0.194431  -0.2119423   0.0024012  -0.012998  -0.002144   0.000301   0.000333  0.0000074  0.0000080    0.000323    0.000147
1990  10  16  48180   0.267968   0.190583  -0.2143445   0.0023921  -0.013200  -0.001854   0.000423   0.000486  0.0000081  0.0000094    0.000347    0.000157
1990  10  17  48181   0.265522   0.187310  -0.2166996   0.0023160  -0.013528  -0.001830   0.000429   0.000567  0.0000115  0.0000094    0.000454    0.000202
1990  10  18  48182   0.263315   0.184716  -0.2189552   0.0021979  -0.013712  -0.001898   0.000319   0.000316  0.0000107  0.0000100    0.000483    0.000209
1990  10  19  48183   0.260752   0.181793  -0.2210833   0.0020560  -0.013406  -0.001914   0.000259   0.000217  0.0000086  0.0000091    0.000461    0.000192
1990  10  20  48184   0.257937   0.177988  -0.2230656   0.0018975  -0.012670  -0.001878   0.000264   0.000259  0.0000076  0.0000086    0.000346    0.000150
1990  10  21  48185   0.254626   0.174620  -0.2248864   0.0017484  -0.012519  -0.002055   0.000317   0.000339  0.0000085  0.0000139    0.000367    0.000159
1990  10  22  48186   0.251184   0.172122  -0.2265784   0.0016585  -0.012773  -0.002371   0.000545   0.000535  0.0000202  0.0000110    0.000945    0.000328
1990  10  23  48187   0.248448   0.169542  -0.2282245   0.0016562  -0.012472  -0.002545   0.000328   0.000349  0.0000134  0.0000163    0.000642    0.000211
1990  10  24  48188   0.246730   0.166155  -0.2299147   0.0017293  -0.011503  -0.002490   0.000336   0.000354  0.0000123  0.0000106    0.000567    0.000218
1990  10  25  48189   0.245418   0.162684  -0.2317070   0.0018482  -0.010909  -0.002365   0.000247   0.000266  0.0000077  0.0000096    0.000338    0.000159
1990  10  26  48190   0.243778   0.160015  -0.2336322   0.0019986  -0.011608  -0.002325   0.000255   0.000258  0.0000069  0.0000079    0.000265    0.000145
1990  10  27  48191   0.241357   0.157271  -0.2357203   0.0021944  -0.012281  -0.002259   0.000427   0.000412  0.0000081  0.0000096    0.000292    0.000161
1990  10  28  48192   0.239147   0.154027  -0.2380300   0.0024458  -0.012029  -0.002033   0.000451   0.000554  0.0000124  0.0000093    0.000591    0.000163
1990  10  29  48193   0.237975   0.151254  -0.2406108   0.0027087  -0.011454  -0.001728   0.000325   0.000378  0.0000106  0.0000103    0.000531    0.000147
1990  10  30  48194   0.235971   0.149498  -0.2434323   0.0029140  -0.011336  -0.001708   0.000262   0.000277  0.0000082  0.0000108    0.000344    0.000148
1990  10  31  48195   0.233748   0.147520  -0.2464078   0.0030111  -0.011591  -0.001810   0.000340   0.000347  0.0000110  0.0000116    0.000434    0.000224
1990  11   1  48196   0.232091   0.145156  -0.2494116   0.0029682  -0.011856  -0.001803   0.000428   0.000421  0.0000151  0.0000118    0.000500    0.000344
1990  11   2  48197   0.230012   0.142382  -0.2523014   0.0027812  -0.011843  -0.001747   0.000496   0.000487  0.0000127  0.0000117    0.000408    0.000292
1990  11   3  48198   0.227534   0.139842  -0.2549470   0.0024843  -0.011400  -0.001791   0.000608   0.000649  0.0000083  0.0000101    0.000309    0.000166
1990  11   4  48199   0.225317   0.137892  -0.2572713   0.0021571  -0.010675  -0.001895   0.000317   0.000371  0.0000076  0.0000085    0.000289    0.000149
1990  11   5  48200   0.222738   0.135573  -0.2592918   0.0019046  -0.010114  -0.001881   0.000321   0.000378  0.0000086  0.0000127    0.000329    0.000169
1990  11   6  48201   0.218957   0.133145  -0.2611283   0.0018106  -0.010050  -0.001717   0.000510   0.000559  0.0000177  0.0000099    0.000760    0.000384
1990  11   7  48202   0.214116   0.131349  -0.2629592   0.0018942  -0.010332  -0.001570   0.000326   0.000350  0.0000111  0.0000125    0.000497    0.000249
1990  11   8  48203   0.209926   0.129238  -0.2649452   0.0021018  -0.010583  -0.001527   0.000263   0.000271  0.0000073  0.0000082    0.000338    0.000181
1990  11   9  48204   0.207105   0.126444  -0.2671678   0.0023414  -0.010587  -0.001480   0.000251   0.000236  0.0000052  0.0000068    0.000248    0.000145
1990  11  10  48205   0.204796   0.123794  -0.2696136   0.0025308  -0.010428  -0.001326   0.000301   0.000284  0.0000062  0.0000156    0.000295    0.000172
1990  11  11  48206   0.202193   0.121708  -0.2722046   0.0026284  -0.010284  -0.001145   0.001136   0.001256  0.0000260  0.0000441    0.001225    0.000563
1990  11  12  48207   0.199198   0.119830  -0.2748437   0.0026334  -0.010195  -0.001065   0.001520   0.002785  0.0000820  0.0000197    0.002161    0.000711
1990  11  13  48208   0.196169   0.117610  -0.2774473   0.0025632  -0.010118  -0.001022   0.000498   0.000494  0.0000133  0.0000449    0.000448    0.000219
1990  11  14  48209   0.193415   0.115203  -0.2799510   0.0024340  -0.010085  -0.000913   0.000221   0.000212  0.0000077  0.0000117    0.000261    0.000130
1990  11  15  48210   0.190525   0.113106  -0.2823030   0.0022569  -0.010144  -0.000770   0.000271   0.000259  0.0000101  0.0000113    0.000338    0.000169
1990  11  16  48211   0.187419   0.110871  -0.2844609   0.0020516  -0.010262  -0.000761   0.000453   0.000408  0.0000148  0.0000095    0.000479    0.000241
1990  11  17  48212   0.184239   0.108424  -0.2864114   0.0018546  -0.010404  -0.000969   0.000488   0.000277  0.0000090  0.0000115    0.000323    0.000189
1990  11  18  48213   0.180998   0.106361  -0.2881835   0.0017072  -0.010458  -0.001252   0.000313   0.000192  0.0000081  0.0000083    0.000301    0.000184
1990  11  19  48214   0.177576   0.104988  -0.2898450   0.0016401  -0.010166  -0.001369   0.000233   0.000200  0.0000077  0.0000082    0.000297    0.000204
1990  11  20  48215   0.174306   0.103511  -0.2914863   0.0016593  -0.009137  -0.001229   0.000239   0.000287  0.0000083  0.0000105    0.000330    0.000232
1990  11  21  48216   0.171366   0.101572  -0.2931864   0.0017478  -0.007880  -0.000948   0.000395   0.000647  0.0000133  0.0000110    0.000597    0.000281
1990  11  22  48217   0.168532   0.099663  -0.2950023   0.0018880  -0.007384  -0.000702   0.000414   0.000700  0.0000138  0.0000101    0.000635    0.000281
1990  11  23  48218   0.165574   0.098205  -0.2969782   0.0020696  -0.007910  -0.000581   0.000229   0.000242  0.0000070  0.0000101    0.000324    0.000157
1990  11  24  48219   0.162439   0.097146  -0.2991504   0.0022799  -0.008895  -0.000580   0.000213   0.000222  0.0000065  0.0000067    0.000300    0.000146
1990  11  25  48220   0.159196   0.096152  -0.3015386   0.0024939  -0.009595  -0.000686   0.000210   0.000216  0.0000065  0.0000063    0.000296    0.000145
1990  11  26  48221   0.155848   0.094932  -0.3041287   0.0026750  -0.009735  -0.000828   0.000158   0.000128  0.0000061  0.0000066    0.000208    0.000123
1990  11  27  48222   0.152269   0.093463  -0.3068671   0.0027883  -0.009523  -0.000851   0.000169   0.000135  0.0000067  0.0000080    0.000222    0.000133
1990  11  28  48223   0.148346   0.092018  -0.3096724   0.0028120  -0.009332  -0.000629   0.000275   0.000222  0.0000100  0.0000077    0.000362    0.000201
1990  11  29  48224   0.144119   0.090942  -0.3124526   0.0027356  -0.009434  -0.000392   0.000320   0.000315  0.0000087  0.0000083    0.000406    0.000182
1990  11  30  48225   0.139587   0.089708  -0.3151109   0.0025636  -0.009802  -0.000448   0.000219   0.000251  0.0000067  0.0000075    0.000239    0.000133
1990  12   1  48226   0.135171   0.088232  -0.3175667   0.0023374  -0.009803  -0.000738   0.000193   0.000234  0.0000063  0.0000064    0.000201    0.000121
1990  12   2  48227   0.131418   0.086968  -0.3198010   0.0021367  -0.009021  -0.000921   0.000309   0.000371  0.0000061  0.0000056    0.000204    0.000121
1990  12   3  48228   0.128466   0.086191  -0.3218805   0.0020397  -0.007896  -0.000679   0.000579   0.000507  0.0000048  0.0000055    0.000478    0.000147
1990  12   4  48229   0.125843   0.085632  -0.3239308   0.0020756  -0.007283  -0.000110   0.000367   0.000320  0.0000048  0.0000052    0.000484    0.000148
1990  12   5  48230   0.122676   0.084508  -0.3260719   0.0022059  -0.007495   0.000262   0.000339   0.000294  0.0000056  0.0000103    0.000535    0.000169
1990  12   6  48231   0.118698   0.082840  -0.3283582   0.0023571  -0.007934   0.000108   0.000637   0.000714  0.0000157  0.0000133    0.000832    0.000379
1990  12   7  48232   0.114548   0.081513  -0.3307751   0.0024751  -0.007953  -0.000319   0.000850   0.001061  0.0000210  0.0000123    0.000858    0.000434
1990  12   8  48233   0.111041   0.080951  -0.3332796   0.0025396  -0.007662  -0.000547   0.000519   0.000549  0.0000090  0.0000146    0.000426    0.000191
1990  12   9  48234   0.108148   0.080718  -0.3358208   0.0025405  -0.007535  -0.000420   0.000258   0.000266  0.0000082  0.0000082    0.000394    0.000175
1990  12  10  48235   0.104824   0.080099  -0.3383322   0.0024612  -0.007765  -0.000165   0.000217   0.000222  0.0000075  0.0000074    0.000392    0.000176
1990  12  11  48236   0.101297   0.078776  -0.3407236   0.0022909  -0.008191  -0.000051   0.000214   0.000218  0.0000065  0.0000078    0.000380    0.000183
1990  12  12  48237   0.098315   0.077211  -0.3429030   0.0020482  -0.008604  -0.000097   0.000266   0.000276  0.0000081  0.0000080    0.000359    0.000214
1990  12  13  48238   0.094939   0.076500  -0.3448166   0.0017933  -0.008871  -0.000038   0.000294   0.000300  0.0000096  0.0000079    0.000352    0.000212
1990  12  14  48239   0.090725   0.076034  -0.3464937   0.0015977  -0.008724   0.000164   0.000225   0.000217  0.0000076  0.0000087    0.000330    0.000159
1990  12  15  48240   0.086589   0.074458  -0.3480238   0.0014876  -0.008033   0.000301   0.000225   0.000228  0.0000078  0.0000078    0.000246    0.000165
1990  12  16  48241   0.083364   0.072748  -0.3494870   0.0014357  -0.007452   0.000329   0.000229   0.000238  0.0000081  0.0000097    0.000216    0.000171
1990  12  17  48242   0.080697   0.071834  -0.3509172   0.0014117  -0.007350   0.000264   0.000361   0.000161  0.0000115  0.0000090    0.000343    0.000135
1990  12  18  48243   0.077615   0.071257  -0.3523331   0.0014277  -0.007482   0.000082   0.000366   0.000158  0.0000100  0.0000090    0.000371    0.000125
1990  12  19  48244   0.073891   0.070405  -0.3537933   0.0015314  -0.007548  -0.000207   0.000260   0.000186  0.0000065  0.0000082    0.000268    0.000115
1990  12  20  48245   0.070751   0.069661  -0.3554118   0.0017321  -0.007644  -0.000324   0.000340   0.000314  0.0000064  0.0000150    0.000271    0.000125
1990  12  21  48246   0.068248   0.069293  -0.3572663   0.0019734  -0.007840  -0.000267   0.001176   0.001081  0.0000235  0.0000237    0.000906    0.000363
1990  12  22  48247   0.064898   0.069227  -0.3593586   0.0021928  -0.007970  -0.000239   0.000958   0.001199  0.0000410  0.0000216    0.001170    0.000301
1990  12  23  48248   0.060207   0.069333  -0.3616424   0.0023584  -0.007826  -0.000276   0.000407   0.000651  0.0000197  0.0000301    0.000594    0.000140
1990  12  24  48249   0.055281   0.069404  -0.3640564   0.0024619  -0.007383  -0.000313   0.000522   0.000838  0.0000191  0.0000188    0.000578    0.000136
1990  12  25  48250   0.051236   0.069350  -0.3665392   0.0024995  -0.006883  -0.000305   0.001046   0.001440  0.0000180  0.0000142    0.000567    0.000138
1990  12  26  48251   0.047946   0.069333  -0.3690238   0.0024614  -0.006673  -0.000197   0.000439   0.000240  0.0000094  0.0000139    0.000416    0.000211
1990  12  27  48252   0.044344   0.069615  -0.3714325   0.0023423  -0.006984   0.000030   0.000361   0.000198  0.0000099  0.0000106    0.000438    0.000226
1990  12  28  48253   0.039780   0.070181  -0.3736905   0.0021596  -0.007735   0.000206   0.000397   0.000265  0.0000119  0.0000095    0.000531    0.000292
1990  12  29  48254   0.034862   0.070528  -0.3757549   0.0019626  -0.008419   0.000131   0.000271   0.000259  0.0000092  0.0000097    0.000431    0.000265
1990  12  30  48255   0.030112   0.070419  -0.3776436   0.0018229  -0.008334  -0.000162   0.000217   0.000213  0.0000074  0.0000081    0.000353    0.000217
1990  12  31  48256   0.025545   0.070119  -0.3794463   0.0018047  -0.007422  -0.000351   0.000208   0.000204  0.0000070  0.0000071    0.000335    0.000206
