

                   INTERNATIONAL EARTH ROTATION AND REFERENCE SYSTEMS SERVICE
                        EARTH ORIENTATION PARAMETERS
                          EOP (IERS) 08 C04

  
             FORMAT(3(I4),I7,2(F11.6),2(F12.7),2(F11.6),2(F11.6),2(F11.7),2F12.6)
**********************************************************************************
  
      Date      MJD      x          y        UT1-UTC       LOD         dPsi      dEps       x Err     y Err   UT1-UTC Err  LOD Err    dPsi Err   dEpsilon Err
                         "          "           s           s            "         "        "          "          s           s            "         "
     (0h UTC)

1996   1   1  50083  -0.176546   0.192471   0.5553455   0.0019329  -0.029599  -0.004782   0.000891   0.001159  0.0000015  0.0000104    0.000516    0.000205
1996   1   2  50084  -0.177034   0.194573   0.5534949   0.0017638  -0.029532  -0.004734   0.000716   0.000670  0.0000016  0.0000098    0.000540    0.000214
1996   1   3  50085  -0.178624   0.197570   0.5517970   0.0016473  -0.029421  -0.004675   0.000365   0.000175  0.0000017  0.0000092    0.000564    0.000223
1996   1   4  50086  -0.178984   0.200715   0.5502036   0.0015653  -0.029211  -0.004690   0.000197   0.000163  0.0000017  0.0000092    0.000563    0.000220
1996   1   5  50087  -0.180632   0.203748   0.5486539   0.0015330  -0.028943  -0.004759   0.000300   0.000202  0.0000016  0.0000098    0.000553    0.000213
1996   1   6  50088  -0.181898   0.207003   0.5470846   0.0015656  -0.028686  -0.004827   0.000662   0.000452  0.0000015  0.0000104    0.000542    0.000206
1996   1   7  50089  -0.183809   0.210916   0.5454435   0.0016699  -0.028487  -0.004909   0.000624   0.000470  0.0000014  0.0000104    0.000532    0.000200
1996   1   8  50090  -0.185767   0.214131   0.5437029   0.0018008  -0.028380  -0.005052   0.000259   0.000205  0.0000013  0.0000098    0.000522    0.000193
1996   1   9  50091  -0.186845   0.216307   0.5418625   0.0019164  -0.028370  -0.005218   0.000217   0.000140  0.0000012  0.0000098    0.000512    0.000186
1996   1  10  50092  -0.188927   0.218768   0.5399425   0.0019826  -0.028393  -0.005281   0.000159   0.000094  0.0000011  0.0000098    0.000502    0.000179
1996   1  11  50093  -0.190414   0.221089   0.5379688   0.0019994  -0.028392  -0.005160   0.000134   0.000083  0.0000012  0.0000098    0.000517    0.000184
1996   1  12  50094  -0.192751   0.224349   0.5359638   0.0019869  -0.028428  -0.004935   0.000143   0.000095  0.0000014  0.0000098    0.000541    0.000193
1996   1  13  50095  -0.194850   0.227291   0.5339455   0.0019798  -0.028634  -0.004761   0.000168   0.000115  0.0000015  0.0000098    0.000566    0.000202
1996   1  14  50096  -0.196509   0.230438   0.5319353   0.0019615  -0.028984  -0.004699   0.000269   0.000292  0.0000017  0.0000092    0.000590    0.000211
1996   1  15  50097  -0.198480   0.232974   0.5299625   0.0019269  -0.029257  -0.004691   0.000290   0.000372  0.0000019  0.0000086    0.000614    0.000220
1996   1  16  50098  -0.199886   0.236194   0.5280565   0.0018989  -0.029306  -0.004727   0.000220   0.000263  0.0000020  0.0000086    0.000638    0.000229
1996   1  17  50099  -0.200664   0.238369   0.5262274   0.0018524  -0.029228  -0.004918   0.000171   0.000190  0.0000022  0.0000086    0.000662    0.000238
1996   1  18  50100  -0.202538   0.241908   0.5244512   0.0017967  -0.029179  -0.005313   0.000209   0.000170  0.0000024  0.0000086    0.000682    0.000239
1996   1  19  50101  -0.203559   0.244984   0.5226718   0.0017816  -0.029199  -0.005691   0.000352   0.000328  0.0000026  0.0000092    0.000701    0.000236
1996   1  20  50102  -0.205145   0.249442   0.5208248   0.0018338  -0.029241  -0.005758   0.000375   0.000378  0.0000028  0.0000098    0.000720    0.000234
1996   1  21  50103  -0.206628   0.252910   0.5188690   0.0019696  -0.029235  -0.005507   0.000300   0.000291  0.0000030  0.0000098    0.000739    0.000231
1996   1  22  50104  -0.208034   0.256245   0.5168081   0.0021161  -0.029123  -0.005206   0.000246   0.000280  0.0000032  0.0000092    0.000758    0.000229
1996   1  23  50105  -0.210207   0.259819   0.5146879   0.0021621  -0.028963  -0.005038   0.000188   0.000205  0.0000034  0.0000086    0.000777    0.000227
1996   1  24  50106  -0.211200   0.262997   0.5125748   0.0021136  -0.029084  -0.004897   0.000161   0.000132  0.0000023  0.0000086    0.000663    0.000225
1996   1  25  50107  -0.212290   0.266984   0.5105311   0.0020004  -0.029383  -0.004771   0.000182   0.000133  0.0000021  0.0000092    0.000754    0.000244
1996   1  26  50108  -0.213059   0.270332   0.5086021   0.0018564  -0.029718  -0.004721   0.000196   0.000146  0.0000021  0.0000092    0.000915    0.000269
1996   1  27  50109  -0.214094   0.274488   0.5068105   0.0017284  -0.029886  -0.004857   0.000227   0.000195  0.0000018  0.0000092    0.000787    0.000233
1996   1  28  50110  -0.215107   0.277980   0.5051565   0.0015995  -0.029779  -0.005153   0.000331   0.000345  0.0000015  0.0000092    0.000632    0.000192
1996   1  29  50111  -0.216874   0.281431   0.5036237   0.0014817  -0.029640  -0.005445   0.000316   0.000333  0.0000012  0.0000086    0.000478    0.000150
1996   1  30  50112  -0.218582   0.285093   0.5021849   0.0014043  -0.029594  -0.005610   0.000172   0.000158  0.0000009  0.0000086    0.000324    0.000109
1996   1  31  50113  -0.220139   0.288640   0.5008028   0.0013717  -0.029431  -0.005635   0.000102   0.000115  0.0000014  0.0000086    0.000659    0.000239
1996   2   1  50114  -0.220780   0.291891   0.4994282   0.0013944  -0.029162  -0.005642   0.000126   0.000139  0.0000017  0.0000092    0.000781    0.000280
1996   2   2  50115  -0.222039   0.296085   0.4980044   0.0014704  -0.028834  -0.005647   0.000147   0.000174  0.0000017  0.0000092    0.000815    0.000285
1996   2   3  50116  -0.222065   0.299700   0.4964796   0.0016000  -0.028582  -0.005632   0.000206   0.000267  0.0000018  0.0000086    0.000849    0.000291
1996   2   4  50117  -0.222209   0.304041   0.4948238   0.0017296  -0.028451  -0.005622   0.000400   0.000356  0.0000019  0.0000086    0.000884    0.000296
1996   2   5  50118  -0.222439   0.307443   0.4930362   0.0018266  -0.028407  -0.005672   0.000432   0.000339  0.0000020  0.0000080    0.000918    0.000302
1996   2   6  50119  -0.222621   0.311514   0.4911334   0.0019346  -0.028481  -0.005788   0.000269   0.000243  0.0000021  0.0000074    0.000952    0.000308
1996   2   7  50120  -0.223381   0.314566   0.4891316   0.0020466  -0.028545  -0.005848   0.000166   0.000148  0.0000011  0.0000080    0.000547    0.000198
1996   2   8  50121  -0.224426   0.318393   0.4870437   0.0021358  -0.029107  -0.005887   0.000188   0.000166  0.0000012  0.0000092    0.000388    0.000185
1996   2   9  50122  -0.225368   0.321419   0.4848984   0.0021739  -0.029974  -0.005843   0.000246   0.000236  0.0000018  0.0000092    0.000421    0.000206
1996   2  10  50123  -0.225366   0.324103   0.4827486   0.0021385  -0.030560  -0.005792   0.000321   0.000286  0.0000023  0.0000086    0.000530    0.000229
1996   2  11  50124  -0.224651   0.326908   0.4806489   0.0020549  -0.030495  -0.005799   0.000373   0.000277  0.0000028  0.0000080    0.000698    0.000257
1996   2  12  50125  -0.223422   0.329251   0.4786235   0.0019783  -0.030140  -0.005830   0.000286   0.000256  0.0000033  0.0000074    0.000867    0.000284
1996   2  13  50126  -0.221938   0.332461   0.4766586   0.0019323  -0.029623  -0.005858   0.000200   0.000215  0.0000038  0.0000074    0.001035    0.000312
1996   2  14  50127  -0.220627   0.335881   0.4747232   0.0019254  -0.029793  -0.005932   0.000150   0.000136  0.0000026  0.0000074    0.000851    0.000278
1996   2  15  50128  -0.220058   0.339877   0.4727850   0.0019727  -0.029365  -0.006042   0.000135   0.000119  0.0000021  0.0000080    0.000946    0.000350
1996   2  16  50129  -0.218910   0.344007   0.4707951   0.0020897  -0.028805  -0.006101   0.000140   0.000131  0.0000019  0.0000086    0.001142    0.000458
1996   2  17  50130  -0.218903   0.348998   0.4686867   0.0022559  -0.028698  -0.005986   0.000196   0.000228  0.0000018  0.0000092    0.001059    0.000422
1996   2  18  50131  -0.218681   0.353522   0.4664044   0.0024015  -0.028752  -0.005709   0.000259   0.000268  0.0000017  0.0000092    0.000952    0.000374
1996   2  19  50132  -0.219989   0.357638   0.4639407   0.0025108  -0.028852  -0.005517   0.000303   0.000271  0.0000017  0.0000086    0.000844    0.000325
1996   2  20  50133  -0.220785   0.361524   0.4613524   0.0025841  -0.028969  -0.005608   0.000362   0.000444  0.0000016  0.0000086    0.000736    0.000276
1996   2  21  50134  -0.221025   0.364496   0.4587423   0.0025670  -0.029184  -0.005903   0.000283   0.000370  0.0000015  0.0000086    0.000628    0.000228
1996   2  22  50135  -0.221442   0.367377   0.4562172   0.0024426  -0.029472  -0.006167   0.000275   0.000266  0.0000012  0.0000092    0.000458    0.000168
1996   2  23  50136  -0.221111   0.370354   0.4538514   0.0022441  -0.029760  -0.006294   0.000228   0.000232  0.0000007  0.0000092    0.000267    0.000104
1996   2  24  50137  -0.221647   0.374846   0.4516730   0.0020474  -0.029957  -0.006363   0.000202   0.000199  0.0000010  0.0000092    0.000336    0.000130
1996   2  25  50138  -0.220576   0.378974   0.4496727   0.0019055  -0.030008  -0.006475   0.000273   0.000320  0.0000014  0.0000092    0.000429    0.000164
1996   2  26  50139  -0.220712   0.383811   0.4478167   0.0018370  -0.030097  -0.006650   0.000196   0.000290  0.0000018  0.0000086    0.000522    0.000199
1996   2  27  50140  -0.220041   0.387172   0.4460558   0.0017959  -0.030275  -0.006836   0.000161   0.000207  0.0000022  0.0000092    0.000615    0.000233
1996   2  28  50141  -0.219791   0.391103   0.4443312   0.0017646  -0.030342  -0.006982   0.000154   0.000156  0.0000026  0.0000098    0.000708    0.000268
1996   2  29  50142  -0.218901   0.394594   0.4425798   0.0018044  -0.030113  -0.007073   0.000142   0.000138  0.0000027  0.0000098    0.000708    0.000262
1996   3   1  50143  -0.217996   0.398661   0.4407402   0.0019130  -0.029697  -0.007109   0.000186   0.000162  0.0000027  0.0000098    0.000677    0.000242
1996   3   2  50144  -0.215924   0.402316   0.4387624   0.0020328  -0.029345  -0.007109   0.000224   0.000210  0.0000027  0.0000104    0.000646    0.000222
1996   3   3  50145  -0.214580   0.407061   0.4366190   0.0021887  -0.029148  -0.007101   0.000284   0.000295  0.0000027  0.0000104    0.000615    0.000203
1996   3   4  50146  -0.212782   0.411039   0.4343126   0.0023539  -0.029011  -0.007114   0.000327   0.000323  0.0000026  0.0000098    0.000584    0.000183
1996   3   5  50147  -0.210420   0.414899   0.4318754   0.0024760  -0.028854  -0.007151   0.000224   0.000216  0.0000026  0.0000098    0.000553    0.000164
1996   3   6  50148  -0.208746   0.419366   0.4293540   0.0025620  -0.028789  -0.007106   0.000133   0.000127  0.0000013  0.0000098    0.000454    0.000157
1996   3   7  50149  -0.206643   0.423285   0.4267843   0.0026027  -0.028757  -0.007228   0.000107   0.000095  0.0000010  0.0000104    0.000407    0.000161
1996   3   8  50150  -0.205738   0.427079   0.4241170   0.0026148  -0.028757  -0.007331   0.000148   0.000151  0.0000014  0.0000111    0.000443    0.000180
1996   3   9  50151  -0.203932   0.430513   0.4213794   0.0025996  -0.028725  -0.007401   0.000216   0.000220  0.0000020  0.0000111    0.000513    0.000205
1996   3  10  50152  -0.202721   0.434237   0.4187273   0.0025591  -0.028687  -0.007465   0.000217   0.000243  0.0000026  0.0000111    0.000582    0.000230
1996   3  11  50153  -0.201704   0.437633   0.4162988   0.0024852  -0.028756  -0.007502   0.000165   0.000197  0.0000032  0.0000111    0.000652    0.000256
1996   3  12  50154  -0.199564   0.440931   0.4140621   0.0023607  -0.028988  -0.007538   0.000173   0.000168  0.0000036  0.0000111    0.000699    0.000272
1996   3  13  50155  -0.198160   0.444347   0.4117823   0.0022345  -0.029294  -0.007654   0.000161   0.000155  0.0000023  0.0000111    0.000591    0.000219
1996   3  14  50156  -0.196850   0.448171   0.4092119   0.0021742  -0.029762  -0.007790   0.000153   0.000162  0.0053471  0.0000117    0.003358    0.001508
1996   3  15  50157  -0.195148   0.451693   0.4065205   0.0021889  -0.030005  -0.007912   0.000205   0.000203  0.0068415  0.0000117    0.004147    0.001874
1996   3  16  50158  -0.192973   0.454834   0.4040141   0.0022669  -0.029965  -0.007896   0.000220   0.000191  0.0055392  0.0000111    0.003475    0.001559
1996   3  17  50159  -0.191245   0.458532   0.4018052   0.0023550  -0.029723  -0.007724   0.000239   0.000251  0.0042369  0.0000104    0.002804    0.001244
1996   3  18  50160  -0.188217   0.462007   0.3997841   0.0023871  -0.029358  -0.007569   0.000222   0.000251  0.0029346  0.0000104    0.002133    0.000929
1996   3  19  50161  -0.185183   0.465775   0.3977402   0.0024135  -0.029013  -0.007615   0.000171   0.000165  0.0016323  0.0000104    0.001462    0.000614
1996   3  20  50162  -0.181888   0.470358   0.3955291   0.0024325  -0.028864  -0.007856   0.000127   0.000124  0.0003300  0.0000098    0.000791    0.000299
1996   3  21  50163  -0.178862   0.474710   0.3931632   0.0023761  -0.028992  -0.008090   0.000100   0.000107  0.0000018  0.0000092    0.000469    0.000143
1996   3  22  50164  -0.176736   0.478562   0.3907996   0.0022516  -0.029454  -0.008162   0.000156   0.000154  0.0000019  0.0000092    0.000551    0.000157
1996   3  23  50165  -0.174953   0.481863   0.3885834   0.0021199  -0.030029  -0.008077   0.000248   0.000232  0.0000020  0.0000092    0.000777    0.000231
1996   3  24  50166  -0.173443   0.484278   0.3865530   0.0020042  -0.030479  -0.007980   0.000267   0.000241  0.0000022  0.0000092    0.001003    0.000305
1996   3  25  50167  -0.170912   0.487521   0.3846579   0.0018982  -0.030672  -0.008012   0.000203   0.000211  0.0000024  0.0000098    0.001229    0.000378
1996   3  26  50168  -0.168389   0.489758   0.3828157   0.0018510  -0.030536  -0.008180   0.000182   0.000228  0.0000025  0.0000092    0.001455    0.000452
1996   3  27  50169  -0.165871   0.493091   0.3809641   0.0018605  -0.029481  -0.008410   0.000172   0.000181  0.0000015  0.0000086    0.000725    0.000249
1996   3  28  50170  -0.162660   0.495501   0.3790825   0.0018987  -0.029130  -0.008482   0.000126   0.000101  0.0000023  0.0000086    0.000478    0.000213
1996   3  29  50171  -0.159794   0.498745   0.3771342   0.0019696  -0.028825  -0.008405   0.000177   0.000167  0.0000026  0.0000086    0.000482    0.000224
1996   3  30  50172  -0.156975   0.501551   0.3750814   0.0020446  -0.028585  -0.008273   0.000227   0.000228  0.0000024  0.0000086    0.000494    0.000219
1996   3  31  50173  -0.154804   0.504350   0.3729128   0.0021726  -0.028584  -0.008189   0.000307   0.000331  0.0000021  0.0000086    0.000506    0.000215
1996   4   1  50174  -0.152069   0.507846   0.3706421   0.0023240  -0.028655  -0.008195   0.000363   0.000397  0.0000019  0.0000086    0.000517    0.000211
1996   4   2  50175  -0.149552   0.510488   0.3682962   0.0024400  -0.028654  -0.008252   0.000331   0.000363  0.0000016  0.0000080    0.000529    0.000206
1996   4   3  50176  -0.147324   0.513357   0.3658977   0.0024975  -0.028599  -0.008315   0.000240   0.000254  0.0000014  0.0000080    0.000540    0.000202
1996   4   4  50177  -0.145606   0.515489   0.3634578   0.0025106  -0.028619  -0.008440   0.000238   0.000224  0.0000068  0.0000086    0.001417    0.000400
1996   4   5  50178  -0.143999   0.517540   0.3609828   0.0024867  -0.028756  -0.008631   0.000356   0.000360  0.0000083  0.0000086    0.001749    0.000488
1996   4   6  50179  -0.141917   0.519547   0.3584963   0.0024289  -0.028935  -0.008895   0.000483   0.000523  0.0000069  0.0000086    0.001662    0.000488
1996   4   7  50180  -0.139919   0.520551   0.3560428   0.0023924  -0.029059  -0.009147   0.000462   0.000523  0.0000055  0.0000086    0.001576    0.000487
1996   4   8  50181  -0.138007   0.522913   0.3536639   0.0023367  -0.029100  -0.009255   0.000290   0.000317  0.0000041  0.0000080    0.001489    0.000486
1996   4   9  50182  -0.135186   0.525205   0.3513688   0.0022768  -0.029073  -0.009187   0.000239   0.000226  0.0000028  0.0000080    0.001403    0.000485
1996   4  10  50183  -0.132135   0.528015   0.3491200   0.0022817  -0.028909  -0.009042   0.000187   0.000170  0.0000014  0.0000086    0.000695    0.000253
1996   4  11  50184  -0.129258   0.530717   0.3468487   0.0023431  -0.028657  -0.008949   0.000185   0.000149  0.0000013  0.0000092    0.000537    0.000208
1996   4  12  50185  -0.126698   0.533707   0.3444892   0.0024291  -0.028264  -0.008921   0.000239   0.000191  0.0000017  0.0000092    0.000582    0.000232
1996   4  13  50186  -0.123671   0.536744   0.3420121   0.0025324  -0.027798  -0.008870   0.000239   0.000209  0.0000020  0.0000092    0.000627    0.000257
1996   4  14  50187  -0.120328   0.539190   0.3394368   0.0025969  -0.027443  -0.008741   0.000263   0.000293  0.0000024  0.0000092    0.000672    0.000282
1996   4  15  50188  -0.116105   0.541688   0.3368213   0.0025491  -0.027372  -0.008602   0.000241   0.000288  0.0000028  0.0000086    0.000717    0.000306
1996   4  16  50189  -0.112680   0.544385   0.3342387   0.0025089  -0.027598  -0.008588   0.000175   0.000187  0.0000032  0.0000104    0.000761    0.000331
1996   4  17  50190  -0.109509   0.547018   0.3317546   0.0024273  -0.027955  -0.008736   0.000150   0.000154  0.0000024  0.0000104    0.000667    0.000295
1996   4  18  50191  -0.106474   0.549343   0.3294112   0.0022784  -0.028203  -0.008966   0.000154   0.000166  0.0000021  0.0000086    0.000624    0.000274
1996   4  19  50192  -0.103565   0.551722   0.3272195   0.0021301  -0.028249  -0.009107   0.000167   0.000204  0.0000020  0.0000086    0.000602    0.000259
1996   4  20  50193  -0.101103   0.553948   0.3251609   0.0020285  -0.028175  -0.009081   0.000174   0.000229  0.0000018  0.0000086    0.000579    0.000244
1996   4  21  50194  -0.097776   0.556095   0.3231954   0.0019750  -0.028113  -0.008970   0.000201   0.000262  0.0000017  0.0000086    0.000556    0.000229
1996   4  22  50195  -0.094596   0.558032   0.3212770   0.0019213  -0.028106  -0.008923   0.000206   0.000242  0.0000015  0.0000086    0.000533    0.000214
1996   4  23  50196  -0.091251   0.559752   0.3193675   0.0018977  -0.028099  -0.009019   0.000189   0.000201  0.0000014  0.0000086    0.000511    0.000199
1996   4  24  50197  -0.088007   0.561911   0.3174416   0.0019267  -0.028037  -0.009203   0.000144   0.000142  0.0000012  0.0000092    0.000488    0.000184
1996   4  25  50198  -0.084012   0.563345   0.3154805   0.0019871  -0.027816  -0.009338   0.000133   0.000123  0.0000015  0.0000098    0.000829    0.000266
1996   4  26  50199  -0.080936   0.564495   0.3134611   0.0020666  -0.027837  -0.009391   0.000193   0.000206  0.0000017  0.0000098    0.000669    0.000205
1996   4  27  50200  -0.076705   0.566021   0.3113520   0.0021915  -0.027749  -0.009350   0.000249   0.000303  0.0000017  0.0000098    0.000500    0.000157
1996   4  28  50201  -0.072416   0.567387   0.3091220   0.0023079  -0.027540  -0.009298   0.000246   0.000274  0.0000017  0.0000098    0.000549    0.000183
1996   4  29  50202  -0.068046   0.569913   0.3067555   0.0024052  -0.027515  -0.009296   0.000205   0.000197  0.0000018  0.0000092    0.000599    0.000209
1996   4  30  50203  -0.063903   0.572215   0.3042630   0.0025035  -0.027723  -0.009279   0.000250   0.000211  0.0000018  0.0000092    0.000649    0.000235
1996   5   1  50204  -0.059776   0.574531   0.3016796   0.0025904  -0.028043  -0.009160   0.000231   0.000182  0.0000019  0.0000098    0.000699    0.000261
1996   5   2  50205  -0.056376   0.576544   0.2990551   0.0026189  -0.028689  -0.009051   0.000159   0.000139  0.0000019  0.0000098    0.000942    0.000288
1996   5   3  50206  -0.053417   0.577915   0.2964423   0.0025799  -0.028702  -0.008949   0.000207   0.000179  0.0000020  0.0000098    0.001035    0.000303
1996   5   4  50207  -0.049635   0.579902   0.2938871   0.0025025  -0.028165  -0.009002   0.000242   0.000241  0.0000022  0.0000098    0.001020    0.000310
1996   5   5  50208  -0.045761   0.580799   0.2914173   0.0024151  -0.027547  -0.009224   0.000233   0.000250  0.0000024  0.0000092    0.001005    0.000318
1996   5   6  50209  -0.041636   0.581982   0.2890316   0.0023353  -0.027194  -0.009440   0.000224   0.000233  0.0000025  0.0000086    0.000991    0.000326
1996   5   7  50210  -0.038205   0.583506   0.2866973   0.0023301  -0.027387  -0.009517   0.000200   0.000208  0.0000027  0.0000086    0.000976    0.000333
1996   5   8  50211  -0.033679   0.584603   0.2843599   0.0023784  -0.028726  -0.009611   0.000179   0.000171  0.0000029  0.0000086    0.000780    0.000369
1996   5   9  50212  -0.029505   0.585987   0.2819638   0.0024541  -0.029893  -0.009621   0.000172   0.000163  0.0000028  0.0000092    0.000718    0.000365
1996   5  10  50213  -0.024742   0.587200   0.2794731   0.0025607  -0.030611  -0.009641   0.000195   0.000171  0.0000026  0.0000098    0.000701    0.000346
1996   5  11  50214  -0.020909   0.588219   0.2768848   0.0026873  -0.030683  -0.009630   0.000241   0.000202  0.0000024  0.0000098    0.000685    0.000328
1996   5  12  50215  -0.016043   0.589187   0.2742284   0.0027130  -0.030178  -0.009507   0.000269   0.000229  0.0000022  0.0000098    0.000669    0.000310
1996   5  13  50216  -0.011924   0.589935   0.2715563   0.0026752  -0.029475  -0.009293   0.000240   0.000199  0.0000020  0.0000098    0.000652    0.000291
1996   5  14  50217  -0.007134   0.591203   0.2689291   0.0025768  -0.028965  -0.009099   0.000199   0.000173  0.0000017  0.0000092    0.000636    0.000273
1996   5  15  50218  -0.003604   0.591727   0.2664034   0.0024300  -0.028770  -0.009027   0.000157   0.000156  0.0000015  0.0000086    0.000619    0.000255
1996   5  16  50219   0.000191   0.592632   0.2640214   0.0022479  -0.028746  -0.009142   0.000152   0.000158  0.0000017  0.0000092    0.000323    0.000155
1996   5  17  50220   0.003173   0.593071   0.2618067   0.0020333  -0.028809  -0.009263   0.000209   0.000234  0.0000020  0.0000098    0.000249    0.000138
1996   5  18  50221   0.006775   0.594189   0.2597630   0.0019104  -0.028920  -0.009298   0.000249   0.000287  0.0000023  0.0000104    0.000332    0.000176
1996   5  19  50222   0.009785   0.594326   0.2578750   0.0018504  -0.029063  -0.009251   0.000267   0.000273  0.0000026  0.0000098    0.000416    0.000213
1996   5  20  50223   0.012969   0.595179   0.2561120   0.0017528  -0.029150  -0.009176   0.000284   0.000270  0.0000029  0.0000086    0.000500    0.000251
1996   5  21  50224   0.016974   0.595290   0.2544309   0.0016642  -0.029052  -0.009154   0.000232   0.000213  0.0000031  0.0000086    0.000583    0.000289
1996   5  22  50225   0.020501   0.595469   0.2527831   0.0016594  -0.028643  -0.009238   0.000182   0.000163  0.0000025  0.0000092    0.000798    0.000358
1996   5  23  50226   0.025021   0.595304   0.2511212   0.0016839  -0.028205  -0.009376   0.000197   0.000180  0.0000024  0.0000098    0.000838    0.000370
1996   5  24  50227   0.029426   0.595342   0.2494091   0.0017366  -0.027775  -0.009492   0.000216   0.000212  0.0000025  0.0000098    0.000818    0.000362
1996   5  25  50228   0.034670   0.595542   0.2476273   0.0018080  -0.027367  -0.009549   0.000254   0.000258  0.0000026  0.0000098    0.000798    0.000354
1996   5  26  50229   0.039451   0.595729   0.2457728   0.0019106  -0.027136  -0.009579   0.000315   0.000323  0.0000027  0.0000092    0.000777    0.000346
1996   5  27  50230   0.045137   0.595694   0.2438561   0.0019823  -0.027360  -0.009614   0.000314   0.000320  0.0000027  0.0000086    0.000757    0.000338
1996   5  28  50231   0.049983   0.596151   0.2418983   0.0019956  -0.028148  -0.009603   0.000259   0.000248  0.0000028  0.0000086    0.000737    0.000329
1996   5  29  50232   0.054062   0.596654   0.2399295   0.0019615  -0.029215  -0.009442   0.000198   0.000182  0.0000029  0.0000086    0.000716    0.000321
1996   5  30  50233   0.057654   0.596950   0.2379874   0.0019005  -0.030082  -0.009096   0.000149   0.000118  0.0000031  0.0000086    0.000683    0.000237
1996   5  31  50234   0.061574   0.596617   0.2361105   0.0018211  -0.030573  -0.008835   0.000117   0.000088  0.0000021  0.0000086    0.000518    0.000187
1996   6   1  50235   0.065396   0.596429   0.2343298   0.0017208  -0.030642  -0.008866   0.000173   0.000187  0.0000014  0.0000086    0.000431    0.000185
1996   6   2  50236   0.070047   0.595382   0.2326423   0.0016390  -0.030463  -0.009152   0.000247   0.000284  0.0000014  0.0000092    0.000444    0.000194
1996   6   3  50237   0.074720   0.594773   0.2309989   0.0016189  -0.030237  -0.009402   0.000216   0.000243  0.0000015  0.0000098    0.000458    0.000203
1996   6   4  50238   0.078469   0.594147   0.2293297   0.0016813  -0.030104  -0.009344   0.000169   0.000166  0.0000015  0.0000098    0.000471    0.000212
1996   6   5  50239   0.082538   0.592504   0.2275791   0.0017826  -0.030189  -0.008976   0.000142   0.000124  0.0000025  0.0000098    0.000600    0.000288
1996   6   6  50240   0.086756   0.591397   0.2257304   0.0018870  -0.030732  -0.008629   0.000160   0.000139  0.0000029  0.0000098    0.000520    0.000252
1996   6   7  50241   0.090919   0.590227   0.2237940   0.0019739  -0.031425  -0.008505   0.000179   0.000157  0.0000032  0.0000098    0.000367    0.000177
1996   6   8  50242   0.094459   0.589408   0.2217912   0.0020421  -0.031877  -0.008601   0.000171   0.000169  0.0000034  0.0000098    0.000214    0.000101
1996   6   9  50243   0.098086   0.588007   0.2197491   0.0020701  -0.031675  -0.008810   0.000159   0.000168  0.0000036  0.0000098    0.000327    0.000194
1996   6  10  50244   0.101246   0.586552   0.2177049   0.0020541  -0.031131  -0.009008   0.000126   0.000134  0.0000038  0.0000098    0.000573    0.000371
1996   6  11  50245   0.104836   0.585276   0.2157093   0.0019660  -0.030801  -0.009105   0.000098   0.000089  0.0000040  0.0000098    0.000819    0.000548
1996   6  12  50246   0.109219   0.583478   0.2138179   0.0018321  -0.031557  -0.009068   0.000089   0.000071  0.0000023  0.0000098    0.000661    0.000318
1996   6  13  50247   0.113429   0.582217   0.2120722   0.0016527  -0.032309  -0.008891   0.000084   0.000074  0.0000017  0.0000098    0.000542    0.000242
1996   6  14  50248   0.118178   0.580560   0.2104827   0.0014964  -0.032514  -0.008755   0.000068   0.000071  0.0000015  0.0000098    0.000443    0.000188
1996   6  15  50249   0.122009   0.579134   0.2090374   0.0013629  -0.032357  -0.008793   0.000087   0.000104  0.0000014  0.0000098    0.000418    0.000157
1996   6  16  50250   0.126519   0.576999   0.2077176   0.0012898  -0.032188  -0.008970   0.000164   0.000226  0.0000014  0.0000092    0.000477    0.000185
1996   6  17  50251   0.130315   0.575084   0.2064940   0.0012279  -0.031977  -0.009140   0.000202   0.000266  0.0000015  0.0000092    0.000536    0.000212
1996   6  18  50252   0.134392   0.573736   0.2053133   0.0011881  -0.031871  -0.009197   0.000173   0.000190  0.0000015  0.0000098    0.000595    0.000240
1996   6  19  50253   0.137866   0.571380   0.2041040   0.0012053  -0.031972  -0.009141   0.000148   0.000138  0.0000016  0.0000098    0.000654    0.000267
1996   6  20  50254   0.141681   0.569445   0.2028061   0.0012799  -0.032222  -0.008972   0.000176   0.000164  0.0000040  0.0000098    0.000909    0.000433
1996   6  21  50255   0.145495   0.567625   0.2014018   0.0013744  -0.032510  -0.008794   0.000227   0.000187  0.0000073  0.0000098    0.001231    0.000645
1996   6  22  50256   0.149141   0.566516   0.1999160   0.0014793  -0.032670  -0.008726   0.000237   0.000186  0.0000076  0.0000098    0.001518    0.000732
1996   6  23  50257   0.153230   0.565108   0.1983906   0.0015705  -0.032621  -0.008740   0.000229   0.000216  0.0000067  0.0000098    0.001790    0.000769
1996   6  24  50258   0.156194   0.563847   0.1968569   0.0016215  -0.032633  -0.008831   0.000201   0.000176  0.0000058  0.0000104    0.002062    0.000806
1996   6  25  50259   0.160151   0.562237   0.1953276   0.0015918  -0.033029  -0.008967   0.000181   0.000145  0.0000049  0.0000104    0.002334    0.000842
1996   6  26  50260   0.162933   0.560802   0.1938078   0.0015322  -0.033628  -0.008940   0.000159   0.000133  0.0000019  0.0000111    0.000918    0.000336
1996   6  27  50261   0.166555   0.557744   0.1923125   0.0014773  -0.034159  -0.008778   0.000189   0.000143  0.0000009  0.0000111    0.000399    0.000149
1996   6  28  50262   0.169358   0.555400   0.1908731   0.0013923  -0.034347  -0.008548   0.000159   0.000133  0.0000007  0.0000098    0.000233    0.000086
1996   6  29  50263   0.172559   0.552501   0.1895225   0.0012725  -0.034333  -0.008465   0.000227   0.000189  0.0000010  0.0000098    0.000315    0.000112
1996   6  30  50264   0.175871   0.550042   0.1882705   0.0011738  -0.034393  -0.008613   0.000394   0.000299  0.0000014  0.0000098    0.000421    0.000145
1996   7   1  50265   0.179867   0.547115   0.1870893   0.0011324  -0.034609  -0.008791   0.000328   0.000276  0.0000018  0.0000104    0.000527    0.000179
1996   7   2  50266   0.182239   0.544937   0.1859196   0.0011603  -0.034906  -0.008742   0.000227   0.000221  0.0000022  0.0000111    0.000632    0.000213
1996   7   3  50267   0.185895   0.541864   0.1846966   0.0012919  -0.035200  -0.008483   0.000164   0.000147  0.0000026  0.0000104    0.000738    0.000246
1996   7   4  50268   0.188053   0.539038   0.1833814   0.0014305  -0.035448  -0.008242   0.000150   0.000126  0.0000026  0.0000098    0.000740    0.000251
1996   7   5  50269   0.192488   0.536014   0.1819792   0.0014860  -0.035685  -0.008163   0.000193   0.000169  0.0000024  0.0000092    0.000707    0.000245
1996   7   6  50270   0.195915   0.533126   0.1805349   0.0014692  -0.035943  -0.008201   0.000239   0.000202  0.0000022  0.0000086    0.000674    0.000240
1996   7   7  50271   0.200128   0.531021   0.1791101   0.0013841  -0.036140  -0.008291   0.000237   0.000216  0.0000020  0.0000086    0.000641    0.000235
1996   7   8  50272   0.203633   0.528873   0.1777576   0.0012842  -0.036121  -0.008450   0.000190   0.000203  0.0000018  0.0000086    0.000608    0.000229
1996   7   9  50273   0.208138   0.526783   0.1765091   0.0011677  -0.035926  -0.008673   0.000167   0.000163  0.0000016  0.0000086    0.000575    0.000224
1996   7  10  50274   0.211232   0.524542   0.1753765   0.0010336  -0.035861  -0.008864   0.000138   0.000119  0.0000014  0.0000086    0.000542    0.000218
1996   7  11  50275   0.215288   0.521585   0.1743600   0.0009152  -0.036199  -0.008944   0.000148   0.000123  0.0000028  0.0000092    0.000687    0.000311
1996   7  12  50276   0.218586   0.518872   0.1734501   0.0008397  -0.036815  -0.008940   0.000150   0.000140  0.0000048  0.0000092    0.000893    0.000437
1996   7  13  50277   0.222028   0.515784   0.1726202   0.0008148  -0.037320  -0.008942   0.000216   0.000381  0.0000047  0.0000092    0.000848    0.000415
1996   7  14  50278   0.224765   0.512845   0.1718215   0.0008124  -0.037448  -0.008977   0.000274   0.000485  0.0000043  0.0000092    0.000752    0.000363
1996   7  15  50279   0.227686   0.509455   0.1709989   0.0008623  -0.037211  -0.008958   0.000217   0.000309  0.0000038  0.0000086    0.000656    0.000311
1996   7  16  50280   0.230501   0.506711   0.1701158   0.0009450  -0.036849  -0.008812   0.000184   0.000220  0.0000033  0.0000086    0.000561    0.000259
1996   7  17  50281   0.233153   0.503337   0.1691660   0.0010036  -0.036444  -0.008600   0.000151   0.000145  0.0000018  0.0000086    0.000587    0.000218
1996   7  18  50282   0.235308   0.500890   0.1681624   0.0010649  -0.036736  -0.008525   0.000166   0.000163  0.0000034  0.0000092    0.000867    0.000317
1996   7  19  50283   0.237319   0.497817   0.1670851   0.0011352  -0.037067  -0.008566   0.000200   0.000221  0.0000039  0.0000098    0.000923    0.000345
1996   7  20  50284   0.239122   0.495251   0.1659129   0.0011931  -0.037109  -0.008641   0.000216   0.000242  0.0000033  0.0000098    0.000824    0.000314
1996   7  21  50285   0.240282   0.492266   0.1646550   0.0012811  -0.036877  -0.008677   0.000208   0.000249  0.0000027  0.0000098    0.000725    0.000283
1996   7  22  50286   0.241538   0.489437   0.1633437   0.0013373  -0.036664  -0.008688   0.000176   0.000233  0.0000022  0.0000092    0.000626    0.000252
1996   7  23  50287   0.242853   0.486342   0.1620133   0.0013501  -0.036898  -0.008740   0.000138   0.000161  0.0000016  0.0000092    0.000528    0.000221
1996   7  24  50288   0.243982   0.483616   0.1606815   0.0013435  -0.037866  -0.008945   0.000136   0.000134  0.0000024  0.0000092    0.000778    0.000247
1996   7  25  50289   0.245558   0.480934   0.1593486   0.0013319  -0.038650  -0.008900   0.000168   0.000171  0.0000019  0.0000086    0.000613    0.000196
1996   7  26  50290   0.247028   0.478343   0.1580321   0.0012899  -0.038981  -0.008690   0.000121   0.000134  0.0000009  0.0000086    0.000298    0.000119
1996   7  27  50291   0.248791   0.474911   0.1567562   0.0012388  -0.039093  -0.008610   0.000144   0.000177  0.0000010  0.0000086    0.000365    0.000134
1996   7  28  50292   0.250768   0.471768   0.1555121   0.0012214  -0.039151  -0.008700   0.000288   0.000390  0.0000012  0.0000086    0.000468    0.000158
1996   7  29  50293   0.252710   0.468721   0.1542471   0.0012601  -0.039317  -0.008832   0.000305   0.000455  0.0000014  0.0000086    0.000571    0.000182
1996   7  30  50294   0.254441   0.466714   0.1528866   0.0013775  -0.039543  -0.008805   0.000240   0.000343  0.0000016  0.0000092    0.000675    0.000206
1996   7  31  50295   0.256287   0.463499   0.1513774   0.0015591  -0.039659  -0.008628   0.000188   0.000235  0.0000018  0.0000092    0.000778    0.000230
1996   8   1  50296   0.257624   0.460658   0.1497236   0.0017237  -0.039512  -0.008477   0.000176   0.000234  0.0000020  0.0000086    0.000805    0.000238
1996   8   2  50297   0.259675   0.457382   0.1479916   0.0017925  -0.039227  -0.008424   0.000195   0.000239  0.0000021  0.0000086    0.000807    0.000241
1996   8   3  50298   0.260580   0.454012   0.1462811   0.0017136  -0.039134  -0.008345   0.000251   0.000337  0.0000022  0.0000086    0.000808    0.000243
1996   8   4  50299   0.262362   0.449695   0.1446843   0.0015289  -0.039403  -0.008180   0.000241   0.000334  0.0000023  0.0000086    0.000810    0.000245
1996   8   5  50300   0.263332   0.445958   0.1432584   0.0013263  -0.039813  -0.008080   0.000163   0.000168  0.0000024  0.0000086    0.000811    0.000248
1996   8   6  50301   0.265247   0.441680   0.1420242   0.0011404  -0.040067  -0.008214   0.000159   0.000146  0.0000025  0.0000086    0.000813    0.000250
1996   8   7  50302   0.267281   0.437702   0.1409779   0.0009423  -0.040225  -0.008537   0.000154   0.000134  0.0000026  0.0000092    0.000814    0.000253
1996   8   8  50303   0.269944   0.433417   0.1400997   0.0007990  -0.040733  -0.008898   0.000166   0.000140  0.0000034  0.0000092    0.001509    0.000514
1996   8   9  50304   0.272365   0.430203   0.1393525   0.0007138  -0.041274  -0.009088   0.000192   0.000189  0.0000035  0.0000092    0.001433    0.000483
1996   8  10  50305   0.274513   0.426370   0.1386809   0.0006298  -0.041536  -0.009125   0.000224   0.000238  0.0000033  0.0000092    0.000853    0.000262
1996   8  11  50306   0.276239   0.422591   0.1380231   0.0006298  -0.041359  -0.009087   0.000218   0.000225  0.0000030  0.0000086    0.000385    0.000085
1996   8  12  50307   0.277657   0.419881   0.1373313   0.0007168  -0.040876  -0.008961   0.000208   0.000190  0.0000027  0.0000086    0.000477    0.000126
1996   8  13  50308   0.279638   0.415981   0.1365805   0.0007819  -0.040400  -0.008771   0.000187   0.000150  0.0000024  0.0000086    0.000569    0.000168
1996   8  14  50309   0.282061   0.412678   0.1357613   0.0008595  -0.040325  -0.008696   0.000133   0.000103  0.0000022  0.0000092    0.000671    0.000209
1996   8  15  50310   0.284046   0.408818   0.1348658   0.0009591  -0.040489  -0.008686   0.000132   0.000101  0.0000021  0.0000092    0.000678    0.000214
1996   8  16  50311   0.286170   0.405689   0.1338846   0.0010502  -0.040783  -0.008816   0.000163   0.000145  0.0000019  0.0000092    0.000653    0.000208
1996   8  17  50312   0.287244   0.401761   0.1328161   0.0011257  -0.041004  -0.009001   0.000151   0.000160  0.0000017  0.0000092    0.000627    0.000202
1996   8  18  50313   0.288926   0.397942   0.1316767   0.0011886  -0.040985  -0.009094   0.000194   0.000234  0.0000016  0.0000086    0.000601    0.000195
1996   8  19  50314   0.289984   0.394609   0.1304969   0.0011840  -0.040764  -0.009045   0.000223   0.000288  0.0000014  0.0000086    0.000576    0.000189
1996   8  20  50315   0.291316   0.391439   0.1293079   0.0011706  -0.040583  -0.008934   0.000172   0.000233  0.0000013  0.0000092    0.000550    0.000182
1996   8  21  50316   0.292621   0.387828   0.1281298   0.0011491  -0.040652  -0.008855   0.000145   0.000168  0.0000011  0.0000092    0.000524    0.000176
1996   8  22  50317   0.293791   0.383870   0.1269708   0.0011186  -0.040915  -0.008846   0.000157   0.000167  0.0000013  0.0000086    0.000526    0.000187
1996   8  23  50318   0.294983   0.380686   0.1258320   0.0011139  -0.041124  -0.008895   0.000200   0.000226  0.0000017  0.0000086    0.000537    0.000204
1996   8  24  50319   0.295955   0.377254   0.1247077   0.0011368  -0.041155  -0.009010   0.000224   0.000279  0.0000021  0.0000092    0.000547    0.000221
1996   8  25  50320   0.296752   0.373770   0.1235756   0.0011744  -0.041130  -0.009163   0.000220   0.000309  0.0000025  0.0000098    0.000558    0.000237
1996   8  26  50321   0.296867   0.369821   0.1223881   0.0012512  -0.041252  -0.009214   0.000182   0.000246  0.0000029  0.0000098    0.000569    0.000254
1996   8  27  50322   0.297386   0.365518   0.1210781   0.0013675  -0.041610  -0.009042   0.000137   0.000161  0.0000032  0.0000098    0.000580    0.000271
1996   8  28  50323   0.297408   0.361507   0.1195864   0.0015469  -0.041951  -0.008715   0.000115   0.000124  0.0000022  0.0000098    0.000724    0.000291
1996   8  29  50324   0.298126   0.356985   0.1178993   0.0017568  -0.042435  -0.008525   0.000095   0.000097  0.0000013  0.0000098    0.000375    0.000140
1996   8  30  50325   0.298255   0.352447   0.1160864   0.0018513  -0.042710  -0.008562   0.000127   0.000106  0.0000010  0.0000098    0.000259    0.000095
1996   8  31  50326   0.297881   0.348211   0.1142679   0.0018126  -0.042906  -0.008622   0.000205   0.000156  0.0000010  0.0000098    0.000344    0.000132
1996   9   1  50327   0.297180   0.343648   0.1125570   0.0016541  -0.043211  -0.008501   0.000204   0.000162  0.0000010  0.0000098    0.000429    0.000168
1996   9   2  50328   0.297084   0.339291   0.1110239   0.0014387  -0.043410  -0.008261   0.000184   0.000153  0.0000010  0.0000098    0.000514    0.000204
1996   9   3  50329   0.296468   0.334532   0.1096843   0.0012440  -0.043150  -0.008130   0.000169   0.000147  0.0000010  0.0000098    0.000598    0.000241
1996   9   4  50330   0.295866   0.330375   0.1085143   0.0011012  -0.042399  -0.008172   0.000132   0.000116  0.0000010  0.0000098    0.000524    0.000195
1996   9   5  50331   0.295320   0.326474   0.1074696   0.0009973  -0.041783  -0.008387   0.000107   0.000095  0.0000010  0.0000104    0.000576    0.000216
1996   9   6  50332   0.294964   0.322278   0.1065186   0.0009441  -0.041681  -0.008631   0.000106   0.000106  0.0000010  0.0000104    0.000650    0.000235
1996   9   7  50333   0.294100   0.318315   0.1055812   0.0009322  -0.041891  -0.008757   0.000119   0.000115  0.0000009  0.0000104    0.000636    0.000231
1996   9   8  50334   0.293634   0.314226   0.1046228   0.0009612  -0.042173  -0.008841   0.000167   0.000166  0.0000011  0.0000104    0.000638    0.000224
1996   9   9  50335   0.292800   0.310606   0.1036271   0.0010348  -0.042313  -0.008880   0.000203   0.000197  0.0000014  0.0000098    0.000665    0.000217
1996   9  10  50336   0.292453   0.306681   0.1025294   0.0011941  -0.042257  -0.008813   0.000183   0.000184  0.0000018  0.0000104    0.000692    0.000209
1996   9  11  50337   0.292127   0.303190   0.1012457   0.0014056  -0.041851  -0.008579   0.000161   0.000168  0.0000021  0.0000111    0.000696    0.000236
1996   9  12  50338   0.291411   0.299609   0.0997283   0.0016064  -0.041455  -0.008365   0.000150   0.000132  0.0000022  0.0000117    0.000498    0.000233
1996   9  13  50339   0.290296   0.296038   0.0980183   0.0017189  -0.041089  -0.008237   0.000195   0.000200  0.0000021  0.0000117    0.000423    0.000226
1996   9  14  50340   0.289192   0.292254   0.0962100   0.0017741  -0.040867  -0.008205   0.000266   0.000262  0.0000018  0.0000104    0.000444    0.000223
1996   9  15  50341   0.287662   0.288389   0.0943921   0.0017718  -0.040857  -0.008236   0.000234   0.000225  0.0000015  0.0000098    0.000465    0.000220
1996   9  16  50342   0.286320   0.283910   0.0926171   0.0017511  -0.040977  -0.008289   0.000176   0.000193  0.0000012  0.0000098    0.000486    0.000217
1996   9  17  50343   0.284735   0.279662   0.0909011   0.0017431  -0.041132  -0.008344   0.000142   0.000145  0.0000009  0.0000098    0.000508    0.000214
1996   9  18  50344   0.283866   0.275298   0.0892456   0.0016681  -0.041497  -0.008393   0.000115   0.000102  0.0000010  0.0000092    0.000485    0.000188
1996   9  19  50345   0.282799   0.271256   0.0876496   0.0015959  -0.041638  -0.008415   0.000111   0.000091  0.0000009  0.0000086    0.000505    0.000187
1996   9  20  50346   0.282696   0.267080   0.0860797   0.0015931  -0.041661  -0.008451   0.000104   0.000088  0.0000008  0.0000086    0.000505    0.000189
1996   9  21  50347   0.281846   0.263792   0.0844844   0.0016389  -0.041735  -0.008509   0.000106   0.000085  0.0000008  0.0000086    0.000456    0.000178
1996   9  22  50348   0.281779   0.260698   0.0828108   0.0017329  -0.041704  -0.008573   0.000158   0.000116  0.0000014  0.0000086    0.000581    0.000215
1996   9  23  50349   0.280580   0.257665   0.0809953   0.0019138  -0.041623  -0.008552   0.000182   0.000157  0.0000022  0.0000086    0.000801    0.000277
1996   9  24  50350   0.278988   0.253946   0.0789860   0.0021024  -0.041636  -0.008370   0.000181   0.000156  0.0000028  0.0000086    0.000947    0.000318
1996   9  25  50351   0.277228   0.250341   0.0767840   0.0022509  -0.041712  -0.008132   0.000170   0.000125  0.0000016  0.0000080    0.000584    0.000213
1996   9  26  50352   0.275925   0.246410   0.0744605   0.0023544  -0.041748  -0.007962   0.000154   0.000135  0.0000013  0.0000080    0.000424    0.000159
1996   9  27  50353   0.273751   0.242942   0.0721195   0.0023518  -0.041662  -0.007980   0.000166   0.000166  0.0000012  0.0000086    0.000334    0.000122
1996   9  28  50354   0.272177   0.238666   0.0698526   0.0022185  -0.041590  -0.008062   0.000198   0.000187  0.0000011  0.0000086    0.000244    0.000084
1996   9  29  50355   0.270583   0.234861   0.0677075   0.0020755  -0.041716  -0.007993   0.000160   0.000156  0.0000010  0.0000190    0.000153    0.000047
1996   9  30  50356   0.268522   0.231509   0.0656871   0.0019573  -0.041994  -0.007775   0.000116   0.000119  0.0000009  0.0000301    0.000251    0.000092
1996  10   1  50357   0.267263   0.227861   0.0637798   0.0018422  -0.042120  -0.007563   0.000130   0.000120  0.0000008  0.0000307    0.000442    0.000176
1996  10   2  50358   0.265508   0.224461   0.0619880   0.0017191  -0.041808  -0.007471   0.000112   0.000103  0.0000010  0.0000307    0.000493    0.000179
1996  10   3  50359   0.263816   0.220521   0.0603266   0.0016168  -0.041334  -0.007600   0.000104   0.000094  0.0000009  0.0000307    0.000488    0.000195
1996  10   4  50360   0.261432   0.216770   0.0587570   0.0015705  -0.040932  -0.007868   0.000093   0.000083  0.0000007  0.0000307    0.000462    0.000180
1996  10   5  50361   0.260080   0.212833   0.0571991   0.0015772  -0.040647  -0.008144   0.000097   0.000081  0.0000007  0.0000307    0.000427    0.000164
1996  10   6  50362   0.257573   0.209823   0.0555995   0.0016150  -0.040384  -0.008316   0.000155   0.000135  0.0000016  0.0000307    0.000598    0.000219
1996  10   7  50363   0.255982   0.206198   0.0539391   0.0016731  -0.040204  -0.008373   0.000198   0.000172  0.0000029  0.0000307    0.000873    0.000305
1996  10   8  50364   0.254014   0.203404   0.0522075   0.0017617  -0.040218  -0.008341   0.000183   0.000164  0.0000043  0.0000313    0.001149    0.000391
1996  10   9  50365   0.252060   0.200576   0.0503868   0.0018762  -0.040482  -0.008186   0.000164   0.000158  0.0000023  0.0000313    0.000706    0.000251
1996  10  10  50366   0.249531   0.198117   0.0484513   0.0019892  -0.040707  -0.007966   0.000156   0.000148  0.0000020  0.0000301    0.000717    0.000253
1996  10  11  50367   0.247156   0.195137   0.0464104   0.0020697  -0.040842  -0.007680   0.000167   0.000159  0.0000023  0.0000295    0.000894    0.000308
1996  10  12  50368   0.244663   0.191876   0.0443070   0.0020994  -0.040996  -0.007387   0.000174   0.000169  0.0000020  0.0000307    0.000817    0.000287
1996  10  13  50369   0.242169   0.188703   0.0421852   0.0021333  -0.041095  -0.007178   0.000158   0.000152  0.0000016  0.0000326    0.000741    0.000266
1996  10  14  50370   0.240139   0.185968   0.0400796   0.0021228  -0.041016  -0.007126   0.000135   0.000131  0.0000013  0.0000332    0.000664    0.000245
1996  10  15  50371   0.237181   0.182782   0.0380151   0.0020546  -0.040665  -0.007214   0.000122   0.000112  0.0000009  0.0000313    0.000587    0.000224
1996  10  16  50372   0.235295   0.180080   0.0360096   0.0019730  -0.039960  -0.007299   0.000111   0.000091  0.0000013  0.0000289    0.000550    0.000225
1996  10  17  50373   0.232667   0.177298   0.0340695   0.0019068  -0.039572  -0.007370   0.000106   0.000086  0.0000010  0.0000283    0.000516    0.000209
1996  10  18  50374   0.230613   0.174860   0.0321838   0.0018982  -0.039732  -0.007378   0.000104   0.000089  0.0000008  0.0000283    0.000480    0.000199
1996  10  19  50375   0.227725   0.171954   0.0302719   0.0019635  -0.039866  -0.007369   0.000108   0.000097  0.0000008  0.0000276    0.000484    0.000189
1996  10  20  50376   0.225107   0.169693   0.0282492   0.0020887  -0.039998  -0.007324   0.000230   0.000212  0.0000018  0.0000264    0.000538    0.000219
1996  10  21  50377   0.222377   0.167356   0.0260921   0.0021941  -0.040019  -0.007223   0.000291   0.000306  0.0000032  0.0000252    0.000605    0.000272
1996  10  22  50378   0.220341   0.164976   0.0238253   0.0023031  -0.039843  -0.007047   0.000207   0.000241  0.0000046  0.0000240    0.000673    0.000324
1996  10  23  50379   0.217225   0.161839   0.0214880   0.0023950  -0.039443  -0.006896   0.000157   0.000159  0.0000021  0.0000233    0.000556    0.000235
1996  10  24  50380   0.214137   0.159244   0.0191065   0.0024206  -0.039140  -0.006848   0.000146   0.000134  0.0000014  0.0000233    0.000530    0.000213
1996  10  25  50381   0.210696   0.156104   0.0167149   0.0024013  -0.038921  -0.006996   0.000158   0.000154  0.0000014  0.0000233    0.000537    0.000215
1996  10  26  50382   0.208664   0.153088   0.0143663   0.0023074  -0.038770  -0.007245   0.000212   0.000230  0.0000014  0.0000221    0.000544    0.000218
1996  10  27  50383   0.206390   0.149667   0.0121216   0.0021534  -0.038713  -0.007372   0.000361   0.000438  0.0000014  0.0000209    0.000552    0.000220
1996  10  28  50384   0.204198   0.146793   0.0100280   0.0019961  -0.038753  -0.007234   0.000369   0.000453  0.0000014  0.0000209    0.000559    0.000223
1996  10  29  50385   0.202608   0.144309   0.0081029   0.0018198  -0.038811  -0.006906   0.000271   0.000289  0.0000014  0.0000209    0.000566    0.000226
1996  10  30  50386   0.199535   0.141297   0.0063303   0.0016881  -0.038754  -0.006620   0.000202   0.000195  0.0000014  0.0000203    0.000573    0.000228
1996  10  31  50387   0.197504   0.138256   0.0046689   0.0016334  -0.038481  -0.006489   0.000099   0.000096  0.0000013  0.0000197    0.000343    0.000136
1996  11   1  50388   0.193878   0.135544   0.0030617   0.0016302  -0.038002  -0.006675   0.000149   0.000143  0.0000012  0.0000190    0.000282    0.000119
1996  11   2  50389   0.191244   0.132613   0.0014439   0.0016681  -0.037462  -0.007000   0.000256   0.000301  0.0000011  0.0000184    0.000347    0.000155
1996  11   3  50390   0.188501   0.129413  -0.0002469   0.0017402  -0.037048  -0.007238   0.000252   0.000309  0.0000010  0.0000184    0.000412    0.000191
1996  11   4  50391   0.185277   0.127170  -0.0020571   0.0018576  -0.036874  -0.007313   0.000207   0.000240  0.0000010  0.0000184    0.000477    0.000227
1996  11   5  50392   0.181934   0.124716  -0.0040034   0.0019742  -0.036956  -0.007123   0.000166   0.000198  0.0000009  0.0000197    0.000561    0.000225
1996  11   6  50393   0.178121   0.122770  -0.0060668   0.0020864  -0.037173  -0.006983   0.000151   0.000147  0.0000013  0.0000215    0.000517    0.000223
1996  11   7  50394   0.174080   0.121288  -0.0082003   0.0021708  -0.037246  -0.006856   0.000139   0.000138  0.0000011  0.0000221    0.000555    0.000236
1996  11   8  50395   0.169873   0.119269  -0.0103836   0.0021812  -0.037085  -0.006614   0.000090   0.000100  0.0000009  0.0000209    0.000565    0.000238
1996  11   9  50396   0.166082   0.117514  -0.0125632   0.0021574  -0.036967  -0.006226   0.000044   0.000053  0.0000007  0.0000184    0.000443    0.000179
1996  11  10  50397   0.162436   0.114975  -0.0146905   0.0020999  -0.037044  -0.005891   0.000154   0.000170  0.0000007  0.0000172    0.000398    0.000156
1996  11  11  50398   0.158553   0.113253  -0.0167668   0.0020639  -0.037214  -0.005819   0.000256   0.000234  0.0000007  0.0000172    0.000415    0.000164
1996  11  12  50399   0.154363   0.112458  -0.0188144   0.0020442  -0.037333  -0.006039   0.000158   0.000127  0.0000008  0.0000172    0.000431    0.000172
1996  11  13  50400   0.150431   0.110958  -0.0208385   0.0019927  -0.037250  -0.006444   0.000098   0.000098  0.0000010  0.0000178    0.000502    0.000218
1996  11  14  50401   0.146107   0.110204  -0.0228106   0.0019259  -0.037149  -0.006599   0.000088   0.000086  0.0000009  0.0000184    0.000371    0.000165
1996  11  15  50402   0.141314   0.108357  -0.0246929   0.0018639  -0.037113  -0.006436   0.000053   0.000061  0.0000009  0.0000190    0.000317    0.000148
1996  11  16  50403   0.137208   0.106581  -0.0265360   0.0018781  -0.037129  -0.006137   0.000054   0.000060  0.0000009  0.0000190    0.000277    0.000137
1996  11  17  50404   0.134058   0.104364  -0.0284328   0.0019729  -0.037302  -0.005868   0.000150   0.000114  0.0000010  0.0000184    0.000305    0.000151
1996  11  18  50405   0.131502   0.102865  -0.0304398   0.0020723  -0.037470  -0.005708   0.000203   0.000144  0.0000013  0.0000184    0.000381    0.000183
1996  11  19  50406   0.127997   0.101681  -0.0325567   0.0021140  -0.037477  -0.005625   0.000152   0.000106  0.0000016  0.0000184    0.000458    0.000215
1996  11  20  50407   0.124639   0.100780  -0.0347329   0.0021536  -0.037356  -0.005561   0.000135   0.000096  0.0000019  0.0000178    0.000535    0.000248
1996  11  21  50408   0.122040   0.099404  -0.0368994   0.0021277  -0.037097  -0.005569   0.000117   0.000103  0.0000036  0.0000166    0.001430    0.000398
1996  11  22  50409   0.119316   0.098964  -0.0389991   0.0020477  -0.036919  -0.005595   0.000080   0.000079  0.0000020  0.0000160    0.000848    0.000231
1996  11  23  50410   0.115948   0.098037  -0.0409865   0.0019089  -0.036866  -0.005679   0.000105   0.000105  0.0000009  0.0000166    0.000318    0.000107
1996  11  24  50411   0.112681   0.097011  -0.0428391   0.0017914  -0.036772  -0.005762   0.000244   0.000246  0.0000016  0.0000172    0.000494    0.000149
1996  11  25  50412   0.108926   0.096017  -0.0445682   0.0016899  -0.036547  -0.005731   0.000253   0.000258  0.0000023  0.0000172    0.000670    0.000191
1996  11  26  50413   0.105177   0.095250  -0.0462095   0.0016230  -0.036275  -0.005593   0.000168   0.000176  0.0000030  0.0000178    0.000846    0.000233
1996  11  27  50414   0.101445   0.094956  -0.0478061   0.0015980  -0.035879  -0.005444   0.000144   0.000136  0.0000017  0.0000190    0.000565    0.000203
1996  11  28  50415   0.097441   0.094072  -0.0493929   0.0015953  -0.035591  -0.005420   0.000168   0.000172  0.0000012  0.0000203    0.000461    0.000190
1996  11  29  50416   0.093646   0.093616  -0.0509908   0.0015764  -0.035296  -0.005537   0.000184   0.000235  0.0000012  0.0000221    0.000448    0.000188
1996  11  30  50417   0.089336   0.093259  -0.0526091   0.0015921  -0.034989  -0.005708   0.000222   0.000321  0.0000011  0.0000246    0.000435    0.000185
1996  12   1  50418   0.085715   0.092193  -0.0542501   0.0016601  -0.034793  -0.005818   0.000236   0.000307  0.0000011  0.0000264    0.000422    0.000182
1996  12   2  50419   0.082100   0.091657  -0.0559153   0.0017038  -0.034764  -0.005819   0.000204   0.000173  0.0000010  0.0000270    0.000409    0.000180
1996  12   3  50420   0.079086   0.090728  -0.0576095   0.0017110  -0.034854  -0.005747   0.000158   0.000123  0.0000010  0.0000270    0.000396    0.000177
1996  12   4  50421   0.074885   0.090821  -0.0593414   0.0017320  -0.034733  -0.005680   0.000100   0.000105  0.0000020  0.0000270    0.000666    0.000277
1996  12   5  50422   0.071086   0.089852  -0.0611178   0.0017852  -0.035110  -0.005562   0.000079   0.000086  0.0000020  0.0000264    0.000407    0.000192
1996  12   6  50423   0.066266   0.089595  -0.0629258   0.0018254  -0.035950  -0.005397   0.000134   0.000150  0.0000020  0.0000258    0.000390    0.000160
1996  12   7  50424   0.062227   0.088622  -0.0647297   0.0018123  -0.036394  -0.005111   0.000417   0.000404  0.0000022  0.0000252    0.000501    0.000201
1996  12   8  50425   0.058705   0.088323  -0.0664887   0.0017089  -0.036170  -0.004791   0.000611   0.000548  0.0000024  0.0000240    0.000547    0.000248
1996  12   9  50426   0.054636   0.087144  -0.0681824   0.0016633  -0.035590  -0.004679   0.000423   0.000340  0.0000026  0.0000227    0.000593    0.000295
1996  12  10  50427   0.050835   0.085716  -0.0698244   0.0016426  -0.034998  -0.004914   0.000205   0.000137  0.0000028  0.0000215    0.000640    0.000342
1996  12  11  50428   0.046636   0.085370  -0.0714534   0.0016621  -0.035024  -0.005398   0.000156   0.000120  0.0000014  0.0000197    0.000499    0.000230
1996  12  12  50429   0.042972   0.085232  -0.0731144   0.0016933  -0.035174  -0.005725   0.000249   0.000164  0.0000011  0.0000178    0.000462    0.000201
1996  12  13  50430   0.039601   0.085341  -0.0748475   0.0017809  -0.035406  -0.005686   0.000328   0.000194  0.0000012  0.0000166    0.000464    0.000203
1996  12  14  50431   0.036526   0.085288  -0.0766828   0.0018843  -0.035641  -0.005370   0.000250   0.000184  0.0000013  0.0000160    0.000466    0.000205
1996  12  15  50432   0.034106   0.086236  -0.0786365   0.0020253  -0.035783  -0.005027   0.000246   0.000180  0.0000014  0.0000160    0.000469    0.000208
1996  12  16  50433   0.030588   0.086428  -0.0807037   0.0021356  -0.035786  -0.004818   0.000226   0.000164  0.0000014  0.0000160    0.000471    0.000210
1996  12  17  50434   0.027707   0.087468  -0.0828541   0.0021796  -0.035676  -0.004733   0.000164   0.000158  0.0000015  0.0000160    0.000473    0.000212
1996  12  18  50435   0.024610   0.087893  -0.0850345   0.0021706  -0.035548  -0.004713   0.000158   0.000138  0.0000016  0.0000160    0.000475    0.000214
1996  12  19  50436   0.021473   0.088759  -0.0871824   0.0021361  -0.035540  -0.004745   0.000146   0.000138  0.0000021  0.0000160    0.000573    0.000231
1996  12  20  50437   0.018028   0.089407  -0.0892451   0.0020378  -0.035716  -0.004825   0.000146   0.000133  0.0000026  0.0000160    0.000703    0.000252
1996  12  21  50438   0.015143   0.090024  -0.0911972   0.0019177  -0.035995  -0.004913   0.000180   0.000128  0.0000032  0.0000160    0.000833    0.000274
1996  12  22  50439   0.012185   0.090234  -0.0930491   0.0018099  -0.036189  -0.004947   0.000210   0.000166  0.0000037  0.0000160    0.000962    0.000295
1996  12  23  50440   0.010542   0.091025  -0.0948390   0.0017396  -0.036178  -0.004902   0.000186   0.000179  0.0000043  0.0000160    0.001092    0.000317
1996  12  24  50441   0.007368   0.091577  -0.0966103   0.0017090  -0.036017  -0.004808   0.000192   0.000181  0.0000048  0.0000160    0.001222    0.000338
1996  12  25  50442   0.004812   0.092237  -0.0983865   0.0016824  -0.035811  -0.004722   0.000284   0.000299  0.0000046  0.0000166    0.001161    0.000329
1996  12  26  50443   0.001746   0.092408  -0.1001618   0.0016881  -0.035565  -0.004683   0.000271   0.000353  0.0000042  0.0000166    0.001082    0.000318
1996  12  27  50444  -0.001978   0.092672  -0.1019150   0.0017158  -0.035182  -0.004700   0.000840   0.001133  0.0000356  0.0000167    0.000716    0.000299
1996  12  28  50445  -0.005714   0.092649  -0.1036497   0.0017751  -0.034749  -0.004768   0.000942   0.001432  0.0000393  0.0000160    0.000752    0.000322
1996  12  29  50446  -0.010032   0.092942  -0.1054004   0.0018396  -0.034439  -0.004861   0.000684   0.001017  0.0000382  0.0000160    0.000741    0.000315
1996  12  30  50447  -0.014631   0.094294  -0.1071951   0.0018932  -0.034305  -0.004929   0.000323   0.000306  0.0000370  0.0000173    0.000730    0.000308
1996  12  31  50448  -0.019091   0.094752  -0.1090616   0.0019515  -0.034270  -0.004956   0.000326   0.000312  0.0000359  0.0000180    0.000719    0.000301
