

                   INTERNATIONAL EARTH ROTATION AND REFERENCE SYSTEMS SERVICE
                        EARTH ORIENTATION PARAMETERS
                          EOP (IERS) 08 C04

  
             FORMAT(3(I4),I7,2(F11.6),2(F12.7),2(F11.6),2(F11.6),2(F11.7),2F12.6)
**********************************************************************************
  
      Date      MJD      x          y        UT1-UTC       LOD         dPsi      dEps       x Err     y Err   UT1-UTC Err  LOD Err    dPsi Err   dEpsilon Err
                         "          "           s           s            "         "        "          "          s           s            "         "
     (0h UTC)

1971   1   1  40952  -0.093700   0.017300  -0.0393358   0.0032610   0.051324   0.006273   0.020000   0.020000  0.0015000  0.0010000    0.009000    0.002000
1971   1   2  40953  -0.096500   0.019000  -0.0401116   0.0034370   0.051153   0.006243   0.020000   0.020000  0.0015000  0.0010000    0.009000    0.002000
1971   1   3  40954  -0.099200   0.020800  -0.0409825   0.0034690   0.050901   0.006166   0.020000   0.020000  0.0015000  0.0010000    0.009000    0.002000
1971   1   4  40955  -0.101999   0.022601  -0.0418123   0.0033490   0.050688   0.006136   0.020000   0.020000  0.0015000  0.0010000    0.009000    0.002000
1971   1   5  40956  -0.104799   0.024501  -0.0424642   0.0031230   0.050549   0.006180   0.020000   0.020000  0.0015000  0.0010000    0.009000    0.002000
1971   1   6  40957  -0.107499   0.026501  -0.0428610   0.0028490   0.050466   0.006251   0.020000   0.020000  0.0015000  0.0010000    0.009000    0.002000
1971   1   7  40958  -0.110199   0.028601  -0.0429859   0.0025880   0.050453   0.006282   0.020000   0.020000  0.0015000  0.0010000    0.009000    0.002000
1971   1   8  40959  -0.112998   0.030702  -0.0428777   0.0023790   0.050590   0.006225   0.020000   0.020000  0.0015000  0.0010000    0.009000    0.002000
1971   1   9  40960  -0.115698   0.032902  -0.0425946   0.0022600   0.050926   0.006084   0.020000   0.020000  0.0015000  0.0010000    0.009000    0.002000
1971   1  10  40961  -0.118498   0.035102  -0.0422525   0.0022510   0.051362   0.005936   0.020000   0.020000  0.0015000  0.0010000    0.009000    0.002000
1971   1  11  40962  -0.121197   0.037403  -0.0419353   0.0023190   0.051711   0.005901   0.020000   0.020000  0.0015000  0.0010000    0.009000    0.002000
1971   1  12  40963  -0.123997   0.039703  -0.0417292   0.0024470   0.051893   0.006050   0.020000   0.020000  0.0015000  0.0010000    0.009000    0.002000
1971   1  13  40964  -0.126697   0.042103  -0.0416590   0.0026130   0.051997   0.006318   0.020000   0.020000  0.0015000  0.0010000    0.009000    0.002000
1971   1  14  40965  -0.129397   0.044503  -0.0417639   0.0027650   0.052127   0.006536   0.020000   0.020000  0.0015000  0.0010000    0.009000    0.002000
1971   1  15  40966  -0.132196   0.047004  -0.0419977   0.0028860   0.052255   0.006580   0.020000   0.020000  0.0015000  0.0010000    0.009000    0.002000
1971   1  16  40967  -0.134896   0.049504  -0.0423386   0.0029580   0.052286   0.006490   0.020000   0.020000  0.0015000  0.0010000    0.009000    0.002000
1971   1  17  40968  -0.137596   0.052104  -0.0427144   0.0029710   0.052199   0.006404   0.020000   0.020000  0.0015000  0.0010000    0.009000    0.002000
1971   1  18  40969  -0.140296   0.054704  -0.0430813   0.0029330   0.052051   0.006374   0.020000   0.020000  0.0015000  0.0010000    0.009000    0.002000
1971   1  19  40970  -0.142995   0.057305  -0.0433712   0.0028290   0.051869   0.006295   0.020000   0.020000  0.0015000  0.0010000    0.009000    0.002000
1971   1  20  40971  -0.145795   0.060005  -0.0435340   0.0026820   0.051640   0.006063   0.020000   0.020000  0.0015000  0.0010000    0.009000    0.002000
1971   1  21  40972  -0.148495   0.062705  -0.0435359   0.0025100   0.051416   0.005758   0.020000   0.020000  0.0015000  0.0010000    0.009000    0.002000
1971   1  22  40973  -0.151194   0.065406  -0.0433647   0.0023420   0.051284   0.005598   0.020000   0.020000  0.0015000  0.0010000    0.009000    0.002000
1971   1  23  40974  -0.153894   0.068106  -0.0430436   0.0022060   0.051196   0.005671   0.020000   0.020000  0.0015000  0.0010000    0.009000    0.002000
1971   1  24  40975  -0.156594   0.070906  -0.0426344   0.0021650   0.051016   0.005796   0.020000   0.020000  0.0015000  0.0010000    0.009000    0.002000
1971   1  25  40976  -0.159294   0.073706  -0.0422343   0.0022460   0.050806   0.005749   0.020000   0.020000  0.0015000  0.0010000    0.009000    0.002000
1971   1  26  40977  -0.161993   0.076507  -0.0419791   0.0024450   0.050840   0.005578   0.020000   0.020000  0.0015000  0.0010000    0.009000    0.002000
1971   1  27  40978  -0.164593   0.079407  -0.0419730   0.0027430   0.051212   0.005545   0.020000   0.020000  0.0015000  0.0010000    0.009000    0.002000
1971   1  28  40979  -0.167293   0.082207  -0.0422789   0.0030410   0.051625   0.005746   0.020000   0.020000  0.0015000  0.0010000    0.009000    0.002000
1971   1  29  40980  -0.169893   0.085107  -0.0428477   0.0032560   0.051725   0.005976   0.020000   0.020000  0.0015000  0.0010000    0.009000    0.002000
1971   1  30  40981  -0.172492   0.088008  -0.0435596   0.0033170   0.051480   0.006021   0.020000   0.020000  0.0015000  0.0010000    0.009000    0.002000
1971   1  31  40982  -0.175092   0.090908  -0.0442434   0.0032140   0.051101   0.005916   0.020000   0.020000  0.0015000  0.0010000    0.009000    0.002000
1971   2   1  40983  -0.177692   0.093808  -0.0447403   0.0029620   0.050757   0.005815   0.020000   0.020000  0.0015000  0.0010000    0.009000    0.002000
1971   2   2  40984  -0.180291   0.096809  -0.0449541   0.0026410   0.050511   0.005746   0.020000   0.020000  0.0015000  0.0010000    0.009000    0.002000
1971   2   3  40985  -0.182791   0.099709  -0.0448450   0.0023380   0.050405   0.005632   0.020000   0.020000  0.0015000  0.0010000    0.009000    0.002000
1971   2   4  40986  -0.185291   0.102709  -0.0444619   0.0020990   0.050457   0.005456   0.020000   0.020000  0.0015000  0.0010000    0.009000    0.002000
1971   2   5  40987  -0.187791   0.105609  -0.0438847   0.0019550   0.050645   0.005284   0.020000   0.020000  0.0015000  0.0010000    0.009000    0.002000
1971   2   6  40988  -0.190190   0.108610  -0.0432156   0.0019130   0.050934   0.005158   0.020000   0.020000  0.0015000  0.0010000    0.009000    0.002000
1971   2   7  40989  -0.192690   0.111610  -0.0425604   0.0019700   0.051263   0.005072   0.020000   0.020000  0.0015000  0.0010000    0.009000    0.002000
1971   2   8  40990  -0.194990   0.114610  -0.0419873   0.0020930   0.051531   0.005044   0.020000   0.020000  0.0015000  0.0010000    0.009000    0.002000
1971   2   9  40991  -0.197390   0.117610  -0.0415702   0.0022440   0.051681   0.005137   0.020000   0.020000  0.0015000  0.0010000    0.009000    0.002000
1971   2  10  40992  -0.199689   0.120711  -0.0413080   0.0024120   0.051765   0.005364   0.020000   0.020000  0.0015000  0.0010000    0.009000    0.002000
1971   2  11  40993  -0.201989   0.123711  -0.0412049   0.0025560   0.051879   0.005608   0.020000   0.020000  0.0015000  0.0010000    0.009000    0.002000
1971   2  12  40994  -0.204189   0.126811  -0.0412247   0.0026650   0.052016   0.005699   0.020000   0.020000  0.0015000  0.0010000    0.009000    0.002000
1971   2  13  40995  -0.206388   0.129812  -0.0413136   0.0027040   0.052087   0.005594   0.020000   0.020000  0.0015000  0.0010000    0.009000    0.002000
1971   2  14  40996  -0.208488   0.132912  -0.0414204   0.0026780   0.052059   0.005414   0.020000   0.020000  0.0015000  0.0010000    0.009000    0.002000
1971   2  15  40997  -0.210588   0.135912  -0.0414793   0.0025930   0.051996   0.005273   0.020000   0.020000  0.0015000  0.0010000    0.009000    0.002000
1971   2  16  40998  -0.212588   0.139012  -0.0414202   0.0024720   0.051940   0.005128   0.020000   0.020000  0.0015000  0.0010000    0.009000    0.002000
1971   2  17  40999  -0.214587   0.142113  -0.0412240   0.0023040   0.051855   0.004866   0.020000   0.020000  0.0015000  0.0010000    0.009000    0.002000
1971   2  18  41000  -0.216487   0.145213  -0.0408469   0.0021440   0.051732   0.004530   0.020000   0.020000  0.0015000  0.0010000    0.009000    0.002000
1971   2  19  41001  -0.218287   0.148413  -0.0403297   0.0020220   0.051621   0.004339   0.020000   0.020000  0.0015000  0.0010000    0.009000    0.002000
1971   2  20  41002  -0.220087   0.151513  -0.0397226   0.0019560   0.051479   0.004415   0.020000   0.020000  0.0015000  0.0010000    0.009000    0.002000
1971   2  21  41003  -0.221886   0.154614  -0.0390985   0.0020060   0.051171   0.004559   0.020000   0.020000  0.0015000  0.0010000    0.009000    0.002000
1971   2  22  41004  -0.223486   0.157814  -0.0385973   0.0021830   0.050787   0.004455   0.020000   0.020000  0.0015000  0.0010000    0.009000    0.002000
1971   2  23  41005  -0.225086   0.161014  -0.0383242   0.0024770   0.050734   0.004130   0.020000   0.020000  0.0015000  0.0010000    0.009000    0.002000
1971   2  24  41006  -0.226585   0.164115  -0.0383810   0.0028400   0.051236   0.003977   0.020000   0.020000  0.0015000  0.0010000    0.009000    0.002000
1971   2  25  41007  -0.228085   0.167415  -0.0387929   0.0031690   0.051922   0.004244   0.020000   0.020000  0.0015000  0.0010000    0.009000    0.002000
1971   2  26  41008  -0.229485   0.170615  -0.0394858   0.0033810   0.052222   0.004695   0.020000   0.020000  0.0015000  0.0010000    0.009000    0.002000
1971   2  27  41009  -0.230785   0.173815  -0.0403006   0.0034060   0.052001   0.004932   0.020000   0.020000  0.0015000  0.0010000    0.009000    0.002000
1971   2  28  41010  -0.231984   0.177116  -0.0410565   0.0032600   0.051535   0.004873   0.020000   0.020000  0.0015000  0.0010000    0.009000    0.002000
1971   3   1  41011  -0.233084   0.180316  -0.0416003   0.0029950   0.051087   0.004697   0.020000   0.020000  0.0015000  0.0010000    0.009000    0.002000
1971   3   2  41012  -0.234184   0.183616  -0.0418482   0.0027020   0.050784   0.004476   0.020000   0.020000  0.0015000  0.0010000    0.009000    0.002000
1971   3   3  41013  -0.235083   0.186917  -0.0418231   0.0024630   0.050754   0.004130   0.020000   0.020000  0.0015000  0.0010000    0.009000    0.002000
1971   3   4  41014  -0.235983   0.190317  -0.0416169   0.0023350   0.051032   0.003690   0.020000   0.020000  0.0015000  0.0010000    0.009000    0.002000
1971   3   5  41015  -0.236783   0.193617  -0.0413508   0.0023200   0.051425   0.003358   0.020000   0.020000  0.0015000  0.0010000    0.009000    0.002000
1971   3   6  41016  -0.237483   0.197017  -0.0410996   0.0023940   0.051692   0.003266   0.020000   0.020000  0.0015000  0.0010000    0.009000    0.002000
1971   3   7  41017  -0.238082   0.200418  -0.0409725   0.0025500   0.051799   0.003338   0.020000   0.020000  0.0015000  0.0010000    0.009000    0.002000
1971   3   8  41018  -0.238682   0.203918  -0.0410244   0.0027390   0.051868   0.003439   0.020000   0.020000  0.0015000  0.0010000    0.009000    0.002000
1971   3   9  41019  -0.239082   0.207318  -0.0412642   0.0029420   0.051984   0.003552   0.020000   0.020000  0.0015000  0.0010000    0.009000    0.002000
1971   3  10  41020  -0.239382   0.210818  -0.0417231   0.0031330   0.052149   0.003741   0.020000   0.020000  0.0015000  0.0010000    0.009000    0.002000
1971   3  11  41021  -0.239681   0.214319  -0.0423469   0.0032860   0.052343   0.003975   0.020000   0.020000  0.0015000  0.0010000    0.009000    0.002000
1971   3  12  41022  -0.239881   0.217819  -0.0430968   0.0033830   0.052535   0.004087   0.020000   0.020000  0.0015000  0.0010000    0.009000    0.002000
1971   3  13  41023  -0.239881   0.221419  -0.0439007   0.0034050   0.052670   0.003958   0.020000   0.020000  0.0015000  0.0010000    0.009000    0.002000
1971   3  14  41024  -0.239880   0.224920  -0.0446955   0.0033540   0.052717   0.003668   0.020000   0.020000  0.0015000  0.0010000    0.009000    0.002000
1971   3  15  41025  -0.239780   0.228520  -0.0454114   0.0032500   0.052723   0.003398   0.020000   0.020000  0.0015000  0.0010000    0.009000    0.002000
1971   3  16  41026  -0.239680   0.232120  -0.0460053   0.0031040   0.052758   0.003217   0.020000   0.020000  0.0015000  0.0010000    0.009000    0.002000
1971   3  17  41027  -0.239380   0.235720  -0.0464471   0.0029610   0.052819   0.003044   0.020000   0.020000  0.0015000  0.0010000    0.009000    0.002000
1971   3  18  41028  -0.238979   0.239321  -0.0467430   0.0028280   0.052851   0.002826   0.020000   0.020000  0.0015000  0.0010000    0.009000    0.002000
1971   3  19  41029  -0.238579   0.243021  -0.0469308   0.0027390   0.052840   0.002660   0.020000   0.020000  0.0015000  0.0010000    0.009000    0.002000
1971   3  20  41030  -0.238079   0.246621  -0.0470687   0.0027350   0.052772   0.002652   0.020000   0.020000  0.0015000  0.0010000    0.009000    0.002000
1971   3  21  41031  -0.237579   0.250221  -0.0472596   0.0028540   0.052589   0.002699   0.020000   0.020000  0.0015000  0.0010000    0.009000    0.002000
1971   3  22  41032  -0.236978   0.253822  -0.0476264   0.0030810   0.052343   0.002564   0.020000   0.020000  0.0015000  0.0010000    0.009000    0.002000
1971   3  23  41033  -0.236278   0.257522  -0.0482703   0.0034070   0.052316   0.002246   0.020000   0.020000  0.0015000  0.0010000    0.009000    0.002000
1971   3  24  41034  -0.235478   0.261122  -0.0492471   0.0037430   0.052701   0.002097   0.020000   0.020000  0.0015000  0.0010000    0.009000    0.002000
1971   3  25  41035  -0.234677   0.264723  -0.0505520   0.0040160   0.053226   0.002406   0.020000   0.020000  0.0015000  0.0010000    0.009000    0.002000
1971   3  26  41036  -0.233877   0.268323  -0.0520369   0.0041230   0.053389   0.002982   0.020000   0.020000  0.0015000  0.0010000    0.009000    0.002000
1971   3  27  41037  -0.232977   0.271823  -0.0535437   0.0040390   0.053044   0.003366   0.020000   0.020000  0.0015000  0.0010000    0.009000    0.002000
1971   3  28  41038  -0.231977   0.275423  -0.0548786   0.0037890   0.052479   0.003357   0.020000   0.020000  0.0015000  0.0010000    0.009000    0.002000
1971   3  29  41039  -0.231076   0.278924  -0.0559035   0.0034450   0.052010   0.003112   0.020000   0.020000  0.0015000  0.0010000    0.009000    0.002000
1971   3  30  41040  -0.230076   0.282424  -0.0565833   0.0031130   0.051809   0.002781   0.020000   0.020000  0.0015000  0.0010000    0.009000    0.002000
1971   3  31  41041  -0.228976   0.285924  -0.0569792   0.0028800   0.052000   0.002356   0.020000   0.020000  0.0015000  0.0010000    0.009000    0.002000
1971   4   1  41042  -0.227976   0.289424  -0.0571931   0.0027580   0.052567   0.001885   0.020000   0.020000  0.0015000  0.0010000    0.009000    0.002000
1971   4   2  41043  -0.226875   0.292825  -0.0573539   0.0027510   0.053172   0.001585   0.020000   0.020000  0.0015000  0.0010000    0.009000    0.002000
1971   4   3  41044  -0.225775   0.296125  -0.0575438   0.0028290   0.053416   0.001613   0.020000   0.020000  0.0015000  0.0010000    0.009000    0.002000
1971   4   4  41045  -0.224675   0.299525  -0.0578476   0.0029560   0.053279   0.001863   0.020000   0.020000  0.0015000  0.0010000    0.009000    0.002000
1971   4   5  41046  -0.223474   0.302826  -0.0582805   0.0031010   0.053100   0.002107   0.020000   0.020000  0.0015000  0.0010000    0.009000    0.002000
1971   4   6  41047  -0.222374   0.306026  -0.0588664   0.0032400   0.053145   0.002253   0.020000   0.020000  0.0015000  0.0010000    0.009000    0.002000
1971   4   7  41048  -0.221174   0.309226  -0.0595802   0.0033500   0.053378   0.002381   0.020000   0.020000  0.0015000  0.0010000    0.009000    0.002000
1971   4   8  41049  -0.220074   0.312326  -0.0603691   0.0034110   0.053628   0.002543   0.020000   0.020000  0.0015000  0.0010000    0.009000    0.002000
1971   4   9  41050  -0.218873   0.315427  -0.0612010   0.0034210   0.053796   0.002627   0.020000   0.020000  0.0015000  0.0010000    0.009000    0.002000
1971   4  10  41051  -0.217673   0.318527  -0.0619998   0.0033570   0.053873   0.002485   0.020000   0.020000  0.0015000  0.0010000    0.009000    0.002000
1971   4  11  41052  -0.216473   0.321527  -0.0627157   0.0032360   0.053867   0.002141   0.020000   0.020000  0.0015000  0.0010000    0.009000    0.002000
1971   4  12  41053  -0.215373   0.324427  -0.0632786   0.0030760   0.053817   0.001794   0.020000   0.020000  0.0015000  0.0010000    0.009000    0.002000
1971   4  13  41054  -0.214172   0.327328  -0.0636824   0.0029010   0.053804   0.001609   0.020000   0.020000  0.0015000  0.0010000    0.009000    0.002000
1971   4  14  41055  -0.212972   0.330228  -0.0639153   0.0027500   0.053872   0.001569   0.020000   0.020000  0.0015000  0.0010000    0.009000    0.002000
1971   4  15  41056  -0.211772   0.333028  -0.0640082   0.0026350   0.053967   0.001548   0.020000   0.020000  0.0015000  0.0010000    0.009000    0.002000
1971   4  16  41057  -0.210571   0.335729  -0.0640210   0.0025960   0.054008   0.001480   0.020000   0.020000  0.0015000  0.0010000    0.009000    0.002000
1971   4  17  41058  -0.209371   0.338429  -0.0640409   0.0026530   0.053989   0.001388   0.020000   0.020000  0.0015000  0.0010000    0.009000    0.002000
1971   4  18  41059  -0.208171   0.341129  -0.0641727   0.0028060   0.053973   0.001283   0.020000   0.020000  0.0015000  0.0010000    0.009000    0.002000
1971   4  19  41060  -0.206971   0.343729  -0.0645046   0.0030600   0.054023   0.001118   0.020000   0.020000  0.0015000  0.0010000    0.009000    0.002000
1971   4  20  41061  -0.205770   0.346230  -0.0651265   0.0033590   0.054178   0.000930   0.020000   0.020000  0.0015000  0.0010000    0.009000    0.002000
1971   4  21  41062  -0.204470   0.348830  -0.0660423   0.0036420   0.054393   0.000916   0.020000   0.020000  0.0015000  0.0010000    0.009000    0.002000
1971   4  22  41063  -0.203270   0.351230  -0.0671852   0.0038210   0.054491   0.001228   0.020000   0.020000  0.0015000  0.0010000    0.009000    0.002000
1971   4  23  41064  -0.201970   0.353730  -0.0684391   0.0038370   0.054280   0.001719   0.020000   0.020000  0.0015000  0.0010000    0.009000    0.002000
1971   4  24  41065  -0.200669   0.356131  -0.0696299   0.0036900   0.053790   0.002037   0.020000   0.020000  0.0015000  0.0010000    0.009000    0.002000
1971   4  25  41066  -0.199369   0.358531  -0.0705958   0.0034170   0.053269   0.002001   0.020000   0.020000  0.0015000  0.0010000    0.009000    0.002000
1971   4  26  41067  -0.198069   0.360931  -0.0712607   0.0031030   0.052938   0.001732   0.020000   0.020000  0.0015000  0.0010000    0.009000    0.002000
1971   4  27  41068  -0.196668   0.363332  -0.0716295   0.0028390   0.052906   0.001421   0.020000   0.020000  0.0015000  0.0010000    0.009000    0.002000
1971   4  28  41069  -0.195268   0.365632  -0.0717954   0.0026950   0.053240   0.001133   0.020000   0.020000  0.0015000  0.0010000    0.009000    0.002000
1971   4  29  41070  -0.193868   0.367932  -0.0718823   0.0026770   0.053872   0.000902   0.020000   0.020000  0.0015000  0.0010000    0.009000    0.002000
1971   4  30  41071  -0.192368   0.370232  -0.0719931   0.0027520   0.054453   0.000835   0.020000   0.020000  0.0015000  0.0010000    0.009000    0.002000
1971   5   1  41072  -0.190867   0.372533  -0.0722260   0.0029010   0.054585   0.001001   0.020000   0.020000  0.0015000  0.0010000    0.009000    0.002000
1971   5   2  41073  -0.189267   0.374833  -0.0726219   0.0030740   0.054261   0.001290   0.020000   0.020000  0.0015000  0.0010000    0.009000    0.002000
1971   5   3  41074  -0.187667   0.377133  -0.0731917   0.0032420   0.053890   0.001506   0.020000   0.020000  0.0015000  0.0010000    0.009000    0.002000
1971   5   4  41075  -0.186067   0.379433  -0.0739076   0.0033740   0.053825   0.001575   0.020000   0.020000  0.0015000  0.0010000    0.009000    0.002000
1971   5   5  41076  -0.184266   0.381634  -0.0747455   0.0034730   0.054026   0.001593   0.020000   0.020000  0.0015000  0.0010000    0.009000    0.002000
1971   5   6  41077  -0.182566   0.383934  -0.0756443   0.0035060   0.054230   0.001653   0.020000   0.020000  0.0015000  0.0010000    0.009000    0.002000
1971   5   7  41078  -0.180666   0.386234  -0.0765462   0.0034780   0.054274   0.001700   0.020000   0.020000  0.0015000  0.0010000    0.009000    0.002000
1971   5   8  41079  -0.178765   0.388435  -0.0773911   0.0033820   0.054181   0.001600   0.020000   0.020000  0.0015000  0.0010000    0.009000    0.002000
1971   5   9  41080  -0.176765   0.390735  -0.0781159   0.0032520   0.054020   0.001329   0.020000   0.020000  0.0015000  0.0010000    0.009000    0.002000
1971   5  10  41081  -0.174765   0.393035  -0.0786888   0.0030900   0.053840   0.001038   0.020000   0.020000  0.0015000  0.0010000    0.009000    0.002000
1971   5  11  41082  -0.172565   0.395235  -0.0791087   0.0029340   0.053699   0.000909   0.020000   0.020000  0.0015000  0.0010000    0.009000    0.002000
1971   5  12  41083  -0.170364   0.397536  -0.0793895   0.0028170   0.053666   0.000973   0.020000   0.020000  0.0015000  0.0010000    0.009000    0.002000
1971   5  13  41084  -0.168064   0.399736  -0.0795744   0.0027590   0.053725   0.001105   0.020000   0.020000  0.0015000  0.0010000    0.009000    0.002000
1971   5  14  41085  -0.165664   0.402036  -0.0797563   0.0028030   0.053777   0.001163   0.020000   0.020000  0.0015000  0.0010000    0.009000    0.002000
1971   5  15  41086  -0.163264   0.404236  -0.0800341   0.0029370   0.053772   0.001098   0.020000   0.020000  0.0015000  0.0010000    0.009000    0.002000
1971   5  16  41087  -0.160663   0.406437  -0.0804880   0.0031540   0.053779   0.000957   0.020000   0.020000  0.0015000  0.0010000    0.009000    0.002000
1971   5  17  41088  -0.158063   0.408637  -0.0811769   0.0034170   0.053886   0.000815   0.020000   0.020000  0.0015000  0.0010000    0.009000    0.002000
1971   5  18  41089  -0.155363   0.410937  -0.0821278   0.0036600   0.054061   0.000747   0.020000   0.020000  0.0015000  0.0010000    0.009000    0.002000
1971   5  19  41090  -0.152562   0.413138  -0.0832916   0.0038310   0.054149   0.000826   0.020000   0.020000  0.0015000  0.0010000    0.009000    0.002000
1971   5  20  41091  -0.149662   0.415338  -0.0845675   0.0038660   0.054013   0.001071   0.020000   0.020000  0.0015000  0.0010000    0.009000    0.002000
1971   5  21  41092  -0.146662   0.417438  -0.0858024   0.0037610   0.053653   0.001369   0.020000   0.020000  0.0015000  0.0010000    0.009000    0.002000
1971   5  22  41093  -0.143662   0.419638  -0.0868532   0.0035150   0.053218   0.001533   0.020000   0.020000  0.0015000  0.0010000    0.009000    0.002000
1971   5  23  41094  -0.140461   0.421739  -0.0876271   0.0031950   0.052879   0.001464   0.020000   0.020000  0.0015000  0.0010000    0.009000    0.002000
1971   5  24  41095  -0.137261   0.423839  -0.0880670   0.0028940   0.052720   0.001239   0.020000   0.020000  0.0015000  0.0010000    0.009000    0.002000
1971   5  25  41096  -0.133961   0.425939  -0.0882408   0.0026620   0.052765   0.001016   0.020000   0.020000  0.0015000  0.0010000    0.009000    0.002000
1971   5  26  41097  -0.130560   0.428040  -0.0882417   0.0025500   0.053033   0.000902   0.020000   0.020000  0.0015000  0.0010000    0.009000    0.002000
1971   5  27  41098  -0.127060   0.430040  -0.0881906   0.0025440   0.053458   0.000932   0.020000   0.020000  0.0015000  0.0010000    0.009000    0.002000
1971   5  28  41099  -0.123460   0.432040  -0.0881864   0.0026310   0.053797   0.001099   0.020000   0.020000  0.0015000  0.0010000    0.009000    0.002000
1971   5  29  41100  -0.119860   0.433940  -0.0882743   0.0027470   0.053773   0.001344   0.020000   0.020000  0.0015000  0.0010000    0.009000    0.002000
1971   5  30  41101  -0.116159   0.435941  -0.0884912   0.0028730   0.053377   0.001541   0.020000   0.020000  0.0015000  0.0010000    0.009000    0.002000
1971   5  31  41102  -0.112359   0.437741  -0.0888221   0.0029730   0.052914   0.001590   0.020000   0.020000  0.0015000  0.0010000    0.009000    0.002000
1971   6   1  41103  -0.108559   0.439641  -0.0892429   0.0030400   0.052689   0.001512   0.020000   0.020000  0.0015000  0.0010000    0.009000    0.002000
1971   6   2  41104  -0.104559   0.441341  -0.0896938   0.0030440   0.052711   0.001433   0.020000   0.020000  0.0015000  0.0010000    0.009000    0.002000
1971   6   3  41105  -0.100658   0.443142  -0.0901297   0.0029980   0.052753   0.001441   0.020000   0.020000  0.0015000  0.0010000    0.009000    0.002000
1971   6   4  41106  -0.096558   0.444742  -0.0904915   0.0028960   0.052633   0.001494   0.020000   0.020000  0.0015000  0.0010000    0.009000    0.002000
1971   6   5  41107  -0.092458   0.446442  -0.0907164   0.0027470   0.052356   0.001476   0.020000   0.020000  0.0015000  0.0010000    0.009000    0.002000
1971   6   6  41108  -0.088357   0.447943  -0.0907863   0.0025710   0.052027   0.001353   0.020000   0.020000  0.0015000  0.0010000    0.009000    0.002000
1971   6   7  41109  -0.084157   0.449543  -0.0906762   0.0024020   0.051718   0.001220   0.020000   0.020000  0.0015000  0.0010000    0.009000    0.002000
1971   6   8  41110  -0.079857   0.450943  -0.0904100   0.0022520   0.051469   0.001197   0.020000   0.020000  0.0015000  0.0010000    0.009000    0.002000
1971   6   9  41111  -0.075557   0.452343  -0.0900219   0.0021750   0.051318   0.001306   0.020000   0.020000  0.0015000  0.0010000    0.009000    0.002000
1971   6  10  41112  -0.071256   0.453644  -0.0895908   0.0021790   0.051287   0.001459   0.020000   0.020000  0.0015000  0.0010000    0.009000    0.002000
1971   6  11  41113  -0.066856   0.454944  -0.0892246   0.0022860   0.051331   0.001558   0.020000   0.020000  0.0015000  0.0010000    0.009000    0.002000
1971   6  12  41114  -0.062556   0.456144  -0.0890115   0.0024810   0.051362   0.001574   0.020000   0.020000  0.0015000  0.0010000    0.009000    0.002000
1971   6  13  41115  -0.058056   0.457244  -0.0890234   0.0027260   0.051317   0.001540   0.020000   0.020000  0.0015000  0.0010000    0.009000    0.002000
1971   6  14  41116  -0.053655   0.458245  -0.0892692   0.0029610   0.051197   0.001499   0.020000   0.020000  0.0015000  0.0010000    0.009000    0.002000
1971   6  15  41117  -0.049155   0.459245  -0.0897311   0.0031270   0.051037   0.001475   0.020000   0.020000  0.0015000  0.0010000    0.009000    0.002000
1971   6  16  41118  -0.044655   0.460145  -0.0903050   0.0031790   0.050866   0.001488   0.020000   0.020000  0.0015000  0.0010000    0.009000    0.002000
1971   6  17  41119  -0.040154   0.460946  -0.0908639   0.0030970   0.050684   0.001556   0.020000   0.020000  0.0015000  0.0010000    0.009000    0.002000
1971   6  18  41120  -0.035654   0.461746  -0.0912777   0.0028950   0.050479   0.001661   0.020000   0.020000  0.0015000  0.0010000    0.009000    0.002000
1971   6  19  41121  -0.031154   0.462346  -0.0914476   0.0026180   0.050244   0.001736   0.020000   0.020000  0.0015000  0.0010000    0.009000    0.002000
1971   6  20  41122  -0.026654   0.462946  -0.0913305   0.0023290   0.050004   0.001708   0.020000   0.020000  0.0015000  0.0010000    0.009000    0.002000
1971   6  21  41123  -0.022153   0.463447  -0.0909444   0.0021030   0.049814   0.001563   0.020000   0.020000  0.0015000  0.0010000    0.009000    0.002000
1971   6  22  41124  -0.017553   0.463947  -0.0903792   0.0019670   0.049750   0.001379   0.020000   0.020000  0.0015000  0.0010000    0.009000    0.002000
1971   6  23  41125  -0.013053   0.464247  -0.0897271   0.0019460   0.049851   0.001284   0.020000   0.020000  0.0015000  0.0010000    0.009000    0.002000
1971   6  24  41126  -0.008553   0.464547  -0.0891240   0.0020330   0.050058   0.001373   0.020000   0.020000  0.0015000  0.0010000    0.009000    0.002000
1971   6  25  41127  -0.004052   0.464748  -0.0886308   0.0021760   0.050203   0.001628   0.020000   0.020000  0.0015000  0.0010000    0.009000    0.002000
1971   6  26  41128   0.000448   0.464848  -0.0882917   0.0023240   0.050119   0.001913   0.020000   0.020000  0.0015000  0.0010000    0.009000    0.002000
1971   6  27  41129   0.004848   0.464848  -0.0881016   0.0024600   0.049774   0.002059   0.020000   0.020000  0.0015000  0.0010000    0.009000    0.002000
1971   6  28  41130   0.009349   0.464849  -0.0880165   0.0025530   0.049305   0.002002   0.020000   0.020000  0.0015000  0.0010000    0.009000    0.002000
1971   6  29  41131   0.013749   0.464649  -0.0879973   0.0025890   0.048910   0.001834   0.020000   0.020000  0.0015000  0.0010000    0.009000    0.002000
1971   6  30  41132   0.018249   0.464449  -0.0879842   0.0025650   0.048685   0.001712   0.020000   0.020000  0.0015000  0.0010000    0.009000    0.002000
1971   7   1  41133   0.022549   0.464149  -0.0879291   0.0024950   0.048553   0.001709   0.020000   0.020000  0.0015000  0.0010000    0.009000    0.002000
1971   7   2  41134   0.026950   0.463750  -0.0877780   0.0023770   0.048357   0.001756   0.020000   0.020000  0.0015000  0.0010000    0.009000    0.002000
1971   7   3  41135   0.031250   0.463250  -0.0874908   0.0022270   0.048021   0.001748   0.020000   0.020000  0.0015000  0.0010000    0.009000    0.002000
1971   7   4  41136   0.035550   0.462650  -0.0870487   0.0020790   0.047614   0.001679   0.020000   0.020000  0.0015000  0.0010000    0.009000    0.002000
1971   7   5  41137   0.039850   0.462050  -0.0864636   0.0019390   0.047259   0.001641   0.020000   0.020000  0.0015000  0.0010000    0.009000    0.002000
1971   7   6  41138   0.044051   0.461351  -0.0857635   0.0018610   0.047014   0.001698   0.020000   0.020000  0.0015000  0.0010000    0.009000    0.002000
1971   7   7  41139   0.048251   0.460551  -0.0850223   0.0018660   0.046870   0.001805   0.020000   0.020000  0.0015000  0.0010000    0.009000    0.002000
1971   7   8  41140   0.052451   0.459651  -0.0843502   0.0019770   0.046823   0.001875   0.020000   0.020000  0.0015000  0.0010000    0.009000    0.002000
1971   7   9  41141   0.056552   0.458652  -0.0838411   0.0022020   0.046880   0.001893   0.020000   0.020000  0.0015000  0.0010000    0.009000    0.002000
1971   7  10  41142   0.060652   0.457652  -0.0835870   0.0024860   0.046971   0.001923   0.020000   0.020000  0.0015000  0.0010000    0.009000    0.002000
1971   7  11  41143   0.064652   0.456552  -0.0836358   0.0027860   0.046919   0.001999   0.020000   0.020000  0.0015000  0.0010000    0.009000    0.002000
1971   7  12  41144   0.068652   0.455352  -0.0839467   0.0030190   0.046594   0.002065   0.020000   0.020000  0.0015000  0.0010000    0.009000    0.002000
1971   7  13  41145   0.072553   0.454053  -0.0844526   0.0031290   0.046070   0.002047   0.020000   0.020000  0.0015000  0.0010000    0.009000    0.002000
1971   7  14  41146   0.076453   0.452753  -0.0849755   0.0030940   0.045600   0.001943   0.020000   0.020000  0.0015000  0.0010000    0.009000    0.002000
1971   7  15  41147   0.080353   0.451353  -0.0854073   0.0029220   0.045389   0.001833   0.020000   0.020000  0.0015000  0.0010000    0.009000    0.002000
1971   7  16  41148   0.084153   0.449853  -0.0856142   0.0026740   0.045405   0.001794   0.020000   0.020000  0.0015000  0.0010000    0.009000    0.002000
1971   7  17  41149   0.087954   0.448354  -0.0855611   0.0024120   0.045428   0.001824   0.020000   0.020000  0.0015000  0.0010000    0.009000    0.002000
1971   7  18  41150   0.091754   0.446854  -0.0852650   0.0021870   0.045286   0.001843   0.020000   0.020000  0.0015000  0.0010000    0.009000    0.002000
1971   7  19  41151   0.095454   0.445154  -0.0847838   0.0020500   0.045027   0.001769   0.020000   0.020000  0.0015000  0.0010000    0.009000    0.002000
1971   7  20  41152   0.099055   0.443555  -0.0842197   0.0020210   0.044846   0.001602   0.020000   0.020000  0.0015000  0.0010000    0.009000    0.002000
1971   7  21  41153   0.102755   0.441755  -0.0836676   0.0020810   0.044868   0.001455   0.020000   0.020000  0.0015000  0.0010000    0.009000    0.002000
1971   7  22  41154   0.106355   0.440055  -0.0832145   0.0022020   0.045034   0.001478   0.020000   0.020000  0.0015000  0.0010000    0.009000    0.002000
1971   7  23  41155   0.109955   0.438255  -0.0828923   0.0023530   0.045188   0.001722   0.020000   0.020000  0.0015000  0.0010000    0.009000    0.002000
1971   7  24  41156   0.113456   0.436356  -0.0827282   0.0025050   0.045200   0.002068   0.020000   0.020000  0.0015000  0.0010000    0.009000    0.002000
1971   7  25  41157   0.116956   0.434456  -0.0826981   0.0026070   0.045013   0.002303   0.020000   0.020000  0.0015000  0.0010000    0.009000    0.002000
1971   7  26  41158   0.120456   0.432556  -0.0827430   0.0026630   0.044640   0.002304   0.020000   0.020000  0.0015000  0.0010000    0.009000    0.002000
1971   7  27  41159   0.123856   0.430556  -0.0828128   0.0026450   0.044191   0.002141   0.020000   0.020000  0.0015000  0.0010000    0.009000    0.002000
1971   7  28  41160   0.127357   0.428557  -0.0828227   0.0025670   0.043840   0.001989   0.020000   0.020000  0.0015000  0.0010000    0.009000    0.002000
1971   7  29  41161   0.130757   0.426557  -0.0827486   0.0024480   0.043675   0.001935   0.020000   0.020000  0.0015000  0.0010000    0.009000    0.002000
1971   7  30  41162   0.134057   0.424557  -0.0825165   0.0022940   0.043588   0.001910   0.020000   0.020000  0.0015000  0.0010000    0.009000    0.002000
1971   7  31  41163   0.137358   0.422458  -0.0821333   0.0021180   0.043389   0.001809   0.020000   0.020000  0.0015000  0.0010000    0.009000    0.002000
1971   8   1  41164   0.140658   0.420358  -0.0815852   0.0019620   0.043046   0.001657   0.020000   0.020000  0.0015000  0.0010000    0.009000    0.002000
1971   8   2  41165   0.143958   0.418258  -0.0808891   0.0018450   0.042725   0.001592   0.020000   0.020000  0.0015000  0.0010000    0.009000    0.002000
1971   8   3  41166   0.147258   0.416158  -0.0801190   0.0018090   0.042573   0.001680   0.020000   0.020000  0.0015000  0.0010000    0.009000    0.002000
1971   8   4  41167   0.150459   0.413959  -0.0793499   0.0018620   0.042571   0.001812   0.020000   0.020000  0.0015000  0.0010000    0.009000    0.002000
1971   8   5  41168   0.153559   0.411759  -0.0787007   0.0020360   0.042641   0.001840   0.020000   0.020000  0.0015000  0.0010000    0.009000    0.002000
1971   8   6  41169   0.156759   0.409559  -0.0782736   0.0023140   0.042763   0.001785   0.020000   0.020000  0.0015000  0.0010000    0.009000    0.002000
1971   8   7  41170   0.159859   0.407359  -0.0781525   0.0026240   0.042884   0.001799   0.020000   0.020000  0.0015000  0.0010000    0.009000    0.002000
1971   8   8  41171   0.162960   0.405160  -0.0783294   0.0029050   0.042831   0.001933   0.020000   0.020000  0.0015000  0.0010000    0.009000    0.002000
1971   8   9  41172   0.165960   0.402860  -0.0787432   0.0030680   0.042468   0.002056   0.020000   0.020000  0.0015000  0.0010000    0.009000    0.002000
1971   8  10  41173   0.168960   0.400560  -0.0792291   0.0030670   0.041894   0.002040   0.020000   0.020000  0.0015000  0.0010000    0.009000    0.002000
1971   8  11  41174   0.171861   0.398261  -0.0796340   0.0029080   0.041382   0.001919   0.020000   0.020000  0.0015000  0.0010000    0.009000    0.002000
1971   8  12  41175   0.174761   0.395961  -0.0798199   0.0026440   0.041145   0.001816   0.020000   0.020000  0.0015000  0.0010000    0.009000    0.002000
1971   8  13  41176   0.177661   0.393661  -0.0797318   0.0023620   0.041187   0.001780   0.020000   0.020000  0.0015000  0.0010000    0.009000    0.002000
1971   8  14  41177   0.180461   0.391261  -0.0793796   0.0021250   0.041337   0.001769   0.020000   0.020000  0.0015000  0.0010000    0.009000    0.002000
1971   8  15  41178   0.183162   0.388862  -0.0788445   0.0019910   0.041400   0.001739   0.020000   0.020000  0.0015000  0.0010000    0.009000    0.002000
1971   8  16  41179   0.185862   0.386462  -0.0782184   0.0019670   0.041324   0.001677   0.020000   0.020000  0.0015000  0.0010000    0.009000    0.002000
1971   8  17  41180   0.188462   0.384062  -0.0776213   0.0020430   0.041238   0.001591   0.020000   0.020000  0.0015000  0.0010000    0.009000    0.002000
1971   8  18  41181   0.191063   0.381563  -0.0771412   0.0021960   0.041287   0.001525   0.020000   0.020000  0.0015000  0.0010000    0.009000    0.002000
1971   8  19  41182   0.193563   0.379063  -0.0768360   0.0023890   0.041477   0.001572   0.020000   0.020000  0.0015000  0.0010000    0.009000    0.002000
1971   8  20  41183   0.196063   0.376563  -0.0767289   0.0025860   0.041694   0.001809   0.020000   0.020000  0.0015000  0.0010000    0.009000    0.002000
1971   8  21  41184   0.198463   0.373963  -0.0768088   0.0027540   0.041828   0.002195   0.020000   0.020000  0.0015000  0.0010000    0.009000    0.002000
1971   8  22  41185   0.200764   0.371364  -0.0770407   0.0028710   0.041807   0.002536   0.020000   0.020000  0.0015000  0.0010000    0.009000    0.002000
1971   8  23  41186   0.202964   0.368764  -0.0773476   0.0029230   0.041590   0.002641   0.020000   0.020000  0.0015000  0.0010000    0.009000    0.002000
1971   8  24  41187   0.205164   0.366064  -0.0776854   0.0029110   0.041229   0.002492   0.020000   0.020000  0.0015000  0.0010000    0.009000    0.002000
1971   8  25  41188   0.207264   0.363364  -0.0779603   0.0028320   0.040913   0.002254   0.020000   0.020000  0.0015000  0.0010000    0.009000    0.002000
1971   8  26  41189   0.209265   0.360565  -0.0781562   0.0027240   0.040821   0.002082   0.020000   0.020000  0.0015000  0.0010000    0.009000    0.002000
1971   8  27  41190   0.211165   0.357765  -0.0782121   0.0025880   0.040910   0.001958   0.020000   0.020000  0.0015000  0.0010000    0.009000    0.002000
1971   8  28  41191   0.213065   0.354965  -0.0781540   0.0024580   0.040929   0.001778   0.020000   0.020000  0.0015000  0.0010000    0.009000    0.002000
1971   8  29  41192   0.214766   0.352066  -0.0779698   0.0023590   0.040728   0.001550   0.020000   0.020000  0.0015000  0.0010000    0.009000    0.002000
1971   8  30  41193   0.216466   0.349066  -0.0777117   0.0023170   0.040448   0.001428   0.020000   0.020000  0.0015000  0.0010000    0.009000    0.002000
1971   8  31  41194   0.218066   0.346066  -0.0774516   0.0023600   0.040326   0.001516   0.020000   0.020000  0.0015000  0.0010000    0.009000    0.002000
1971   9   1  41195   0.219566   0.343066  -0.0772865   0.0024970   0.040409   0.001696   0.020000   0.020000  0.0015000  0.0010000    0.009000    0.002000
1971   9   2  41196   0.221067   0.339967  -0.0773004   0.0027400   0.040590   0.001768   0.020000   0.020000  0.0015000  0.0010000    0.009000    0.002000
1971   9   3  41197   0.222367   0.336767  -0.0776002   0.0030470   0.040781   0.001730   0.020000   0.020000  0.0015000  0.0010000    0.009000    0.002000
1971   9   4  41198   0.223667   0.333567  -0.0782181   0.0033630   0.040893   0.001766   0.020000   0.020000  0.0015000  0.0010000    0.009000    0.002000
1971   9   5  41199   0.224867   0.330267  -0.0791190   0.0035990   0.040799   0.001940   0.020000   0.020000  0.0015000  0.0010000    0.009000    0.002000
1971   9   6  41200   0.225968   0.326968  -0.0801739   0.0036800   0.040489   0.002070   0.020000   0.020000  0.0015000  0.0010000    0.009000    0.002000
1971   9   7  41201   0.226968   0.323568  -0.0812178   0.0035690   0.040169   0.002019   0.020000   0.020000  0.0015000  0.0010000    0.009000    0.002000
1971   9   8  41202   0.227868   0.320168  -0.0820797   0.0033160   0.040005   0.001917   0.020000   0.020000  0.0015000  0.0010000    0.009000    0.002000
1971   9   9  41203   0.228669   0.316669  -0.0826455   0.0029900   0.039931   0.001953   0.020000   0.020000  0.0015000  0.0010000    0.009000    0.002000
1971   9  10  41204   0.229469   0.313169  -0.0828774   0.0026750   0.039850   0.002074   0.020000   0.020000  0.0015000  0.0010000    0.009000    0.002000
1971   9  11  41205   0.230169   0.309569  -0.0828463   0.0024510   0.039842   0.002078   0.020000   0.020000  0.0015000  0.0010000    0.009000    0.002000
1971   9  12  41206   0.230769   0.305969  -0.0826492   0.0023580   0.040002   0.001929   0.020000   0.020000  0.0015000  0.0010000    0.009000    0.002000
1971   9  13  41207   0.231270   0.302270  -0.0824201   0.0023790   0.040240   0.001794   0.020000   0.020000  0.0015000  0.0010000    0.009000    0.002000
1971   9  14  41208   0.231770   0.298570  -0.0822549   0.0024830   0.040414   0.001810   0.020000   0.020000  0.0015000  0.0010000    0.009000    0.002000
1971   9  15  41209   0.232070   0.294870  -0.0822218   0.0026340   0.040532   0.001948   0.020000   0.020000  0.0015000  0.0010000    0.009000    0.002000
1971   9  16  41210   0.232370   0.291070  -0.0823467   0.0027960   0.040700   0.002135   0.020000   0.020000  0.0015000  0.0010000    0.009000    0.002000
1971   9  17  41211   0.232571   0.287271  -0.0826266   0.0029490   0.040940   0.002375   0.020000   0.020000  0.0015000  0.0010000    0.009000    0.002000
1971   9  18  41212   0.232771   0.283371  -0.0830395   0.0030590   0.041177   0.002693   0.020000   0.020000  0.0015000  0.0010000    0.009000    0.002000
1971   9  19  41213   0.232871   0.279471  -0.0835444   0.0031200   0.041312   0.003001   0.020000   0.020000  0.0015000  0.0010000    0.009000    0.002000
1971   9  20  41214   0.232872   0.275572  -0.0840782   0.0031170   0.041274   0.003114   0.020000   0.020000  0.0015000  0.0010000    0.009000    0.002000
1971   9  21  41215   0.232772   0.271672  -0.0845681   0.0030530   0.041074   0.002941   0.020000   0.020000  0.0015000  0.0010000    0.009000    0.002000
1971   9  22  41216   0.232672   0.267672  -0.0849790   0.0029530   0.040855   0.002612   0.020000   0.020000  0.0015000  0.0010000    0.009000    0.002000
1971   9  23  41217   0.232472   0.263772  -0.0852749   0.0028280   0.040807   0.002337   0.020000   0.020000  0.0015000  0.0010000    0.009000    0.002000
1971   9  24  41218   0.232173   0.259773  -0.0854448   0.0027040   0.040975   0.002188   0.020000   0.020000  0.0015000  0.0010000    0.009000    0.002000
1971   9  25  41219   0.231873   0.255773  -0.0854997   0.0026150   0.041170   0.002069   0.020000   0.020000  0.0015000  0.0010000    0.009000    0.002000
1971   9  26  41220   0.231473   0.251773  -0.0854996   0.0025750   0.041177   0.001912   0.020000   0.020000  0.0015000  0.0010000    0.009000    0.002000
1971   9  27  41221   0.231073   0.247873  -0.0854934   0.0026060   0.041018   0.001803   0.020000   0.020000  0.0015000  0.0010000    0.009000    0.002000
1971   9  28  41222   0.230574   0.243874  -0.0855623   0.0027280   0.040909   0.001854   0.020000   0.020000  0.0015000  0.0010000    0.009000    0.002000
1971   9  29  41223   0.230074   0.239874  -0.0857932   0.0029400   0.040985   0.002010   0.020000   0.020000  0.0015000  0.0010000    0.009000    0.002000
1971   9  30  41224   0.229474   0.235974  -0.0862921   0.0032500   0.041203   0.002104   0.020000   0.020000  0.0015000  0.0010000    0.009000    0.002000
1971  10   1  41225   0.228875   0.231975  -0.0871270   0.0036040   0.041443   0.002110   0.020000   0.020000  0.0015000  0.0010000    0.009000    0.002000
1971  10   2  41226   0.228175   0.228075  -0.0882999   0.0039190   0.041564   0.002192   0.020000   0.020000  0.0015000  0.0010000    0.009000    0.002000
1971  10   3  41227   0.227475   0.224175  -0.0897287   0.0041150   0.041448   0.002405   0.020000   0.020000  0.0015000  0.0010000    0.009000    0.002000
1971  10   4  41228   0.226675   0.220275  -0.0912916   0.0041500   0.041202   0.002537   0.020000   0.020000  0.0015000  0.0010000    0.009000    0.002000
1971  10   5  41229   0.225876   0.216376  -0.0927785   0.0039970   0.041171   0.002423   0.020000   0.020000  0.0015000  0.0010000    0.009000    0.002000
1971  10   6  41230   0.224976   0.212476  -0.0940634   0.0037190   0.041495   0.002260   0.020000   0.020000  0.0015000  0.0010000    0.009000    0.002000
1971  10   7  41231   0.224076   0.208676  -0.0950353   0.0034080   0.041825   0.002348   0.020000   0.020000  0.0015000  0.0010000    0.009000    0.002000
1971  10   8  41232   0.223176   0.204876  -0.0957112   0.0031590   0.041792   0.002628   0.020000   0.020000  0.0015000  0.0010000    0.009000    0.002000
1971  10   9  41233   0.222177   0.201077  -0.0961941   0.0030200   0.041559   0.002756   0.020000   0.020000  0.0015000  0.0010000    0.009000    0.002000
1971  10  10  41234   0.221177   0.197277  -0.0966039   0.0030010   0.041565   0.002600   0.020000   0.020000  0.0015000  0.0010000    0.009000    0.002000
1971  10  11  41235   0.220077   0.193577  -0.0970498   0.0030850   0.041880   0.002410   0.020000   0.020000  0.0015000  0.0010000    0.009000    0.002000
1971  10  12  41236   0.219078   0.189878  -0.0976117   0.0032250   0.042191   0.002463   0.020000   0.020000  0.0015000  0.0010000    0.009000    0.002000
1971  10  13  41237   0.217878   0.186178  -0.0983246   0.0033910   0.042325   0.002736   0.020000   0.020000  0.0015000  0.0010000    0.009000    0.002000
1971  10  14  41238   0.216778   0.182578  -0.0991985   0.0035320   0.042429   0.003027   0.020000   0.020000  0.0015000  0.0010000    0.009000    0.002000
1971  10  15  41239   0.215578   0.178978  -0.1001964   0.0036350   0.042670   0.003233   0.020000   0.020000  0.0015000  0.0010000    0.009000    0.002000
1971  10  16  41240   0.214379   0.175379  -0.1012623   0.0036780   0.043001   0.003410   0.020000   0.020000  0.0015000  0.0010000    0.009000    0.002000
1971  10  17  41241   0.213079   0.171879  -0.1023511   0.0036800   0.043268   0.003588   0.020000   0.020000  0.0015000  0.0010000    0.009000    0.002000
1971  10  18  41242   0.211879   0.168379  -0.1034120   0.0036120   0.043365   0.003661   0.020000   0.020000  0.0015000  0.0010000    0.009000    0.002000
1971  10  19  41243   0.210579   0.164979  -0.1043779   0.0035030   0.043282   0.003516   0.020000   0.020000  0.0015000  0.0010000    0.009000    0.002000
1971  10  20  41244   0.209180   0.161480  -0.1052178   0.0033630   0.043104   0.003217   0.020000   0.020000  0.0015000  0.0010000    0.009000    0.002000
1971  10  21  41245   0.207880   0.158180  -0.1059107   0.0032170   0.042986   0.002970   0.020000   0.020000  0.0015000  0.0010000    0.009000    0.002000
1971  10  22  41246   0.206480   0.154780  -0.1064766   0.0030890   0.043060   0.002907   0.020000   0.020000  0.0015000  0.0010000    0.009000    0.002000
1971  10  23  41247   0.205081   0.151481  -0.1069245   0.0030050   0.043301   0.002961   0.020000   0.020000  0.0015000  0.0010000    0.009000    0.002000
1971  10  24  41248   0.203681   0.148281  -0.1073184   0.0029860   0.043534   0.002990   0.020000   0.020000  0.0015000  0.0010000    0.009000    0.002000
1971  10  25  41249   0.202181   0.145081  -0.1077312   0.0030470   0.043630   0.002959   0.020000   0.020000  0.0015000  0.0010000    0.009000    0.002000
1971  10  26  41250   0.200781   0.141981  -0.1082611   0.0032070   0.043646   0.002942   0.020000   0.020000  0.0015000  0.0010000    0.009000    0.002000
1971  10  27  41251   0.199282   0.138882  -0.1089830   0.0034380   0.043731   0.002972   0.020000   0.020000  0.0015000  0.0010000    0.009000    0.002000
1971  10  28  41252   0.197782   0.135782  -0.1099669   0.0037250   0.043944   0.003000   0.020000   0.020000  0.0015000  0.0010000    0.009000    0.002000
1971  10  29  41253   0.196282   0.132782  -0.1112448   0.0040170   0.044199   0.003026   0.020000   0.020000  0.0015000  0.0010000    0.009000    0.002000
1971  10  30  41254   0.194682   0.129882  -0.1127987   0.0042460   0.044320   0.003152   0.020000   0.020000  0.0015000  0.0010000    0.009000    0.002000
1971  10  31  41255   0.193183   0.126983  -0.1145136   0.0043480   0.044181   0.003396   0.020000   0.020000  0.0015000  0.0010000    0.009000    0.002000
1971  11   1  41256   0.191583   0.124183  -0.1162485   0.0042850   0.043920   0.003548   0.020000   0.020000  0.0015000  0.0010000    0.009000    0.002000
1971  11   2  41257   0.189983   0.121383  -0.1178534   0.0040730   0.043929   0.003417   0.020000   0.020000  0.0015000  0.0010000    0.009000    0.002000
1971  11   3  41258   0.188284   0.118684  -0.1191862   0.0037790   0.044409   0.003161   0.020000   0.020000  0.0015000  0.0010000    0.009000    0.002000
1971  11   4  41259   0.186684   0.115984  -0.1202131   0.0034850   0.045008   0.003132   0.020000   0.020000  0.0015000  0.0010000    0.009000    0.002000
1971  11   5  41260   0.184984   0.113384  -0.1209970   0.0032930   0.045217   0.003401   0.020000   0.020000  0.0015000  0.0010000    0.009000    0.002000
1971  11   6  41261   0.183284   0.110784  -0.1216549   0.0032230   0.045037   0.003662   0.020000   0.020000  0.0015000  0.0010000    0.009000    0.002000
1971  11   7  41262   0.181585   0.108285  -0.1223158   0.0032860   0.044919   0.003674   0.020000   0.020000  0.0015000  0.0010000    0.009000    0.002000
1971  11   8  41263   0.179785   0.105785  -0.1230727   0.0034170   0.045079   0.003562   0.020000   0.020000  0.0015000  0.0010000    0.009000    0.002000
1971  11   9  41264   0.177985   0.103385  -0.1239776   0.0035850   0.045279   0.003588   0.020000   0.020000  0.0015000  0.0010000    0.009000    0.002000
1971  11  10  41265   0.176186   0.100986  -0.1250365   0.0037290   0.045304   0.003789   0.020000   0.020000  0.0015000  0.0010000    0.009000    0.002000
1971  11  11  41266   0.174286   0.098686  -0.1262324   0.0038250   0.045292   0.003995   0.020000   0.020000  0.0015000  0.0010000    0.009000    0.002000
1971  11  12  41267   0.172486   0.096386  -0.1274883   0.0038710   0.045457   0.004091   0.020000   0.020000  0.0015000  0.0010000    0.009000    0.002000
1971  11  13  41268   0.170486   0.094186  -0.1287741   0.0038610   0.045771   0.004135   0.020000   0.020000  0.0015000  0.0010000    0.009000    0.002000
1971  11  14  41269   0.168587   0.091987  -0.1300110   0.0037940   0.046042   0.004215   0.020000   0.020000  0.0015000  0.0010000    0.009000    0.002000
1971  11  15  41270   0.166587   0.089887  -0.1311669   0.0036780   0.046149   0.004290   0.020000   0.020000  0.0015000  0.0010000    0.009000    0.002000
1971  11  16  41271   0.164587   0.087787  -0.1321648   0.0035150   0.046090   0.004253   0.020000   0.020000  0.0015000  0.0010000    0.009000    0.002000
1971  11  17  41272   0.162487   0.085787  -0.1330007   0.0033390   0.045911   0.004098   0.020000   0.020000  0.0015000  0.0010000    0.009000    0.002000
1971  11  18  41273   0.160388   0.083688  -0.1336556   0.0031650   0.045697   0.003969   0.020000   0.020000  0.0015000  0.0010000    0.009000    0.002000
1971  11  19  41274   0.158288   0.081788  -0.1341535   0.0030190   0.045597   0.004000   0.020000   0.020000  0.0015000  0.0010000    0.009000    0.002000
1971  11  20  41275   0.156088   0.079788  -0.1345434   0.0029440   0.045733   0.004165   0.020000   0.020000  0.0015000  0.0010000    0.009000    0.002000
1971  11  21  41276   0.153889   0.077889  -0.1348853   0.0029460   0.046061   0.004315   0.020000   0.020000  0.0015000  0.0010000    0.009000    0.002000
1971  11  22  41277   0.151589   0.075989  -0.1352622   0.0030210   0.046391   0.004343   0.020000   0.020000  0.0015000  0.0010000    0.009000    0.002000
1971  11  23  41278   0.149289   0.074189  -0.1357731   0.0031820   0.046591   0.004266   0.020000   0.020000  0.0015000  0.0010000    0.009000    0.002000
1971  11  24  41279   0.146989   0.072389  -0.1364629   0.0033940   0.046711   0.004167   0.020000   0.020000  0.0015000  0.0010000    0.009000    0.002000
1971  11  25  41280   0.144590   0.070590  -0.1373748   0.0036080   0.046858   0.004110   0.020000   0.020000  0.0015000  0.0010000    0.009000    0.002000
1971  11  26  41281   0.142190   0.068790  -0.1384947   0.0038010   0.047028   0.004139   0.020000   0.020000  0.0015000  0.0010000    0.009000    0.002000
1971  11  27  41282   0.139690   0.066990  -0.1397546   0.0038910   0.047084   0.004295   0.020000   0.020000  0.0015000  0.0010000    0.009000    0.002000
1971  11  28  41283   0.137190   0.065290  -0.1410415   0.0038490   0.046913   0.004544   0.020000   0.020000  0.0015000  0.0010000    0.009000    0.002000
1971  11  29  41284   0.134591   0.063591  -0.1422264   0.0036810   0.046616   0.004715   0.020000   0.020000  0.0015000  0.0010000    0.009000    0.002000
1971  11  30  41285   0.131991   0.061791  -0.1431903   0.0034130   0.046500   0.004638   0.020000   0.020000  0.0015000  0.0010000    0.009000    0.002000
1971  12   1  41286   0.129391   0.060091  -0.1438632   0.0031150   0.046777   0.004375   0.020000   0.020000  0.0015000  0.0010000    0.009000    0.002000
1971  12   2  41287   0.126692   0.058492  -0.1442481   0.0028690   0.047286   0.004204   0.020000   0.020000  0.0015000  0.0010000    0.009000    0.002000
1971  12   3  41288   0.123992   0.056792  -0.1444490   0.0027340   0.047666   0.004303   0.020000   0.020000  0.0015000  0.0010000    0.009000    0.002000
1971  12   4  41289   0.121192   0.055092  -0.1445799   0.0027280   0.047794   0.004559   0.020000   0.020000  0.0015000  0.0010000    0.009000    0.002000
1971  12   5  41290   0.118392   0.053492  -0.1447678   0.0028320   0.047861   0.004750   0.020000   0.020000  0.0015000  0.0010000    0.009000    0.002000
1971  12   6  41291   0.115493   0.051893  -0.1450797   0.0029850   0.048002   0.004808   0.020000   0.020000  0.0015000  0.0010000    0.009000    0.002000
1971  12   7  41292   0.112593   0.050293  -0.1455376   0.0031250   0.048096   0.004812   0.020000   0.020000  0.0015000  0.0010000    0.009000    0.002000
1971  12   8  41293   0.109693   0.048693  -0.1461374   0.0032360   0.048020   0.004813   0.020000   0.020000  0.0015000  0.0010000    0.009000    0.002000
1971  12   9  41294   0.106693   0.047093  -0.1468013   0.0032820   0.047884   0.004782   0.020000   0.020000  0.0015000  0.0010000    0.009000    0.002000
1971  12  10  41295   0.103694   0.045494  -0.1475012   0.0032780   0.047872   0.004715   0.020000   0.020000  0.0015000  0.0010000    0.009000    0.002000
1971  12  11  41296   0.100694   0.043994  -0.1481581   0.0032180   0.047993   0.004682   0.020000   0.020000  0.0015000  0.0010000    0.009000    0.002000
1971  12  12  41297   0.097594   0.042394  -0.1487310   0.0030990   0.048109   0.004741   0.020000   0.020000  0.0015000  0.0010000    0.009000    0.002000
1971  12  13  41298   0.094495   0.040895  -0.1491629   0.0029520   0.048137   0.004845   0.020000   0.020000  0.0015000  0.0010000    0.009000    0.002000
1971  12  14  41299   0.091295   0.039495  -0.1494378   0.0027770   0.048091   0.004889   0.020000   0.020000  0.0015000  0.0010000    0.009000    0.002000
1971  12  15  41300   0.088095   0.037995  -0.1495377   0.0026170   0.047986   0.004839   0.020000   0.020000  0.0015000  0.0010000    0.009000    0.002000
1971  12  16  41301   0.084895   0.036595  -0.1494826   0.0024800   0.047814   0.004778   0.020000   0.020000  0.0015000  0.0010000    0.009000    0.002000
1971  12  17  41302   0.081696   0.035196  -0.1493365   0.0024080   0.047641   0.004804   0.020000   0.020000  0.0015000  0.0010000    0.009000    0.002000
1971  12  18  41303   0.078396   0.033796  -0.1491444   0.0024030   0.047621   0.004920   0.020000   0.020000  0.0015000  0.0010000    0.009000    0.002000
1971  12  19  41304   0.075096   0.032496  -0.1489903   0.0024920   0.047843   0.005031   0.020000   0.020000  0.0015000  0.0010000    0.009000    0.002000
1971  12  20  41305   0.071796   0.031196  -0.1489652   0.0026620   0.048206   0.005054   0.020000   0.020000  0.0015000  0.0010000    0.009000    0.002000
1971  12  21  41306   0.068397   0.029897  -0.1491511   0.0028850   0.048510   0.004989   0.020000   0.020000  0.0015000  0.0010000    0.009000    0.002000
1971  12  22  41307   0.065097   0.028697  -0.1495580   0.0031190   0.048646   0.004904   0.020000   0.020000  0.0015000  0.0010000    0.009000    0.002000
1971  12  23  41308   0.061697   0.027497  -0.1501849   0.0033130   0.048648   0.004867   0.020000   0.020000  0.0015000  0.0010000    0.009000    0.002000
1971  12  24  41309   0.058198   0.026298  -0.1509658   0.0034200   0.048586   0.004912   0.020000   0.020000  0.0015000  0.0010000    0.009000    0.002000
1971  12  25  41310   0.054798   0.025198  -0.1517957   0.0034100   0.048467   0.005044   0.020000   0.020000  0.0015000  0.0010000    0.009000    0.002000
1971  12  26  41311   0.051298   0.024198  -0.1525556   0.0032800   0.048272   0.005229   0.020000   0.020000  0.0015000  0.0010000    0.009000    0.002000
1971  12  27  41312   0.047898   0.023098  -0.1531444   0.0030670   0.048045   0.005373   0.020000   0.020000  0.0015000  0.0010000    0.009000    0.002000
1971  12  28  41313   0.044399   0.022099  -0.1534953   0.0028140   0.047916   0.005364   0.020000   0.020000  0.0015000  0.0010000    0.009000    0.002000
1971  12  29  41314   0.040899   0.021199  -0.1535992   0.0025860   0.048007   0.005189   0.020000   0.020000  0.0015000  0.0010000    0.009000    0.002000
1971  12  30  41315   0.037399   0.020299  -0.1535161   0.0024550   0.048313   0.004982   0.020000   0.020000  0.0015000  0.0010000    0.009000    0.002000
1971  12  31  41316   0.033899   0.019499  -0.1533590   0.0024410   0.048711   0.004914   0.020000   0.020000  0.0015000  0.0010000    0.009000    0.002000
