

                   INTERNATIONAL EARTH ROTATION AND REFERENCE SYSTEMS SERVICE
                        EARTH ORIENTATION PARAMETERS
                          EOP (IERS) 08 C04

  
             FORMAT(3(I4),I7,2(F11.6),2(F12.7),2(F11.6),2(F11.6),2(F11.7),2F12.6)
**********************************************************************************
  
      Date      MJD      x          y        UT1-UTC       LOD         dPsi      dEps       x Err     y Err   UT1-UTC Err  LOD Err    dPsi Err   dEpsilon Err
                         "          "           s           s            "         "        "          "          s           s            "         "
     (0h UTC)

2011   1   1  55562   0.130780   0.203060  -0.1405590   0.0003001  -0.067276  -0.006066   0.000144   0.000141  0.0000129  0.0000218    0.000016    0.000020
2011   1   2  55563   0.127352   0.202170  -0.1408005   0.0002060  -0.067154  -0.006259   0.000139   0.000144  0.0000013  0.0000209    0.000001    0.000002
2011   1   3  55564   0.124663   0.201341  -0.1409736   0.0001672  -0.066991  -0.006413   0.000123   0.000130  0.0000015  0.0000251    0.000018    0.000016
2011   1   4  55565   0.121413   0.200758  -0.1411296   0.0001977  -0.066779  -0.006391   0.000121   0.000134  0.0000004  0.0000279    0.000035    0.000033
2011   1   5  55566   0.117765   0.200098  -0.1413483   0.0002535  -0.066569  -0.006232   0.000125   0.000137  0.0000017  0.0000294    0.000109    0.000058
2011   1   6  55567   0.113935   0.199864  -0.1416403   0.0003698  -0.066401  -0.006019   0.000135   0.000292  0.0000160  0.0000295    0.000225    0.000121
2011   1   7  55568   0.109984   0.199410  -0.1420670   0.0004851  -0.066398  -0.005905   0.000131   0.000145  0.0000054  0.0000277    0.000191    0.000100
2011   1   8  55569   0.106068   0.198759  -0.1425991   0.0005498  -0.066390  -0.005966   0.000136   0.000146  0.0000029  0.0000225    0.000165    0.000086
2011   1   9  55570   0.102803   0.197486  -0.1431333   0.0005877  -0.067587  -0.006205   0.000145   0.000142  0.0000010  0.0000222    0.000038    0.000019
2011   1  10  55571   0.101064   0.196439  -0.1437230   0.0005867  -0.067491  -0.006285   0.000146   0.000137  0.0000011  0.0000272    0.000016    0.000009
2011   1  11  55572   0.099677   0.196083  -0.1443239   0.0005863  -0.067021  -0.006240   0.000145   0.000139  0.0000006  0.0000282    0.000070    0.000037
2011   1  12  55573   0.098924   0.195678  -0.1449071   0.0005596  -0.066600  -0.006201   0.000145   0.000138  0.0000178  0.0000300    0.000123    0.000064
2011   1  13  55574   0.097784   0.195955  -0.1454671   0.0005228  -0.065474  -0.006256   0.000157   0.000150  0.0000246  0.0000335    0.000135    0.000130
2011   1  14  55575   0.095478   0.196087  -0.1459359   0.0004222  -0.065818  -0.006393   0.000156   0.000150  0.0000014  0.0000338    0.000218    0.000124
2011   1  15  55576   0.092346   0.195875  -0.1463947   0.0003470  -0.066477  -0.006458   0.000157   0.000142  0.0000269  0.0000258    0.000304    0.000121
2011   1  16  55577   0.088836   0.195929  -0.1466375   0.0002847  -0.067239  -0.005886   0.000151   0.000135  0.0000013  0.0000213    0.001344    0.000227
2011   1  17  55578   0.085077   0.195548  -0.1468916   0.0002530  -0.067620  -0.006027   0.000140   0.000137  0.0000013  0.0000250    0.000960    0.000170
2011   1  18  55579   0.081199   0.195268  -0.1471788   0.0003525  -0.067724  -0.006449   0.000137   0.000139  0.0000125  0.0000249    0.000561    0.000111
2011   1  19  55580   0.077814   0.194802  -0.1475593   0.0004249  -0.067603  -0.007050   0.000136   0.000138  0.0000037  0.0000269    0.000058    0.000037
2011   1  20  55581   0.074547   0.194696  -0.1480420   0.0006156  -0.066928  -0.007167   0.000150   0.000151  0.0000081  0.0000308    0.000094    0.000045
2011   1  21  55582   0.071277   0.194666  -0.1487934   0.0008446  -0.066238  -0.006979   0.000146   0.000146  0.0000051  0.0000310    0.000144    0.000056
2011   1  22  55583   0.067767   0.194591  -0.1497052   0.0010434  -0.066150  -0.006630   0.000146   0.000143  0.0000017  0.0000259    0.000129    0.000053
2011   1  23  55584   0.064823   0.194616  -0.1508298   0.0010992  -0.066760  -0.006294   0.000137   0.000133  0.0000009  0.0000226    0.000039    0.000015
2011   1  24  55585   0.060700   0.194896  -0.1519858   0.0011153  -0.067052  -0.006254   0.000382   0.000118  0.0000151  0.0000273    0.000058    0.000027
2011   1  25  55586   0.058225   0.195809  -0.1530855   0.0009803  -0.067113  -0.006376   0.000252   0.000116  0.0000050  0.0000284    0.000078    0.000040
2011   1  26  55587   0.055061   0.196351  -0.1540053   0.0008141  -0.067063  -0.006513   0.000123   0.000117  0.0000076  0.0000276    0.000098    0.000053
2011   1  27  55588   0.052221   0.197284  -0.1547069   0.0005623  -0.066917  -0.006538   0.000133   0.000136  0.0000014  0.0000313    0.000162    0.000095
2011   1  28  55589   0.049422   0.198105  -0.1552193   0.0003172  -0.067028  -0.006726   0.000133   0.000136  0.0000059  0.0000293    0.000146    0.000084
2011   1  29  55590   0.047540   0.198580  -0.1555719   0.0003250  -0.067257  -0.006934   0.000140   0.000131  0.0000176  0.0000225    0.000130    0.000073
2011   1  30  55591   0.046065   0.199346  -0.1558688   0.0002940  -0.067404  -0.007117   0.000135   0.000125  0.0000116  0.0000224    0.000113    0.000062
2011   1  31  55592   0.045103   0.199784  -0.1561855   0.0003321  -0.067360  -0.007235   0.000123   0.000126  0.0000135  0.0000257    0.000097    0.000051
2011   2   1  55593   0.044436   0.200675  -0.1565698   0.0004055  -0.067172  -0.007245   0.000121   0.000119  0.0000047  0.0000265    0.000080    0.000039
2011   2   2  55594   0.043649   0.201453  -0.1570371   0.0005670  -0.067251  -0.006904   0.000121   0.000121  0.0000157  0.0000275    0.000175    0.000040
2011   2   3  55595   0.042813   0.202275  -0.1576789   0.0006853  -0.067251  -0.006590   0.000121   0.000130  0.0000137  0.0000279    0.000418    0.000267
2011   2   4  55596   0.041536   0.202581  -0.1584075   0.0007822  -0.067054  -0.006496   0.000119   0.000128  0.0000048  0.0000284    0.000223    0.000144
2011   2   5  55597   0.040230   0.202910  -0.1592646   0.0008051  -0.066932  -0.006497   0.000119   0.000127  0.0000114  0.0000243    0.000122    0.000070
2011   2   6  55598   0.039049   0.203388  -0.1599922   0.0007784  -0.066919  -0.006621   0.000117   0.000119  0.0000115  0.0000222    0.000115    0.000066
2011   2   7  55599   0.038221   0.204330  -0.1607544   0.0007339  -0.066960  -0.006796   0.000114   0.000115  0.0000133  0.0000254    0.000108    0.000062
2011   2   8  55600   0.037485   0.205738  -0.1614656   0.0006664  -0.066934  -0.006926   0.000111   0.000115  0.0000046  0.0000265    0.000100    0.000058
2011   2   9  55601   0.036206   0.207276  -0.1620482   0.0005868  -0.066808  -0.007058   0.000106   0.000110  0.0000133  0.0000266    0.000331    0.000083
2011   2  10  55602   0.034269   0.208614  -0.1626196   0.0005121  -0.066723  -0.007293   0.000106   0.000109  0.0000103  0.0000265    0.001337    0.000388
2011   2  11  55603   0.032119   0.209566  -0.1630886   0.0004233  -0.066862  -0.007616   0.000110   0.000114  0.0000046  0.0000274    0.000589    0.000210
2011   2  12  55604   0.030689   0.210486  -0.1634603   0.0003795  -0.067137  -0.007868   0.000113   0.000115  0.0000240  0.0000239    0.000191    0.000102
2011   2  13  55605   0.029403   0.211574  -0.1638137   0.0003605  -0.067441  -0.007917   0.000116   0.000122  0.0000139  0.0000229    0.000162    0.000088
2011   2  14  55606   0.027761   0.212381  -0.1641831   0.0004157  -0.067677  -0.007885   0.000119   0.000128  0.0000148  0.0000271    0.000134    0.000074
2011   2  15  55607   0.026137   0.213128  -0.1646698   0.0005830  -0.067767  -0.008034   0.000122   0.000123  0.0000047  0.0000287    0.000106    0.000059
2011   2  16  55608   0.024915   0.214465  -0.1653758   0.0008704  -0.067622  -0.008368   0.000124   0.000104  0.0000153  0.0000300    0.000105    0.000064
2011   2  17  55609   0.023426   0.216252  -0.1663731   0.0011596  -0.067164  -0.008577   0.000123   0.000106  0.0000121  0.0000287    0.000110    0.000074
2011   2  18  55610   0.021780   0.217873  -0.1676468   0.0013994  -0.066636  -0.008373   0.000123   0.000124  0.0000052  0.0000287    0.000116    0.000083
2011   2  19  55611   0.020056   0.218880  -0.1691641   0.0015993  -0.066415  -0.007874   0.000125   0.000126  0.0000193  0.0000258    0.000111    0.000078
2011   2  20  55612   0.018540   0.220039  -0.1707634   0.0016580  -0.066603  -0.007495   0.000128   0.000132  0.0000130  0.0000246    0.000103    0.000068
2011   2  21  55613   0.016811   0.220720  -0.1723944   0.0015231  -0.066953  -0.007449   0.000128   0.000133  0.0000158  0.0000280    0.000096    0.000057
2011   2  22  55614   0.015213   0.221285  -0.1738294   0.0012933  -0.067215  -0.007611   0.000125   0.000087  0.0000057  0.0000280    0.000088    0.000047
2011   2  23  55615   0.013800   0.221985  -0.1750012   0.0010086  -0.067347  -0.007796   0.000127   0.000085  0.0000152  0.0000293    0.000069    0.000020
2011   2  24  55616   0.012264   0.222922  -0.1758420   0.0007092  -0.067389  -0.008156   0.000127   0.000126  0.0000157  0.0000306    0.000075    0.000013
2011   2  25  55617   0.010174   0.223972  -0.1764703   0.0005428  -0.067438  -0.008555   0.000126   0.000128  0.0000052  0.0000305    0.000125    0.000060
2011   2  26  55618   0.007618   0.224746  -0.1769626   0.0004502  -0.067349  -0.008823   0.000130   0.000132  0.0000334  0.0000255    0.000139    0.000073
2011   2  27  55619   0.004972   0.225677  -0.1773799   0.0004291  -0.067302  -0.008929   0.000125   0.000127  0.0000123  0.0000231    0.000135    0.000070
2011   2  28  55620   0.002596   0.226932  -0.1778458   0.0005176  -0.067289  -0.008914   0.000116   0.000118  0.0000137  0.0000264    0.000130    0.000066
2011   3   1  55621   0.000849   0.228229  -0.1784542   0.0006837  -0.067157  -0.008858   0.000114   0.000115  0.0000048  0.0000272    0.000126    0.000062
2011   3   2  55622  -0.000719   0.229390  -0.1791927   0.0008052  -0.067133  -0.008752   0.000113   0.000114  0.0000142  0.0000275    0.000159    0.000076
2011   3   3  55623  -0.001804   0.230504  -0.1800832   0.0009735  -0.067092  -0.008582   0.000112   0.000115  0.0000125  0.0000280    0.000202    0.000096
2011   3   4  55624  -0.002634   0.231982  -0.1811519   0.0011134  -0.067055  -0.008377   0.000114   0.000114  0.0000050  0.0000283    0.000245    0.000115
2011   3   5  55625  -0.003062   0.233502  -0.1823339   0.0012007  -0.066883  -0.008329   0.000114   0.000114  0.0000438  0.0000239    0.000222    0.000105
2011   3   6  55626  -0.003432   0.235531  -0.1835158   0.0011817  -0.066724  -0.008497   0.000116   0.000117  0.0000124  0.0000223    0.000174    0.000083
2011   3   7  55627  -0.004495   0.237507  -0.1846894   0.0010801  -0.066614  -0.008807   0.000117   0.000120  0.0000151  0.0000261    0.000126    0.000062
2011   3   8  55628  -0.005808   0.238965  -0.1857505   0.0009939  -0.066445  -0.009108   0.000116   0.000121  0.0000051  0.0000257    0.000079    0.000041
2011   3   9  55629  -0.006946   0.240519  -0.1867278   0.0009051  -0.066136  -0.009297   0.000117   0.000120  0.0000185  0.0000254    0.000113    0.000048
2011   3  10  55630  -0.007854   0.242336  -0.1876086   0.0008218  -0.065846  -0.009465   0.000119   0.000123  0.0000121  0.0000274    0.000168    0.000063
2011   3  11  55631  -0.008868   0.244260  -0.1884053   0.0007477  -0.065796  -0.009680   0.000119   0.000119  0.0000051  0.0000289    0.000224    0.000078
2011   3  12  55632  -0.010372   0.246245  -0.1891228   0.0006379  -0.066212  -0.009831   0.000119   0.000119  0.0000130  0.0000248    0.000242    0.000087
2011   3  13  55633  -0.011723   0.247995  -0.1897033   0.0005735  -0.066771  -0.009801   0.000114   0.000117  0.0000110  0.0000222    0.000246    0.000095
2011   3  14  55634  -0.013539   0.249713  -0.1903008   0.0006398  -0.067201  -0.009648   0.000107   0.000109  0.0000113  0.0000229    0.000251    0.000104
2011   3  15  55635  -0.015244   0.250602  -0.1910293   0.0008489  -0.067439  -0.009605   0.000107   0.000106  0.0000115  0.0000239    0.000255    0.000112
2011   3  16  55636  -0.016841   0.251710  -0.1919961   0.0010872  -0.067449  -0.009779   0.000109   0.000108  0.0000045  0.0000266    0.000260    0.000120
2011   3  17  55637  -0.018318   0.253073  -0.1932309   0.0013543  -0.066831  -0.010003   0.000109   0.000107  0.0000206  0.0000267    0.000223    0.000109
2011   3  18  55638  -0.019584   0.254456  -0.1946490   0.0015284  -0.066047  -0.009907   0.000107   0.000104  0.0000055  0.0000264    0.000176    0.000094
2011   3  19  55639  -0.020632   0.256005  -0.1962163   0.0016169  -0.065810  -0.009499   0.000107   0.000107  0.0000180  0.0000227    0.000160    0.000087
2011   3  20  55640  -0.021711   0.257728  -0.1978506   0.0015894  -0.066024  -0.009210   0.000109   0.000111  0.0000131  0.0000220    0.000156    0.000084
2011   3  21  55641  -0.022765   0.259764  -0.1993866   0.0014600  -0.066336  -0.009295   0.000110   0.000111  0.0000131  0.0000250    0.000152    0.000080
2011   3  22  55642  -0.024491   0.261832  -0.2007339   0.0012211  -0.066522  -0.009601   0.000110   0.000109  0.0000044  0.0000255    0.000148    0.000077
2011   3  23  55643  -0.025721   0.263444  -0.2018290   0.0009585  -0.066636  -0.009861   0.000110   0.000111  0.0000205  0.0000254    0.000507    0.000228
2011   3  24  55644  -0.026882   0.265329  -0.2027557   0.0008172  -0.066562  -0.010079   0.000108   0.000106  0.0000155  0.0000255    0.001256    0.000244
2011   3  25  55645  -0.027215   0.267034  -0.2035687   0.0008378  -0.066255  -0.010329   0.000107   0.000106  0.0000052  0.0000265    0.000495    0.000113
2011   3  26  55646  -0.027499   0.268987  -0.2044373   0.0008691  -0.065982  -0.010558   0.000107   0.000107  0.0000166  0.0000223    0.000145    0.000068
2011   3  27  55647  -0.028466   0.270774  -0.2053410   0.0009447  -0.066009  -0.010622   0.000108   0.000106  0.0000132  0.0000209    0.000143    0.000067
2011   3  28  55648  -0.029378   0.272664  -0.2063703   0.0010944  -0.066306  -0.010529   0.000108   0.000109  0.0000132  0.0000247    0.000141    0.000065
2011   3  29  55649  -0.030329   0.274325  -0.2075344   0.0012436  -0.066522  -0.010420   0.000107   0.000107  0.0000041  0.0000257    0.000139    0.000064
2011   3  30  55650  -0.030949   0.275765  -0.2088540   0.0013641  -0.066631  -0.010398   0.000107   0.000109  0.0000214  0.0000258    0.000083    0.000024
2011   3  31  55651  -0.031758   0.277492  -0.2102391   0.0014329  -0.066297  -0.010303   0.000109   0.000110  0.0000140  0.0000265    0.000102    0.000036
2011   4   1  55652  -0.033083   0.279070  -0.2117114   0.0014790  -0.065883  -0.010125   0.000108   0.000111  0.0000049  0.0000267    0.000148    0.000065
2011   4   2  55653  -0.034720   0.280652  -0.2131919   0.0014909  -0.065690  -0.010020   0.000108   0.000113  0.0000117  0.0000227    0.000152    0.000063
2011   4   3  55654  -0.036213   0.281938  -0.2146784   0.0014369  -0.065685  -0.010119   0.000100   0.000106  0.0000135  0.0000215    0.000142    0.000050
2011   4   4  55655  -0.037479   0.283617  -0.2160500   0.0013019  -0.065735  -0.010431   0.000091   0.000098  0.0000156  0.0000239    0.000132    0.000037
2011   4   5  55656  -0.039369   0.285435  -0.2172563   0.0011320  -0.065716  -0.010796   0.000093   0.000100  0.0000183  0.0000252    0.000121    0.000023
2011   4   6  55657  -0.041399   0.287004  -0.2183240   0.0009752  -0.065405  -0.011075   0.000097   0.000102  0.0000188  0.0000262    0.000080    0.000014
2011   4   7  55658  -0.042423   0.288704  -0.2192422   0.0008173  -0.065056  -0.011222   0.000097   0.000101  0.0000185  0.0000263    0.000129    0.000047
2011   4   8  55659  -0.042939   0.290931  -0.2199830   0.0007270  -0.064854  -0.011343   0.000094   0.000101  0.0000043  0.0000261    0.000207    0.000091
2011   4   9  55660  -0.043389   0.293415  -0.2207433   0.0007569  -0.064970  -0.011463   0.000097   0.000100  0.0000216  0.0000224    0.000206    0.000095
2011   4  10  55661  -0.043308   0.295695  -0.2214928   0.0008207  -0.065229  -0.011527   0.000096   0.000098  0.0000130  0.0000208    0.000175    0.000084
2011   4  11  55662  -0.043620   0.297675  -0.2223469   0.0009105  -0.065377  -0.011505   0.000092   0.000097  0.0000115  0.0000231    0.000145    0.000073
2011   4  12  55663  -0.043919   0.299584  -0.2233100   0.0010863  -0.065314  -0.011479   0.000094   0.000099  0.0000035  0.0000239    0.000115    0.000063
2011   4  13  55664  -0.044062   0.301844  -0.2244795   0.0012662  -0.065254  -0.011530   0.000092   0.000098  0.0000204  0.0000239    0.000100    0.000044
2011   4  14  55665  -0.044180   0.304194  -0.2258048   0.0014164  -0.065236  -0.011536   0.000088   0.000094  0.0000124  0.0000233    0.000089    0.000023
2011   4  15  55666  -0.044083   0.306683  -0.2273032   0.0015810  -0.065174  -0.011274   0.000090   0.000096  0.0000044  0.0000233    0.000146    0.000071
2011   4  16  55667  -0.043869   0.309390  -0.2289176   0.0016684  -0.065317  -0.010865   0.000092   0.000096  0.0000190  0.0000206    0.000158    0.000084
2011   4  17  55668  -0.044070   0.311932  -0.2305894   0.0016129  -0.065640  -0.010621   0.000057   0.000059  0.0000059  0.0000119    0.000144    0.000075
2011   4  18  55669  -0.044240   0.314342  -0.2321225   0.0014380  -0.065878  -0.010734   0.000022   0.000024  0.0000031  0.0000060    0.000131    0.000066
2011   4  19  55670  -0.044562   0.316350  -0.2334574   0.0012217  -0.065871  -0.011053   0.000022   0.000024  0.0000022  0.0000062    0.000117    0.000057
2011   4  20  55671  -0.044636   0.318394  -0.2345634   0.0009749  -0.065813  -0.011286   0.000022   0.000024  0.0000014  0.0000062    0.000183    0.000081
2011   4  21  55672  -0.044958   0.320435  -0.2354477   0.0007911  -0.065605  -0.011418   0.000022   0.000024  0.0000018  0.0000062    0.000201    0.000089
2011   4  22  55673  -0.045062   0.322209  -0.2361869   0.0007037  -0.065258  -0.011543   0.000022   0.000024  0.0000039  0.0000062    0.000193    0.000088
2011   4  23  55674  -0.045243   0.323933  -0.2368997   0.0007210  -0.064964  -0.011678   0.000022   0.000024  0.0000045  0.0000061    0.000186    0.000088
2011   4  24  55675  -0.045844   0.325797  -0.2376781   0.0008317  -0.065025  -0.011745   0.000022   0.000024  0.0000031  0.0000059    0.000178    0.000087
2011   4  25  55676  -0.046184   0.327511  -0.2385535   0.0009187  -0.065468  -0.011727   0.000022   0.000022  0.0000027  0.0000058    0.000171    0.000086
2011   4  26  55677  -0.046002   0.329180  -0.2395074   0.0010004  -0.065886  -0.011705   0.000022   0.000020  0.0000022  0.0000058    0.000163    0.000085
2011   4  27  55678  -0.045781   0.331332  -0.2405596   0.0010769  -0.065871  -0.011721   0.000022   0.000020  0.0000014  0.0000058    0.000156    0.000085
2011   4  28  55679  -0.045320   0.333581  -0.2416176   0.0011120  -0.065459  -0.011596   0.000022   0.000022  0.0000130  0.0000060    0.000178    0.000094
2011   4  29  55680  -0.045127   0.336151  -0.2427746   0.0011374  -0.065065  -0.011341   0.000022   0.000024  0.0000016  0.0000062    0.000208    0.000106
2011   4  30  55681  -0.044682   0.338518  -0.2438692   0.0010795  -0.064935  -0.011183   0.000022   0.000024  0.0000226  0.0000061    0.000199    0.000101
2011   5   1  55682  -0.044021   0.341134  -0.2449135   0.0009989  -0.065081  -0.011207   0.000022   0.000024  0.0000027  0.0000061    0.000176    0.000090
2011   5   2  55683  -0.043223   0.344033  -0.2458811   0.0009553  -0.065326  -0.011437   0.000020   0.000022  0.0000027  0.0000060    0.000153    0.000078
2011   5   3  55684  -0.042670   0.346724  -0.2468522   0.0009179  -0.065500  -0.011756   0.000019   0.000020  0.0000018  0.0000058    0.000130    0.000067
2011   5   4  55685  -0.042430   0.349103  -0.2476853   0.0008825  -0.066044  -0.011888   0.000019   0.000020  0.0000122  0.0000058    0.000172    0.000044
2011   5   5  55686  -0.041887   0.351228  -0.2485910   0.0008160  -0.066111  -0.011874   0.000019   0.000020  0.0000042  0.0000058    0.000358    0.000146
2011   5   6  55687  -0.041664   0.353483  -0.2494025   0.0007895  -0.065986  -0.011811   0.000019   0.000020  0.0000032  0.0000056    0.000582    0.000286
2011   5   7  55688  -0.041474   0.355308  -0.2502068   0.0008451  -0.065886  -0.011827   0.000019   0.000020  0.0000162  0.0000055    0.000550    0.000279
2011   5   8  55689  -0.041731   0.357342  -0.2510832   0.0009153  -0.065881  -0.011918   0.000020   0.000022  0.0000022  0.0000059    0.000422    0.000217
2011   5   9  55690  -0.041753   0.358940  -0.2521129   0.0011320  -0.065846  -0.012024   0.000022   0.000022  0.0000022  0.0000062    0.000294    0.000155
2011   5  10  55691  -0.041194   0.360775  -0.2533249   0.0013621  -0.065605  -0.012101   0.000022   0.000020  0.0000019  0.0000062    0.000166    0.000094
2011   5  11  55692  -0.039836   0.362864  -0.2548237   0.0015346  -0.065393  -0.012124   0.000020   0.000020  0.0000191  0.0000060    0.000138    0.000076
2011   5  12  55693  -0.038488   0.365452  -0.2564082   0.0017001  -0.065268  -0.012030   0.000019   0.000020  0.0000022  0.0000058    0.000135    0.000070
2011   5  13  55694  -0.036560   0.368175  -0.2581659   0.0018043  -0.065411  -0.011768   0.000020   0.000020  0.0000014  0.0000060    0.000133    0.000064
2011   5  14  55695  -0.034785   0.371189  -0.2599846   0.0018232  -0.065702  -0.011403   0.000022   0.000020  0.0000022  0.0000061    0.000139    0.000070
2011   5  15  55696  -0.033370   0.374018  -0.2617832   0.0017442  -0.066059  -0.011176   0.000020   0.000020  0.0000031  0.0000059    0.000147    0.000080
2011   5  16  55697  -0.032609   0.376432  -0.2634219   0.0015323  -0.066275  -0.011234   0.000019   0.000020  0.0000031  0.0000056    0.000156    0.000091
2011   5  17  55698  -0.031902   0.377941  -0.2648388   0.0012892  -0.066228  -0.011452   0.000019   0.000020  0.0000022  0.0000056    0.000165    0.000101
2011   5  18  55699  -0.031294   0.380008  -0.2659941   0.0010607  -0.066064  -0.011609   0.000019   0.000020  0.0000098  0.0000056    0.000155    0.000092
2011   5  19  55700  -0.030682   0.381597  -0.2669714   0.0008851  -0.065788  -0.011583   0.000019   0.000020  0.0000042  0.0000054    0.000140    0.000077
2011   5  20  55701  -0.029859   0.383254  -0.2677925   0.0007776  -0.065416  -0.011463   0.000019   0.000020  0.0000015  0.0000054    0.000126    0.000062
2011   5  21  55702  -0.028955   0.384760  -0.2685662   0.0007794  -0.065097  -0.011387   0.000019   0.000020  0.0000023  0.0000053    0.000133    0.000064
2011   5  22  55703  -0.028093   0.386195  -0.2693607   0.0008255  -0.065097  -0.011410   0.000019   0.000020  0.0000031  0.0000053    0.000149    0.000072
2011   5  23  55704  -0.026753   0.387690  -0.2702027   0.0008670  -0.065472  -0.011530   0.000019   0.000020  0.0000026  0.0000052    0.000165    0.000080
2011   5  24  55705  -0.025454   0.389209  -0.2710964   0.0009167  -0.065901  -0.011719   0.000019   0.000020  0.0000048  0.0000050    0.000181    0.000087
2011   5  25  55706  -0.023642   0.390864  -0.2719881   0.0008934  -0.065958  -0.011843   0.000019   0.000020  0.0000114  0.0000050    0.001708    0.000099
2011   5  26  55707  -0.021999   0.393072  -0.2729066   0.0009495  -0.065682  -0.011928   0.000013   0.000013  0.0000081  0.0000033    0.001221    0.000100
2011   5  27  55708  -0.020279   0.395562  -0.2739026   0.0009960  -0.065436  -0.011884   0.000019   0.000020  0.0000018  0.0000050    0.000507    0.000111
2011   5  28  55709  -0.019072   0.397323  -0.2748716   0.0009335  -0.065571  -0.011729   0.000019   0.000020  0.0000025  0.0000049    0.000280    0.000127
2011   5  29  55710  -0.017910   0.398904  -0.2757827   0.0008814  -0.066036  -0.011629   0.000019   0.000020  0.0000031  0.0000049    0.000314    0.000147
2011   5  30  55711  -0.017306   0.400662  -0.2766035   0.0007456  -0.066595  -0.011665   0.000019   0.000020  0.0000027  0.0000050    0.000347    0.000168
2011   5  31  55712  -0.016447   0.401974  -0.2772920   0.0006203  -0.067073  -0.011775   0.000019   0.000020  0.0000022  0.0000050    0.000381    0.000188
2011   6   1  55713  -0.015294   0.403217  -0.2778905   0.0005571  -0.067394  -0.011839   0.000019   0.000020  0.0000032  0.0000050    0.000414    0.000208
2011   6   2  55714  -0.014217   0.404443  -0.2784168   0.0005053  -0.067375  -0.011781   0.000019   0.000020  0.0000150  0.0000050    0.000309    0.000166
2011   6   3  55715  -0.013071   0.405691  -0.2789094   0.0004653  -0.067161  -0.011674   0.000019   0.000020  0.0000017  0.0000050    0.000168    0.000108
2011   6   4  55716  -0.011585   0.407428  -0.2794204   0.0005558  -0.067202  -0.011636   0.000019   0.000020  0.0000024  0.0000049    0.000110    0.000077
2011   6   5  55717  -0.009834   0.409290  -0.2800650   0.0007423  -0.067470  -0.011652   0.000019   0.000020  0.0000031  0.0000049    0.000082    0.000056
2011   6   6  55718  -0.007666   0.410741  -0.2808916   0.0008968  -0.067871  -0.011673   0.000019   0.000020  0.0000027  0.0000049    0.000054    0.000035
2011   6   7  55719  -0.005625   0.412262  -0.2818600   0.0010641  -0.068261  -0.011667   0.000019   0.000018  0.0000008  0.0000048    0.000026    0.000013
2011   6   8  55720  -0.003178   0.413950  -0.2830058   0.0011670  -0.068133  -0.011611   0.000019   0.000018  0.0000132  0.0000048    0.000046    0.000023
2011   6   9  55721  -0.000953   0.415650  -0.2841649   0.0011594  -0.067783  -0.011485   0.000019   0.000020  0.0000022  0.0000050    0.000078    0.000041
2011   6  10  55722   0.001798   0.416826  -0.2853045   0.0010993  -0.067475  -0.011273   0.000019   0.000020  0.0000014  0.0000050    0.000111    0.000059
2011   6  11  55723   0.004988   0.418167  -0.2863554   0.0009883  -0.067569  -0.011011   0.000019   0.000020  0.0000022  0.0000049    0.000140    0.000072
2011   6  12  55724   0.008078   0.419791  -0.2872450   0.0007870  -0.067909  -0.010839   0.000017   0.000018  0.0000031  0.0000047    0.000167    0.000081
2011   6  13  55725   0.010611   0.421080  -0.2879301   0.0005849  -0.068282  -0.010864   0.000015   0.000016  0.0000027  0.0000045    0.000195    0.000091
2011   6  14  55726   0.013218   0.422139  -0.2884258   0.0004360  -0.068566  -0.011033   0.000015   0.000016  0.0000022  0.0000046    0.000223    0.000101
2011   6  15  55727   0.015169   0.422939  -0.2887931   0.0002739  -0.068701  -0.011174   0.000015   0.000016  0.0000030  0.0000046    0.000251    0.000111
2011   6  16  55728   0.017119   0.423499  -0.2889809   0.0001888  -0.068645  -0.011174   0.000015   0.000016  0.0000144  0.0000046    0.000203    0.000094
2011   6  17  55729   0.018914   0.424432  -0.2891890   0.0001954  -0.068468  -0.011021   0.000015   0.000016  0.0000015  0.0000045    0.000134    0.000070
2011   6  18  55730   0.020900   0.425358  -0.2894192   0.0002686  -0.068358  -0.010818   0.000017   0.000018  0.0000023  0.0000047    0.000140    0.000075
2011   6  19  55731   0.022796   0.426422  -0.2897293   0.0003441  -0.068483  -0.010740   0.000019   0.000020  0.0000031  0.0000049    0.000174    0.000090
2011   6  20  55732   0.025033   0.427005  -0.2901017   0.0003777  -0.068879  -0.010865   0.000017   0.000018  0.0000031  0.0000049    0.000207    0.000105
2011   6  21  55733   0.027123   0.427744  -0.2904809   0.0003988  -0.069369  -0.011125   0.000015   0.000016  0.0000026  0.0000049    0.000240    0.000120
2011   6  22  55734   0.029126   0.428426  -0.2909052   0.0003713  -0.069616  -0.011359   0.000017   0.000018  0.0000195  0.0000050    0.000125    0.000041
2011   6  23  55735   0.031053   0.429227  -0.2912266   0.0003309  -0.069511  -0.011484   0.000019   0.000020  0.0000042  0.0000050    0.000095    0.000034
2011   6  24  55736   0.032729   0.430135  -0.2915129   0.0002421  -0.069311  -0.011449   0.000019   0.000020  0.0000014  0.0000050    0.000103    0.000054
2011   6  25  55737   0.033651   0.430754  -0.2916816   0.0001193  -0.069497  -0.011321   0.000019   0.000020  0.0000023  0.0000049    0.000120    0.000070
2011   6  26  55738   0.034690   0.431491  -0.2917365   0.0000110  -0.069975  -0.011240   0.000019   0.000018  0.0000031  0.0000049    0.000142    0.000084
2011   6  27  55739   0.036618   0.432144  -0.2917016  -0.0000566  -0.070553  -0.011250   0.000019   0.000018  0.0000027  0.0000050    0.000164    0.000098
2011   6  28  55740   0.038496   0.433073  -0.2915946  -0.0001300  -0.071081  -0.011288   0.000019   0.000018  0.0000031  0.0000050    0.000185    0.000112
2011   6  29  55741   0.040170   0.433745  -0.2914117  -0.0002026  -0.071259  -0.011260   0.000019   0.000018  0.0000181  0.0000050    0.000182    0.000105
2011   6  30  55742   0.042129   0.434646  -0.2911762  -0.0002886  -0.071191  -0.011209   0.000019   0.000020  0.0000042  0.0000050    0.000172    0.000093
2011   7   1  55743   0.043686   0.435522  -0.2908906  -0.0002954  -0.070935  -0.011182   0.000019   0.000020  0.0000013  0.0000050    0.000162    0.000081
2011   7   2  55744   0.045231   0.436353  -0.2906550  -0.0001822  -0.070718  -0.011183   0.000019   0.000020  0.0000022  0.0000049    0.000538    0.000090
2011   7   3  55745   0.046685   0.437092  -0.2905671   0.0000021  -0.070655  -0.011112   0.000019   0.000020  0.0000031  0.0000049    0.001055    0.000108
2011   7   4  55746   0.048254   0.437857  -0.2907147   0.0002695  -0.070884  -0.010917   0.000019   0.000018  0.0000031  0.0000050    0.001572    0.000126
2011   7   5  55747   0.050467   0.438911  -0.2910940   0.0004507  -0.071435  -0.010668   0.000019   0.000016  0.0000027  0.0000050    0.002087    0.000143
2011   7   6  55748   0.052446   0.440119  -0.2915636   0.0004987  -0.072145  -0.010488   0.000019   0.000016  0.0000009  0.0000050    0.000378    0.000033
2011   7   7  55749   0.055156   0.440700  -0.2920977   0.0004628  -0.072702  -0.010449   0.000019   0.000018  0.0000161  0.0000050    0.000046    0.000021
2011   7   8  55750   0.057624   0.441317  -0.2924874   0.0003625  -0.072981  -0.010488   0.000019   0.000018  0.0000015  0.0000048    0.000075    0.000034
2011   7   9  55751   0.059897   0.441678  -0.2927692   0.0001827  -0.073074  -0.010489   0.000019   0.000018  0.0000023  0.0000047    0.000128    0.000060
2011   7  10  55752   0.062117   0.442125  -0.2928465  -0.0000259  -0.073171  -0.010471   0.000019   0.000020  0.0000031  0.0000049    0.000190    0.000092
2011   7  11  55753   0.064391   0.442929  -0.2927417  -0.0001729  -0.073397  -0.010510   0.000017   0.000018  0.0000031  0.0000048    0.000252    0.000124
2011   7  12  55754   0.065789   0.443820  -0.2924942  -0.0002972  -0.073696  -0.010644   0.000015   0.000016  0.0000079  0.0000046    0.000313    0.000155
2011   7  13  55755   0.067199   0.444322  -0.2921737  -0.0003452  -0.073746  -0.010858   0.000017   0.000016  0.0000150  0.0000048    0.000184    0.000062
2011   7  14  55756   0.068763   0.444776  -0.2918420  -0.0002972  -0.073576  -0.010978   0.000017   0.000016  0.0000042  0.0000050    0.000132    0.000040
2011   7  15  55757   0.070662   0.445100  -0.2915728  -0.0002387  -0.073239  -0.010923   0.000015   0.000016  0.0000012  0.0000048    0.000119    0.000048
2011   7  16  55758   0.072292   0.445591  -0.2913894  -0.0001394  -0.073053  -0.010696   0.000015   0.000018  0.0000021  0.0000047    0.000109    0.000049
2011   7  17  55759   0.074474   0.446289  -0.2913305  -0.0000028  -0.073098  -0.010482   0.000017   0.000020  0.0000031  0.0000049    0.000101    0.000047
2011   7  18  55760   0.076551   0.447190  -0.2914163   0.0001291  -0.073376  -0.010433   0.000019   0.000020  0.0000031  0.0000049    0.000093    0.000045
2011   7  19  55761   0.078703   0.447576  -0.2915775   0.0002231  -0.073835  -0.010547   0.000019   0.000020  0.0000019  0.0000049    0.000085    0.000043
2011   7  20  55762   0.081144   0.447863  -0.2918752   0.0002359  -0.074060  -0.010768   0.000019   0.000020  0.0000094  0.0000050    0.000174    0.000080
2011   7  21  55763   0.083804   0.448189  -0.2920334   0.0001492  -0.074137  -0.010898   0.000019   0.000020  0.0000022  0.0000050    0.000288    0.000128
2011   7  22  55764   0.086581   0.448640  -0.2921619   0.0000900  -0.074630  -0.010893   0.000019   0.000020  0.0000015  0.0000050    0.000217    0.000119
2011   7  23  55765   0.089073   0.449385  -0.2922196   0.0000261  -0.074889  -0.010846   0.000019   0.000020  0.0000023  0.0000049    0.000230    0.000131
2011   7  24  55766   0.090995   0.449731  -0.2922105  -0.0000490  -0.075114  -0.010878   0.000019   0.000020  0.0000031  0.0000049    0.000296    0.000158
2011   7  25  55767   0.093168   0.449634  -0.2921039  -0.0001560  -0.075507  -0.010983   0.000019   0.000020  0.0000031  0.0000050    0.000363    0.000184
2011   7  26  55768   0.094899   0.449557  -0.2918645  -0.0002724  -0.075952  -0.011055   0.000019   0.000020  0.0000039  0.0000050    0.000429    0.000211
2011   7  27  55769   0.096255   0.448675  -0.2915892  -0.0003227  -0.076187  -0.010936   0.000019   0.000020  0.0000169  0.0000050    0.000369    0.000183
2011   7  28  55770   0.097856   0.447303  -0.2912258  -0.0003105  -0.076133  -0.010782   0.000019   0.000020  0.0000041  0.0000050    0.000276    0.000141
2011   7  29  55771   0.099919   0.446308  -0.2909298  -0.0002397  -0.075833  -0.010718   0.000019   0.000020  0.0000016  0.0000050    0.000183    0.000099
2011   7  30  55772   0.101604   0.445878  -0.2907622  -0.0000763  -0.075531  -0.010828   0.000019   0.000020  0.0000023  0.0000049    0.000173    0.000095
2011   7  31  55773   0.103137   0.445717  -0.2908183   0.0001737  -0.075336  -0.010856   0.000019   0.000020  0.0000031  0.0000051    0.000194    0.000106
2011   8   1  55774   0.104874   0.445634  -0.2911245   0.0004199  -0.075414  -0.010656   0.000019   0.000020  0.0000031  0.0000051    0.000215    0.000117
2011   8   2  55775   0.106979   0.444957  -0.2916487   0.0006106  -0.075893  -0.010354   0.000019   0.000020  0.0000027  0.0000049    0.000236    0.000128
2011   8   3  55776   0.109328   0.444442  -0.2923332   0.0006809  -0.076586  -0.010100   0.000018   0.000020  0.0000170  0.0000052    0.000247    0.000120
2011   8   4  55777   0.111763   0.443806  -0.2929965   0.0006461  -0.077250  -0.010072   0.000018   0.000020  0.0000042  0.0000054    0.000255    0.000108
2011   8   5  55778   0.114570   0.443243  -0.2935922   0.0005097  -0.077596  -0.010221   0.000019   0.000020  0.0000018  0.0000054    0.000263    0.000095
2011   8   6  55779   0.117274   0.442796  -0.2939787   0.0002614  -0.077596  -0.010412   0.000019   0.000020  0.0000025  0.0000053    0.000255    0.000096
2011   8   7  55780   0.119277   0.442391  -0.2941329   0.0000634  -0.077424  -0.010557   0.000019   0.000019  0.0000031  0.0000051    0.000241    0.000101
2011   8   8  55781   0.121144   0.441836  -0.2941217  -0.0000771  -0.077351  -0.010659   0.000019   0.000019  0.0000027  0.0000049    0.000227    0.000106
2011   8   9  55782   0.123254   0.441142  -0.2939619  -0.0001689  -0.077485  -0.010756   0.000019   0.000020  0.0000041  0.0000049    0.000213    0.000111
2011   8  10  55783   0.125592   0.440520  -0.2938027  -0.0001955  -0.077634  -0.010902   0.000019   0.000020  0.0000198  0.0000051    0.000224    0.000114
2011   8  11  55784   0.127820   0.440072  -0.2935996  -0.0001561  -0.077640  -0.011017   0.000019   0.000020  0.0000022  0.0000054    0.000242    0.000117
2011   8  12  55785   0.129628   0.439533  -0.2934816  -0.0000682  -0.077482  -0.011019   0.000019   0.000020  0.0000018  0.0000054    0.000260    0.000119
2011   8  13  55786   0.131524   0.438997  -0.2934636   0.0000275  -0.077348  -0.010830   0.000019   0.000020  0.0000025  0.0000053    0.000247    0.000106
2011   8  14  55787   0.133078   0.438523  -0.2935486   0.0001144  -0.077322  -0.010545   0.000019   0.000020  0.0000031  0.0000051    0.000221    0.000087
2011   8  15  55788   0.134792   0.437408  -0.2937175   0.0002102  -0.077428  -0.010310   0.000019   0.000020  0.0000044  0.0000050    0.000196    0.000068
2011   8  16  55789   0.136683   0.436704  -0.2939462   0.0002297  -0.077674  -0.010221   0.000019   0.000020  0.0000041  0.0000050    0.000170    0.000050
2011   8  17  55790   0.138514   0.435947  -0.2941881   0.0002309  -0.078024  -0.010259   0.000019   0.000020  0.0000022  0.0000050    0.000145    0.000031
2011   8  18  55791   0.140347   0.435419  -0.2944273   0.0002307  -0.078205  -0.010330   0.000019   0.000020  0.0000022  0.0000050    0.000166    0.000038
2011   8  19  55792   0.141882   0.434610  -0.2946153   0.0001345  -0.078147  -0.010364   0.000019   0.000020  0.0000022  0.0000050    0.000200    0.000051
2011   8  20  55793   0.143261   0.433771  -0.2946921   0.0000121  -0.078035  -0.010443   0.000019   0.000020  0.0000027  0.0000049    0.000177    0.000049
2011   8  21  55794   0.144155   0.432791  -0.2946572  -0.0000865  -0.078027  -0.010637   0.000019   0.000020  0.0000026  0.0000051    0.000132    0.000040
2011   8  22  55795   0.145499   0.431463  -0.2945413  -0.0001353  -0.078312  -0.010916   0.000019   0.000020  0.0000022  0.0000052    0.000088    0.000031
2011   8  23  55796   0.146652   0.430487  -0.2943994  -0.0001557  -0.078814  -0.011132   0.000019   0.000020  0.0000011  0.0000052    0.000044    0.000023
2011   8  24  55797   0.147662   0.429169  -0.2942385  -0.0001262  -0.079067  -0.011138   0.000019   0.000020  0.0000096  0.0000052    0.000037    0.000021
2011   8  25  55798   0.148853   0.428107  -0.2941519  -0.0000405  -0.078936  -0.011037   0.000019   0.000020  0.0000042  0.0000051    0.000040    0.000020
2011   8  26  55799   0.150211   0.427048  -0.2942084   0.0001760  -0.078533  -0.011005   0.000019   0.000020  0.0000013  0.0000054    0.000042    0.000020
2011   8  27  55800   0.151933   0.426025  -0.2945206   0.0004487  -0.078190  -0.011083   0.000019   0.000020  0.0000022  0.0000053    0.000036    0.000017
2011   8  28  55801   0.153571   0.424842  -0.2951017   0.0006907  -0.078034  -0.011077   0.000019   0.000020  0.0000031  0.0000051    0.000027    0.000013
2011   8  29  55802   0.155607   0.423520  -0.2959149   0.0009093  -0.078130  -0.010840   0.000019   0.000020  0.0000031  0.0000052    0.000018    0.000009
2011   8  30  55803   0.157454   0.422664  -0.2968974   0.0009949  -0.078485  -0.010483   0.000019   0.000020  0.0000012  0.0000054    0.000009    0.000005
2011   8  31  55804   0.159193   0.421606  -0.2979044   0.0009989  -0.078961  -0.010254   0.000019   0.000020  0.0000122  0.0000054    0.000014    0.000007
2011   9   1  55805   0.161067   0.420835  -0.2988856   0.0009060  -0.079402  -0.010224   0.000019   0.000020  0.0000040  0.0000054    0.000022    0.000009
2011   9   2  55806   0.162527   0.419760  -0.2997147   0.0007088  -0.079716  -0.010284   0.000019   0.000020  0.0000010  0.0000052    0.000031    0.000012
2011   9   3  55807   0.163910   0.418660  -0.3002971   0.0004585  -0.079779  -0.010318   0.000019   0.000020  0.0000020  0.0000051    0.000335    0.000052
2011   9   4  55808   0.165290   0.417086  -0.3006470   0.0002685  -0.079600  -0.010375   0.000019   0.000020  0.0000031  0.0000053    0.000749    0.000106
2011   9   5  55809   0.166560   0.415666  -0.3008624   0.0001830  -0.079245  -0.010482   0.000019   0.000020  0.0000031  0.0000053    0.001163    0.000160
2011   9   6  55810   0.167468   0.414368  -0.3010333   0.0001785  -0.078876  -0.010564   0.000019   0.000020  0.0000027  0.0000054    0.001576    0.000214
2011   9   7  55811   0.168600   0.413222  -0.3012190   0.0002391  -0.078772  -0.010592   0.000019   0.000020  0.0000008  0.0000052    0.000288    0.000046
2011   9   8  55812   0.170152   0.411886  -0.3014901   0.0003147  -0.078861  -0.010573   0.000019   0.000020  0.0000015  0.0000051    0.000036    0.000022
2011   9   9  55813   0.172119   0.410667  -0.3018697   0.0004115  -0.078980  -0.010530   0.000019   0.000020  0.0000014  0.0000054    0.000056    0.000035
2011   9  10  55814   0.174341   0.409372  -0.3023100   0.0004731  -0.078932  -0.010414   0.000019   0.000020  0.0000022  0.0000053    0.000064    0.000038
2011   9  11  55815   0.176190   0.408100  -0.3028281   0.0005621  -0.078845  -0.010229   0.000019   0.000020  0.0000031  0.0000053    0.000067    0.000036
2011   9  12  55816   0.177574   0.406829  -0.3034262   0.0006229  -0.078820  -0.010030   0.000019   0.000020  0.0000031  0.0000053    0.000070    0.000035
2011   9  13  55817   0.178644   0.405686  -0.3040903   0.0006776  -0.078888  -0.009926   0.000019   0.000020  0.0000013  0.0000053    0.000073    0.000034
2011   9  14  55818   0.179737   0.404563  -0.3047790   0.0007271  -0.079078  -0.009983   0.000019   0.000020  0.0000354  0.0000054    0.000066    0.000026
2011   9  15  55819   0.180619   0.403685  -0.3055068   0.0006719  -0.079246  -0.010157   0.000019   0.000020  0.0000061  0.0000054    0.000057    0.000016
2011   9  16  55820   0.181465   0.402535  -0.3061267   0.0005652  -0.079192  -0.010338   0.000019   0.000020  0.0000052  0.0000054    0.000053    0.000011
2011   9  17  55821   0.182140   0.401458  -0.3066386   0.0004443  -0.078882  -0.010482   0.000019   0.000020  0.0000037  0.0000053    0.000054    0.000011
2011   9  18  55822   0.182331   0.400185  -0.3070730   0.0004198  -0.078564  -0.010645   0.000019   0.000020  0.0000031  0.0000055    0.000056    0.000011
2011   9  19  55823   0.182159   0.399096  -0.3074859   0.0004071  -0.078545  -0.010861   0.000019   0.000020  0.0000045  0.0000056    0.000057    0.000011
2011   9  20  55824   0.181978   0.397125  -0.3079043   0.0004333  -0.078843  -0.011036   0.000019   0.000020  0.0000060  0.0000056    0.000060    0.000012
2011   9  21  55825   0.182277   0.394953  -0.3084007   0.0005729  -0.079111  -0.011033   0.000019   0.000020  0.0000061  0.0000058    0.000064    0.000013
2011   9  22  55826   0.182369   0.393000  -0.3090513   0.0007381  -0.079035  -0.010863   0.000019   0.000020  0.0000061  0.0000058    0.000068    0.000013
2011   9  23  55827   0.182344   0.391231  -0.3099061   0.0009799  -0.078680  -0.010694   0.000019   0.000020  0.0000060  0.0000058    0.000069    0.000014
2011   9  24  55828   0.182598   0.389574  -0.3110223   0.0012520  -0.078350  -0.010645   0.000019   0.000020  0.0000045  0.0000057    0.000066    0.000013
2011   9  25  55829   0.182542   0.388045  -0.3124062   0.0014978  -0.078271  -0.010625   0.000019   0.000020  0.0000031  0.0000057    0.000064    0.000013
2011   9  26  55830   0.181995   0.386278  -0.3140084   0.0016816  -0.078435  -0.010488   0.000019   0.000020  0.0000043  0.0000060    0.000061    0.000012
2011   9  27  55831   0.181326   0.384430  -0.3157567   0.0017894  -0.078645  -0.010305   0.000019   0.000020  0.0000059  0.0000060    0.000061    0.000012
2011   9  28  55832   0.180478   0.382530  -0.3175180   0.0017158  -0.078651  -0.010243   0.000019   0.000020  0.0000061  0.0000058    0.000063    0.000013
2011   9  29  55833   0.179884   0.380493  -0.3191195   0.0014792  -0.078418  -0.010268   0.000019   0.000020  0.0000058  0.0000058    0.000065    0.000013
2011   9  30  55834   0.179848   0.378710  -0.3204764   0.0012468  -0.078259  -0.010190   0.000019   0.000020  0.0000057  0.0000060    0.000071    0.000020
2011  10   1  55835   0.179959   0.376801  -0.3216220   0.0010753  -0.078438  -0.009989   0.000019   0.000020  0.0000045  0.0000061    0.000080    0.000033
2011  10   2  55836   0.180046   0.374966  -0.3226186   0.0009549  -0.078729  -0.009895   0.000019   0.000020  0.0000031  0.0000058    0.000090    0.000047
2011  10   3  55837   0.180168   0.373161  -0.3235295   0.0009171  -0.078675  -0.010049   0.000019   0.000020  0.0000031  0.0000057    0.000100    0.000060
2011  10   4  55838   0.180796   0.371281  -0.3244655   0.0009632  -0.078182  -0.010283   0.000019   0.000020  0.0000058  0.0000058    0.000109    0.000074
2011  10   5  55839   0.181805   0.369386  -0.3254545   0.0010910  -0.077468  -0.010357   0.000019   0.000020  0.0000449  0.0000058    0.000165    0.000106
2011  10   6  55840   0.183038   0.367931  -0.3266240   0.0012202  -0.076979  -0.010216   0.000019   0.000020  0.0000041  0.0000058    0.000234    0.000142
2011  10   7  55841   0.183849   0.366623  -0.3278836   0.0013039  -0.076722  -0.010016   0.000019   0.000020  0.0000022  0.0000058    0.000302    0.000178
2011  10   8  55842   0.184914   0.365350  -0.3292239   0.0013681  -0.076738  -0.009830   0.000019   0.000020  0.0000027  0.0000057    0.000274    0.000159
2011  10   9  55843   0.185843   0.364146  -0.3306031   0.0013871  -0.076835  -0.009662   0.000019   0.000020  0.0000031  0.0000055    0.000210    0.000119
2011  10  10  55844   0.186335   0.362751  -0.3319938   0.0013744  -0.076996  -0.009480   0.000019   0.000020  0.0000031  0.0000054    0.000146    0.000079
2011  10  11  55845   0.186283   0.361240  -0.3333521   0.0013458  -0.077265  -0.009341   0.000019   0.000020  0.0000014  0.0000054    0.000082    0.000040
2011  10  12  55846   0.186172   0.359868  -0.3346526   0.0012322  -0.077450  -0.009407   0.000019   0.000020  0.0000316  0.0000054    0.000090    0.000046
2011  10  13  55847   0.185875   0.358428  -0.3357966   0.0010538  -0.077551  -0.009643   0.000019   0.000020  0.0000042  0.0000054    0.000117    0.000065
2011  10  14  55848   0.185584   0.356848  -0.3367601   0.0008592  -0.077468  -0.009901   0.000019   0.000020  0.0000018  0.0000054    0.000145    0.000084
2011  10  15  55849   0.185118   0.354989  -0.3375216   0.0006866  -0.077117  -0.010065   0.000019   0.000020  0.0000025  0.0000055    0.000137    0.000079
2011  10  16  55850   0.184585   0.353028  -0.3381282   0.0005690  -0.076639  -0.010168   0.000019   0.000020  0.0000031  0.0000055    0.000117    0.000065
2011  10  17  55851   0.184489   0.351154  -0.3386577   0.0005244  -0.076288  -0.010298   0.000019   0.000020  0.0000031  0.0000054    0.000097    0.000052
2011  10  18  55852   0.184678   0.349635  -0.3391626   0.0005278  -0.076166  -0.010443   0.000019   0.000020  0.0000014  0.0000054    0.000076    0.000038
2011  10  19  55853   0.185409   0.348154  -0.3397202   0.0006278  -0.076361  -0.010419   0.000019   0.000020  0.0000013  0.0000054    0.000137    0.000080
2011  10  20  55854   0.186175   0.346913  -0.3404140   0.0007852  -0.076216  -0.010246   0.000019   0.000020  0.0000019  0.0000054    0.000148    0.000087
2011  10  21  55855   0.186835   0.345228  -0.3412907   0.0009790  -0.075799  -0.010023   0.000019   0.000020  0.0000022  0.0000054    0.000131    0.000077
2011  10  22  55856   0.186987   0.343892  -0.3423730   0.0011882  -0.075446  -0.009867   0.000019   0.000020  0.0000022  0.0000053    0.000114    0.000066
2011  10  23  55857   0.187069   0.342621  -0.3436760   0.0014037  -0.075379  -0.009761   0.000019   0.000020  0.0000027  0.0000055    0.000098    0.000056
2011  10  24  55858   0.187276   0.341667  -0.3451673   0.0015571  -0.075582  -0.009615   0.000019   0.000020  0.0000027  0.0000058    0.000081    0.000045
2011  10  25  55859   0.187703   0.340368  -0.3467517   0.0015717  -0.075787  -0.009482   0.000019   0.000020  0.0000012  0.0000058    0.000064    0.000035
2011  10  26  55860   0.187687   0.338859  -0.3482743   0.0014618  -0.075732  -0.009528   0.000019   0.000020  0.0000144  0.0000056    0.000158    0.000080
2011  10  27  55861   0.187584   0.336921  -0.3496496   0.0012730  -0.075292  -0.009670   0.000019   0.000020  0.0000040  0.0000054    0.000280    0.000140
2011  10  28  55862   0.187494   0.334921  -0.3508079   0.0010517  -0.074874  -0.009632   0.000019   0.000020  0.0000046  0.0000054    0.000403    0.000200
2011  10  29  55863   0.187633   0.332685  -0.3517657   0.0008819  -0.074891  -0.009305   0.000019   0.000020  0.0000042  0.0000053    0.000406    0.000203
2011  10  30  55864   0.187589   0.330331  -0.3525982   0.0008057  -0.075318  -0.008993   0.000019   0.000020  0.0000031  0.0000051    0.000364    0.000184
2011  10  31  55865   0.187330   0.328167  -0.3534127   0.0008428  -0.075548  -0.009000   0.000019   0.000018  0.0000058  0.0000049    0.000321    0.000166
2011  11   1  55866   0.186888   0.326392  -0.3543012   0.0009470  -0.075199  -0.009248   0.000019   0.000016  0.0000073  0.0000050    0.000278    0.000147
2011  11   2  55867   0.186822   0.324831  -0.3553032   0.0010624  -0.074581  -0.009411   0.000019   0.000016  0.0000041  0.0000050    0.000236    0.000128
2011  11   3  55868   0.187040   0.323848  -0.3564137   0.0011722  -0.074179  -0.009332   0.000019   0.000018  0.0000019  0.0000050    0.000193    0.000110
2011  11   4  55869   0.187158   0.322986  -0.3576742   0.0013400  -0.074288  -0.009193   0.000019   0.000018  0.0000013  0.0000050    0.000127    0.000075
2011  11   5  55870   0.186865   0.321874  -0.3590589   0.0014143  -0.074325  -0.009051   0.000019   0.000016  0.0000023  0.0000049    0.000119    0.000071
2011  11   6  55871   0.186241   0.320274  -0.3604797   0.0014107  -0.074215  -0.008945   0.000019   0.000016  0.0000031  0.0000049    0.000135    0.000080
2011  11   7  55872   0.185529   0.318315  -0.3618695   0.0013685  -0.074117  -0.008821   0.000017   0.000016  0.0000031  0.0000050    0.000151    0.000090
2011  11   8  55873   0.184851   0.316125  -0.3632047   0.0012673  -0.074124  -0.008677   0.000015   0.000016  0.0000026  0.0000050    0.000166    0.000100
2011  11   9  55874   0.184737   0.314192  -0.3643687   0.0010937  -0.074098  -0.008640   0.000015   0.000018  0.0000173  0.0000050    0.000166    0.000095
2011  11  10  55875   0.184847   0.312700  -0.3653718   0.0009152  -0.074031  -0.008718   0.000015   0.000018  0.0000042  0.0000050    0.000161    0.000087
2011  11  11  55876   0.184311   0.310976  -0.3662312   0.0008048  -0.073892  -0.008816   0.000015   0.000016  0.0000017  0.0000050    0.000156    0.000078
2011  11  12  55877   0.183239   0.309272  -0.3669630   0.0007041  -0.073787  -0.008815   0.000015   0.000018  0.0000158  0.0000051    0.000141    0.000070
2011  11  13  55878   0.181724   0.307496  -0.3676449   0.0006600  -0.073603  -0.008743   0.000015   0.000018  0.0000027  0.0000051    0.000122    0.000062
2011  11  14  55879   0.180539   0.305731  -0.3683014   0.0006752  -0.073358  -0.008719   0.000015   0.000016  0.0000031  0.0000049    0.000103    0.000055
2011  11  15  55880   0.179414   0.304534  -0.3689980   0.0007475  -0.073185  -0.008797   0.000015   0.000016  0.0000017  0.0000049    0.000084    0.000047
2011  11  16  55881   0.178356   0.303216  -0.3698090   0.0008567  -0.072706  -0.008802   0.000015   0.000016  0.0000106  0.0000050    0.000126    0.000034
2011  11  17  55882   0.177458   0.302301  -0.3707386   0.0010369  -0.072415  -0.008789   0.000015   0.000016  0.0000042  0.0000050    0.003482    0.000489
2011  11  18  55883   0.176776   0.301593  -0.3718716   0.0012226  -0.072378  -0.008777   0.000015   0.000016  0.0000012  0.0000050    0.001265    0.000200
2011  11  19  55884   0.176069   0.300681  -0.3731938   0.0014173  -0.072270  -0.008677   0.000017   0.000018  0.0000021  0.0000049    0.000069    0.000039
2011  11  20  55885   0.175325   0.299566  -0.3746757   0.0015367  -0.072287  -0.008520   0.000019   0.000020  0.0000031  0.0000051    0.000062    0.000034
2011  11  21  55886   0.174424   0.298706  -0.3762212   0.0015311  -0.072543  -0.008321   0.000019   0.000020  0.0000031  0.0000054    0.000055    0.000029
2011  11  22  55887   0.173153   0.297495  -0.3777325   0.0014802  -0.072866  -0.008164   0.000019   0.000020  0.0000013  0.0000052    0.000048    0.000024
2011  11  23  55888   0.171564   0.296098  -0.3791574   0.0013413  -0.073148  -0.008141   0.000019   0.000020  0.0000010  0.0000052    0.000084    0.000052
2011  11  24  55889   0.170136   0.294421  -0.3804025   0.0011359  -0.072896  -0.008332   0.000019   0.000020  0.0000093  0.0000054    0.000091    0.000058
2011  11  25  55890   0.168429   0.292625  -0.3814249   0.0009227  -0.072412  -0.008469   0.000019   0.000020  0.0000022  0.0000052    0.000083    0.000051
2011  11  26  55891   0.166974   0.290798  -0.3822708   0.0007756  -0.072188  -0.008328   0.000019   0.000020  0.0000022  0.0000051    0.000075    0.000045
2011  11  27  55892   0.166229   0.289484  -0.3830272   0.0007467  -0.072298  -0.008028   0.000019   0.000020  0.0000022  0.0000051    0.000066    0.000039
2011  11  28  55893   0.165659   0.288717  -0.3837946   0.0007875  -0.072355  -0.007865   0.000017   0.000020  0.0000027  0.0000049    0.000058    0.000033
2011  11  29  55894   0.164062   0.287855  -0.3846123   0.0008545  -0.072049  -0.007945   0.000017   0.000020  0.0000017  0.0000050    0.000050    0.000026
2011  11  30  55895   0.162515   0.286555  -0.3855442   0.0009721  -0.071616  -0.008115   0.000018   0.000020  0.0000071  0.0000050    0.000053    0.000028
2011  12   1  55896   0.161065   0.285213  -0.3865785   0.0010984  -0.071398  -0.008194   0.000017   0.000018  0.0000022  0.0000050    0.000060    0.000032
2011  12   2  55897   0.160523   0.284037  -0.3877325   0.0011892  -0.071444  -0.008170   0.000017   0.000018  0.0000013  0.0000050    0.000067    0.000036
2011  12   3  55898   0.160126   0.283224  -0.3889094   0.0011487  -0.071473  -0.008104   0.000017   0.000020  0.0000022  0.0000049    0.000067    0.000036
2011  12   4  55899   0.159780   0.282234  -0.3900109   0.0010352  -0.071393  -0.008028   0.000017   0.000020  0.0000031  0.0000051    0.000065    0.000034
2011  12   5  55900   0.159498   0.281546  -0.3910159   0.0009634  -0.071313  -0.007920   0.000019   0.000020  0.0000031  0.0000054    0.000063    0.000032
2011  12   6  55901   0.158879   0.281124  -0.3919309   0.0008532  -0.071320  -0.007785   0.000018   0.000020  0.0000014  0.0000052    0.000060    0.000030
2011  12   7  55902   0.157695   0.280548  -0.3926990   0.0006886  -0.071503  -0.007705   0.000018   0.000020  0.0000188  0.0000050    0.000082    0.000040
2011  12   8  55903   0.156075   0.279858  -0.3933303   0.0005762  -0.071704  -0.007693   0.000018   0.000020  0.0000042  0.0000049    0.000109    0.000051
2011  12   9  55904   0.154586   0.279027  -0.3939013   0.0005734  -0.071906  -0.007706   0.000018   0.000020  0.0000017  0.0000051    0.000136    0.000063
2011  12  10  55905   0.153975   0.278268  -0.3944609   0.0005679  -0.071922  -0.007661   0.000019   0.000020  0.0000024  0.0000053    0.000167    0.000086
2011  12  11  55906   0.152946   0.277793  -0.3950130   0.0005617  -0.071772  -0.007594   0.000019   0.000020  0.0000031  0.0000053    0.000199    0.000113
2011  12  12  55907   0.152122   0.277134  -0.3955934   0.0006209  -0.071430  -0.007587   0.000019   0.000020  0.0000031  0.0000053    0.000231    0.000140
2011  12  13  55908   0.151257   0.276507  -0.3962759   0.0007756  -0.070961  -0.007667   0.000019   0.000020  0.0000028  0.0000054    0.000262    0.000167
2011  12  14  55909   0.149943   0.276031  -0.3971234   0.0009411  -0.070818  -0.007797   0.000019   0.000020  0.0000200  0.0000054    0.000231    0.000146
2011  12  15  55910   0.148412   0.275427  -0.3981620   0.0011186  -0.070912  -0.007861   0.000019   0.000020  0.0000022  0.0000054    0.000183    0.000112
2011  12  16  55911   0.147197   0.274874  -0.3993830   0.0013247  -0.071112  -0.007808   0.000019   0.000020  0.0000013  0.0000054    0.000134    0.000079
2011  12  17  55912   0.145681   0.274731  -0.4007753   0.0014372  -0.071055  -0.007644   0.000019   0.000020  0.0000022  0.0000053    0.000115    0.000066
2011  12  18  55913   0.144383   0.274584  -0.4022345   0.0014914  -0.070915  -0.007406   0.000019   0.000020  0.0000031  0.0000055    0.000107    0.000060
2011  12  19  55914   0.142680   0.274384  -0.4037276   0.0014690  -0.070865  -0.007134   0.000019   0.000020  0.0000031  0.0000058    0.000098    0.000055
2011  12  20  55915   0.140327   0.273271  -0.4051147   0.0013238  -0.070904  -0.006929   0.000019   0.000020  0.0000017  0.0000057    0.000090    0.000049
2011  12  21  55916   0.138124   0.271971  -0.4063581   0.0011456  -0.071282  -0.006921   0.000019   0.000020  0.0000310  0.0000057    0.000160    0.000099
2011  12  22  55917   0.135795   0.270784  -0.4073918   0.0009061  -0.071568  -0.007163   0.000019   0.000020  0.0000029  0.0000058    0.000251    0.000164
2011  12  23  55918   0.134133   0.269652  -0.4082160   0.0007472  -0.071384  -0.007514   0.000019   0.000020  0.0000026  0.0000058    0.000296    0.000191
2011  12  24  55919   0.132693   0.268659  -0.4089480   0.0007486  -0.071031  -0.007695   0.000019   0.000020  0.0000022  0.0000057    0.000323    0.000203
2011  12  25  55920   0.131411   0.267980  -0.4097440   0.0008731  -0.070694  -0.007603   0.000019   0.000020  0.0000022  0.0000055    0.000351    0.000215
2011  12  26  55921   0.129575   0.267432  -0.4107022   0.0010590  -0.070318  -0.007382   0.000019   0.000020  0.0000022  0.0000052    0.000379    0.000227
2011  12  27  55922   0.127687   0.266757  -0.4118681   0.0012761  -0.069871  -0.007242   0.000019   0.000020  0.0000022  0.0000050    0.000406    0.000239
2011  12  28  55923   0.126148   0.266352  -0.4132189   0.0014129  -0.069489  -0.007271   0.000019   0.000020  0.0000038  0.0000050    0.000434    0.000252
2011  12  29  55924   0.124444   0.265677  -0.4146747   0.0014905  -0.069464  -0.007375   0.000019   0.000021  0.0000238  0.0000052    0.000443    0.000268
2011  12  30  55925   0.122715   0.264897  -0.4162016   0.0015042  -0.069709  -0.007475   0.000019   0.000021  0.0000034  0.0000052    0.000449    0.000283
2011  12  31  55926   0.120760   0.264166  -0.4176734   0.0014123  -0.069977  -0.007523   0.000019   0.000021  0.0000065  0.0000053    0.000403    0.000257
