

                   INTERNATIONAL EARTH ROTATION AND REFERENCE SYSTEMS SERVICE
                        EARTH ORIENTATION PARAMETERS
                          EOP (IERS) 08 C04

  
             FORMAT(3(I4),I7,2(F11.6),2(F12.7),2(F11.6),2(F11.6),2(F11.7),2F12.6)
**********************************************************************************
  
      Date      MJD      x          y        UT1-UTC       LOD         dPsi      dEps       x Err     y Err   UT1-UTC Err  LOD Err    dPsi Err   dEpsilon Err
                         "          "           s           s            "         "        "          "          s           s            "         "
     (0h UTC)

1984   1   1  45700  -0.133568   0.092024   0.3957218   0.0018080   0.000851   0.002513   0.021976   0.019971  0.0000416  0.0000831    0.000815    0.000675
1984   1   2  45701  -0.134733   0.095798   0.3939836   0.0016412   0.001627   0.002798   0.013073   0.026078  0.0000416  0.0000416    0.000815    0.000675
1984   1   3  45702  -0.136973   0.098671   0.3924143   0.0015107   0.002277   0.003008   0.007999   0.023448  0.0000416  0.0000416    0.000815    0.000675
1984   1   4  45703  -0.141010   0.100523   0.3909377   0.0014608   0.002590   0.003146   0.002006   0.009231  0.0000416  0.0000416    0.000815    0.000675
1984   1   5  45704  -0.145629   0.102488   0.3894723   0.0014814   0.002582   0.003320   0.001069   0.005059  0.0000416  0.0000416    0.000815    0.000675
1984   1   6  45705  -0.148961   0.105628   0.3879607   0.0015499   0.002332   0.003539   0.001490   0.006549  0.0000416  0.0000415    0.000815    0.000675
1984   1   7  45706  -0.151258   0.109215   0.3863658   0.0016496   0.001898   0.003698   0.003102   0.009917  0.0000415  0.0000317    0.000815    0.000674
1984   1   8  45707  -0.153530   0.112197   0.3846630   0.0017661   0.001409   0.003718   0.002825   0.002387  0.0000218  0.0000313    0.001262    0.000387
1984   1   9  45708  -0.156238   0.114513   0.3828428   0.0018791   0.001104   0.003639   0.001074   0.000799  0.0000212  0.0000215    0.001340    0.000377
1984   1  10  45709  -0.159254   0.116745   0.3809192   0.0019616   0.001161   0.003547   0.001078   0.000803  0.0000212  0.0000212    0.001340    0.000377
1984   1  11  45710  -0.162160   0.119344   0.3789361   0.0019870   0.001537   0.003467   0.001308   0.000979  0.0000212  0.0000212    0.001340    0.000377
1984   1  12  45711  -0.164694   0.122102   0.3769622   0.0019369   0.002070   0.003368   0.003810   0.003500  0.0000212  0.0000455    0.001340    0.000377
1984   1  13  45712  -0.166579   0.124887   0.3750791   0.0018069   0.002690   0.003269   0.005967   0.008514  0.0000699  0.0000916    0.002190    0.001299
1984   1  14  45713  -0.167365   0.128461   0.3733638   0.0016103   0.003346   0.003244   0.012957   0.006460  0.0001620  0.0001160    0.002357    0.003930
1984   1  15  45714  -0.167441   0.133113   0.3718680   0.0013846   0.003760   0.003277   0.010398   0.007261  0.0001620  0.0001620    0.002357    0.003931
1984   1  16  45715  -0.168838   0.137034   0.3705912   0.0011922   0.003570   0.003207   0.008748   0.008586  0.0001620  0.0001620    0.002357    0.003931
1984   1  17  45716  -0.172462   0.139008   0.3694622   0.0011009   0.002802   0.002937   0.013223   0.010016  0.0001620  0.0001620    0.002357    0.003931
1984   1  18  45717  -0.176615   0.140385   0.3683525   0.0011495   0.001925   0.002646   0.015288   0.010065  0.0001620  0.0001620    0.002357    0.003931
1984   1  19  45718  -0.179514   0.142946   0.3671224   0.0013260   0.001284   0.002638   0.015617   0.010401  0.0001620  0.0001455    0.002357    0.003931
1984   1  20  45719  -0.181407   0.147061   0.3656721   0.0015753   0.000736   0.002954   0.019133   0.015302  0.0001291  0.0000903    0.002327    0.002527
1984   1  21  45720  -0.183782   0.151890   0.3639681   0.0018267   0.000034   0.003319   0.019335   0.015685  0.0000187  0.0000739    0.001133    0.000289
1984   1  22  45721  -0.187321   0.156332   0.3620413   0.0020203  -0.000668   0.003504   0.018851   0.014807  0.0000187  0.0000187    0.001133    0.000289
1984   1  23  45722  -0.190956   0.159626   0.3599679   0.0021178  -0.000875   0.003578   0.003606   0.002355  0.0000187  0.0000188    0.001134    0.000290
1984   1  24  45723  -0.193173   0.161554   0.3578499   0.0021003  -0.000241   0.003729   0.001959   0.001358  0.0000189  0.0000195    0.001144    0.000292
1984   1  25  45724  -0.193783   0.162709   0.3558031   0.0019622   0.001099   0.003987   0.001334   0.000945  0.0000202  0.0000235    0.001215    0.000314
1984   1  26  45725  -0.194664   0.164364   0.3539458   0.0017180   0.002573   0.004233   0.001595   0.001163  0.0000282  0.0000338    0.001590    0.000440
1984   1  27  45726  -0.197894   0.168367   0.3523711   0.0014168   0.003379   0.004332   0.003403   0.002531  0.0000474  0.0000381    0.002224    0.000757
1984   1  28  45727  -0.201399   0.172718   0.3511021   0.0011369   0.003238   0.004274   0.004743   0.003549  0.0000481  0.0000362    0.002252    0.000910
1984   1  29  45728  -0.203692   0.175796   0.3500772   0.0009468   0.002545   0.004089   0.000922   0.001339  0.0000249  0.0000365    0.001475    0.000673
1984   1  30  45729  -0.205229   0.177871   0.3491832   0.0008725   0.001934   0.003783   0.000886   0.001291  0.0000249  0.0000249    0.001473    0.000672
1984   1  31  45730  -0.207154   0.179969   0.3483062   0.0008970   0.001846   0.003420   0.000898   0.001309  0.0000249  0.0000249    0.001473    0.000672
1984   2   1  45731  -0.209737   0.182565   0.3473666   0.0009860   0.002310   0.003139   0.002462   0.003369  0.0000249  0.0000478    0.001473    0.000672
1984   2   2  45732  -0.212356   0.185571   0.3463176   0.0011139   0.003085   0.003055   0.005822   0.006082  0.0000707  0.0000642    0.001855    0.000608
1984   2   3  45733  -0.214399   0.189008   0.3451297   0.0012665   0.003849   0.003135   0.001878   0.002153  0.0001035  0.0000871    0.001897    0.000603
1984   2   4  45734  -0.215989   0.193331   0.3437840   0.0014292   0.004320   0.003233   0.001387   0.001597  0.0001035  0.0001035    0.001897    0.000603
1984   2   5  45735  -0.217642   0.198253   0.3422790   0.0015804   0.004371   0.003264   0.001791   0.002045  0.0001035  0.0001034    0.001897    0.000603
1984   2   6  45736  -0.219516   0.201994   0.3406377   0.0016966   0.004096   0.003291   0.002678   0.002998  0.0001034  0.0000772    0.001897    0.000603
1984   2   7  45737  -0.220782   0.204166   0.3389039   0.0017627   0.003677   0.003390   0.005373   0.008001  0.0000510  0.0000765    0.001816    0.000554
1984   2   8  45738  -0.220802   0.206011   0.3371302   0.0017778   0.003212   0.003511   0.004555   0.003400  0.0000495  0.0000503    0.001810    0.000550
1984   2   9  45739  -0.220337   0.209386   0.3353637   0.0017498   0.002763   0.003525   0.003358   0.001837  0.0000495  0.0000495    0.001810    0.000550
1984   2  10  45740  -0.221564   0.215357   0.3336427   0.0016857   0.002519   0.003430   0.004027   0.002104  0.0000495  0.0000495    0.001810    0.000550
1984   2  11  45741  -0.224164   0.221829   0.3320001   0.0015895   0.002683   0.003394   0.010335   0.005986  0.0000495  0.0001024    0.001810    0.000551
1984   2  12  45742  -0.226256   0.226206   0.3304638   0.0014715   0.003123   0.003515   0.014113   0.010050  0.0001552  0.0003500    0.003217    0.001063
1984   2  13  45743  -0.227316   0.228675   0.3290441   0.0013616   0.003417   0.003598   0.005242   0.006404  0.0006505  0.0004030    0.003668    0.001263
1984   2  14  45744  -0.228024   0.231019   0.3277113   0.0013121   0.003442   0.003348   0.005165   0.006371  0.0006507  0.0006506    0.003668    0.001263
1984   2  15  45745  -0.229220   0.234296   0.3263790   0.0013771   0.003612   0.002796   0.005184   0.006405  0.0006507  0.0006498    0.003668    0.001263
1984   2  16  45746  -0.230914   0.237411   0.3249179   0.0015764   0.004242   0.002338   0.009193   0.010503  0.0006488  0.0004126    0.003667    0.001262
1984   2  17  45747  -0.232469   0.238879   0.3232055   0.0018703   0.004918   0.002256   0.011759   0.011155  0.0001745  0.0004069    0.002293    0.000517
1984   2  18  45748  -0.233406   0.239208   0.3211860   0.0021716   0.004877   0.002414   0.002888   0.008715  0.0001650  0.0001698    0.002209    0.000492
1984   2  19  45749  -0.233970   0.241780   0.3188989   0.0023844   0.003842   0.002565   0.001659   0.005584  0.0001650  0.0001650    0.002209    0.000492
1984   2  20  45750  -0.234766   0.248687   0.3164683   0.0024421   0.002242   0.002719   0.002357   0.004641  0.0001650  0.0001643    0.002209    0.000492
1984   2  21  45751  -0.235985   0.255905   0.3140625   0.0023273   0.000815   0.002994   0.004971   0.004214  0.0001636  0.0000969    0.002208    0.000492
1984   2  22  45752  -0.237347   0.260121   0.3118448   0.0020714   0.000227   0.003272   0.008419   0.003185  0.0000287  0.0000955    0.001417    0.000473
1984   2  23  45753  -0.238603   0.261965   0.3099295   0.0017413   0.000841   0.003253   0.003008   0.002000  0.0000274  0.0000277    0.001367    0.000463
1984   2  24  45754  -0.240004   0.263628   0.3083536   0.0014197   0.002480   0.002829   0.001596   0.001115  0.0000268  0.0000263    0.001290    0.000421
1984   2  25  45755  -0.242180   0.265921   0.3070694   0.0011818   0.004365   0.002220   0.001797   0.000907  0.0000251  0.0000254    0.001126    0.000344
1984   2  26  45756  -0.244539   0.269329   0.3059635   0.0010669   0.005396   0.001746   0.002505   0.000862  0.0000241  0.0000250    0.001043    0.000310
1984   2  27  45757  -0.246102   0.273924   0.3049079   0.0010709   0.005102   0.001527   0.002542   0.000883  0.0000249  0.0000316    0.001079    0.000317
1984   2  28  45758  -0.246451   0.279199   0.3037965   0.0011664   0.003781   0.001510   0.001636   0.001241  0.0000391  0.0000320    0.002210    0.000540
1984   2  29  45759  -0.245795   0.284453   0.3025552   0.0013214   0.002100   0.001650   0.001635   0.001243  0.0000392  0.0000391    0.002220    0.000541
1984   3   1  45760  -0.244890   0.289172   0.3011409   0.0015075   0.000749   0.001945   0.001695   0.001294  0.0000392  0.0000392    0.002220    0.000541
1984   3   2  45761  -0.244815   0.293289   0.2995359   0.0016991   0.000118   0.002333   0.004093   0.004348  0.0000391  0.0000308    0.002217    0.000541
1984   3   3  45762  -0.246195   0.297058   0.2977471   0.0018733   0.000248   0.002654   0.004786   0.007047  0.0000225  0.0000305    0.001065    0.000449
1984   3   4  45763  -0.248288   0.300785   0.2958019   0.0020103   0.000935   0.002782   0.001181   0.001017  0.0000219  0.0000222    0.001034    0.000444
1984   3   5  45764  -0.249394   0.304675   0.2937448   0.0020953   0.001886   0.002758   0.000930   0.000791  0.0000219  0.0000219    0.001034    0.000444
1984   3   6  45765  -0.249003   0.308857   0.2916319   0.0021185   0.002850   0.002710   0.001370   0.001152  0.0000219  0.0000219    0.001034    0.000444
1984   3   7  45766  -0.249120   0.313421   0.2895263   0.0020781   0.003668   0.002676   0.003145   0.002430  0.0000219  0.0000343    0.001034    0.000444
1984   3   8  45767  -0.250055   0.317996   0.2874890   0.0019826   0.004247   0.002574   0.005023   0.003979  0.0000467  0.0000387    0.001460    0.000480
1984   3   9  45768  -0.249849   0.322058   0.2855679   0.0018507   0.004611   0.002363   0.002945   0.002282  0.0000555  0.0000511    0.001525    0.000483
1984   3  10  45769  -0.247430   0.325655   0.2837871   0.0017109   0.004880   0.002156   0.001817   0.001365  0.0000555  0.0000555    0.001525    0.000483
1984   3  11  45770  -0.245239   0.329783   0.2821364   0.0016005   0.005042   0.002078   0.001717   0.001291  0.0000555  0.0000555    0.001525    0.000483
1984   3  12  45771  -0.244488   0.334675   0.2805643   0.0015630   0.004843   0.002045   0.004834   0.004665  0.0000555  0.0000448    0.001524    0.000483
1984   3  13  45772  -0.243773   0.339444   0.2789765   0.0016356   0.004162   0.001822   0.005324   0.010350  0.0000341  0.0000445    0.000946    0.000317
1984   3  14  45773  -0.242043   0.343240   0.2772531   0.0018296   0.003353   0.001379   0.000950   0.001626  0.0000336  0.0000351    0.000931    0.000312
1984   3  15  45774  -0.239593   0.345957   0.2752848   0.0021140   0.002914   0.001019   0.000928   0.001582  0.0000361  0.0000425    0.000996    0.000336
1984   3  16  45775  -0.237582   0.348369   0.2730150   0.0024212   0.002913   0.001010   0.001335   0.002230  0.0000514  0.0000664    0.001377    0.000489
1984   3  17  45776  -0.236894   0.351912   0.2704628   0.0026643   0.003074   0.001211   0.003088   0.004806  0.0000968  0.0000607    0.002273    0.001031
1984   3  18  45777  -0.236449   0.356657   0.2677323   0.0027708   0.003210   0.001283   0.006182   0.010707  0.0000700  0.0000610    0.002086    0.000900
1984   3  19  45778  -0.234827   0.361697   0.2649766   0.0027189   0.003355   0.001134   0.001313   0.001610  0.0000252  0.0000476    0.000932    0.000322
1984   3  20  45779  -0.232958   0.366932   0.2623403   0.0025398   0.003498   0.000938   0.000896   0.001081  0.0000252  0.0000252    0.000930    0.000321
1984   3  21  45780  -0.232549   0.372267   0.2599208   0.0022927   0.003464   0.000771   0.001302   0.001479  0.0000252  0.0000252    0.000930    0.000321
1984   3  22  45781  -0.233445   0.376646   0.2577545   0.0020387   0.003116   0.000510   0.002840   0.002450  0.0000252  0.0000269    0.000930    0.000321
1984   3  23  45782  -0.233638   0.380027   0.2558253   0.0018217   0.002451   0.000108   0.004335   0.005836  0.0000286  0.0000271    0.001252    0.000382
1984   3  24  45783  -0.231462   0.383470   0.2540840   0.0016651   0.001578  -0.000251   0.002103   0.002183  0.0000290  0.0000288    0.001296    0.000389
1984   3  25  45784  -0.227758   0.387569   0.2524659   0.0015774   0.000763  -0.000360   0.001082   0.001054  0.0000290  0.0000290    0.001296    0.000389
1984   3  26  45785  -0.225408   0.391789   0.2509024   0.0015588   0.000397  -0.000222   0.001056   0.001026  0.0000290  0.0000290    0.001296    0.000389
1984   3  27  45786  -0.224916   0.395653   0.2493260   0.0016059   0.000691   0.000004   0.003432   0.003837  0.0000290  0.0000290    0.001296    0.000389
1984   3  28  45787  -0.224445   0.399146   0.2476747   0.0017096   0.001459   0.000227   0.006216   0.014508  0.0000290  0.0000290    0.001296    0.000389
1984   3  29  45788  -0.222919   0.402320   0.2458989   0.0018510   0.002299   0.000501   0.011618   0.016026  0.0000290  0.0000290    0.001296    0.000389
1984   3  30  45789  -0.221069   0.405143   0.2439734   0.0020005   0.002969   0.000873   0.016910   0.016081  0.0000290  0.0000322    0.001298    0.000389
1984   3  31  45790  -0.219732   0.407880   0.2419070   0.0021222   0.003512   0.001244   0.016805   0.015889  0.0000354  0.0000322    0.001625    0.000533
1984   4   1  45791  -0.218402   0.411275   0.2397451   0.0021850   0.004056   0.001439   0.006760   0.006375  0.0000354  0.0000354    0.001625    0.000533
1984   4   2  45792  -0.216033   0.415805   0.2375580   0.0021729   0.004622   0.001383   0.005932   0.005118  0.0000354  0.0000354    0.001625    0.000533
1984   4   3  45793  -0.212467   0.420850   0.2354210   0.0020900   0.005132   0.001155   0.002918   0.001905  0.0000354  0.0000354    0.001625    0.000533
1984   4   4  45794  -0.209380   0.424497   0.2333961   0.0019557   0.005497   0.000864   0.001625   0.001009  0.0000354  0.0000354    0.001625    0.000533
1984   4   5  45795  -0.208591   0.425749   0.2315201   0.0017971   0.005655   0.000545   0.002243   0.001366  0.0000354  0.0000354    0.001625    0.000533
1984   4   6  45796  -0.208476   0.428061   0.2298027   0.0016435   0.005609   0.000204   0.004851   0.002664  0.0000354  0.0000441    0.001626    0.000533
1984   4   7  45797  -0.206306   0.433005   0.2282238   0.0015256   0.005479  -0.000088   0.004325   0.003216  0.0000527  0.0000458    0.003280    0.000695
1984   4   8  45798  -0.201470   0.438319   0.2267324   0.0014753   0.005483  -0.000208   0.002683   0.002361  0.0000562  0.0000545    0.003920    0.000720
1984   4   9  45799  -0.196220   0.441796   0.2252454   0.0015205   0.005766  -0.000121   0.001625   0.001554  0.0000562  0.0000562    0.003920    0.000720
1984   4  10  45800  -0.194391   0.444777   0.2236576   0.0016755   0.006276   0.000051   0.001611   0.001568  0.0000562  0.0000585    0.003920    0.000720
1984   4  11  45801  -0.193532   0.447857   0.2218618   0.0019283   0.006778   0.000127   0.004076   0.004216  0.0000608  0.0001359    0.004184    0.000762
1984   4  12  45802  -0.189048   0.450593   0.2197808   0.0022337   0.006963   0.000041   0.005876   0.005463  0.0002157  0.0000718    0.005635    0.001270
1984   4  13  45803  -0.183781   0.454478   0.2173975   0.0025196   0.006580  -0.000188   0.002929   0.001857  0.0000829  0.0001294    0.002350    0.000834
1984   4  14  45804  -0.182343   0.460361   0.2147717   0.0027073   0.005714  -0.000549   0.001509   0.000952  0.0000431  0.0000593    0.001236    0.000498
1984   4  15  45805  -0.181830   0.465405   0.2120325   0.0027427   0.004985  -0.000928   0.001264   0.000798  0.0000357  0.0000407    0.001027    0.000421
1984   4  16  45806  -0.179188   0.468269   0.2093390   0.0026213   0.004958  -0.001172   0.002609   0.001828  0.0000383  0.0000792    0.001100    0.000452
1984   4  17  45807  -0.175112   0.470475   0.2068281   0.0023898   0.005564  -0.001135   0.004032   0.003379  0.0001227  0.0000414    0.004227    0.001664
1984   4  18  45808  -0.171716   0.473554   0.2045733   0.0021221   0.006147  -0.000833   0.002266   0.001542  0.0000445  0.0000726    0.001627    0.000650
1984   4  19  45809  -0.169537   0.476764   0.2025743   0.0018843   0.005961  -0.000458   0.001187   0.000803  0.0000224  0.0000314    0.000818    0.000320
1984   4  20  45810  -0.166531   0.479016   0.2007800   0.0017142   0.004517  -0.000067   0.001101   0.000816  0.0000182  0.0000200    0.000638    0.000226
1984   4  21  45811  -0.162604   0.481216   0.1991160   0.0016257   0.003126   0.000070   0.000932   0.000749  0.0000176  0.0000180    0.000600    0.000201
1984   4  22  45812  -0.159653   0.484577   0.1975003   0.0016207   0.003189  -0.000152   0.001065   0.000869  0.0000179  0.0000263    0.000609    0.000203
1984   4  23  45813  -0.157905   0.487893   0.1958510   0.0016900   0.004671  -0.000483   0.002449   0.002262  0.0000349  0.0000269    0.001442    0.000533
1984   4  24  45814  -0.156203   0.489851   0.1941029   0.0018058   0.006653  -0.000645   0.001747   0.001610  0.0000359  0.0000404    0.001497    0.000558
1984   4  25  45815  -0.153300   0.491719   0.1922292   0.0019258   0.008000  -0.000462   0.001703   0.001567  0.0000459  0.0000813    0.001902    0.000711
1984   4  26  45816  -0.149133   0.494800   0.1902493   0.0020154   0.008252  -0.000051   0.003166   0.004176  0.0001267  0.0000632    0.003486    0.001376
1984   4  27  45817  -0.144863   0.498405   0.1882045   0.0020679   0.007651   0.000283   0.001787   0.003211  0.0000805  0.0000864    0.001881    0.000736
1984   4  28  45818  -0.141958   0.501861   0.1861266   0.0020997   0.006489   0.000279   0.001497   0.001760  0.0000462  0.0000546    0.001423    0.000583
1984   4  29  45819  -0.140135   0.504828   0.1840236   0.0021218   0.005310  -0.000089   0.001459   0.001066  0.0000286  0.0000370    0.001100    0.000483
1984   4  30  45820  -0.137826   0.507505   0.1819045   0.0021168   0.004618  -0.000605   0.001464   0.001046  0.0000279  0.0000283    0.001084    0.000477
1984   5   1  45821  -0.134096   0.510478   0.1798111   0.0020544   0.004519  -0.001007   0.003137   0.002239  0.0000279  0.0000502    0.001084    0.000477
1984   5   2  45822  -0.129291   0.514006   0.1778116   0.0019229   0.004887  -0.001122   0.015961   0.011522  0.0000724  0.0000643    0.003157    0.000888
1984   5   3  45823  -0.124556   0.517538   0.1759713   0.0017408   0.005455  -0.000946   0.016658   0.008562  0.0001006  0.0000865    0.007007    0.001036
1984   5   4  45824  -0.120940   0.519969   0.1743234   0.0015502   0.005843  -0.000638   0.008948   0.006083  0.0001006  0.0001006    0.007008    0.001036
1984   5   5  45825  -0.118380   0.521121   0.1728523   0.0014034   0.005767  -0.000398   0.005457   0.007366  0.0001006  0.0001005    0.007008    0.001036
1984   5   6  45826  -0.115349   0.522592   0.1714895   0.0013467   0.005291  -0.000331   0.004621   0.008888  0.0001004  0.0000634    0.006988    0.001035
1984   5   7  45827  -0.110829   0.525269   0.1701282   0.0014064   0.004794  -0.000410   0.007800   0.004043  0.0000261  0.0000625    0.001379    0.000340
1984   5   8  45828  -0.105254   0.528474   0.1686483   0.0015813   0.004640  -0.000520   0.003447   0.001938  0.0000245  0.0000253    0.001267    0.000314
1984   5   9  45829  -0.100067   0.531227   0.1669463   0.0018387   0.004910  -0.000536   0.001685   0.000995  0.0000245  0.0000245    0.001267    0.000314
1984   5  10  45830  -0.096491   0.533644   0.1649674   0.0021161   0.005405  -0.000390   0.001943   0.001155  0.0000245  0.0000245    0.001267    0.000314
1984   5  11  45831  -0.093823   0.535675   0.1627314   0.0023331   0.005853  -0.000130   0.003987   0.002397  0.0000245  0.0000291    0.001267    0.000314
1984   5  12  45832  -0.090851   0.537231   0.1603381   0.0024175   0.006107   0.000096   0.004664   0.004375  0.0000338  0.0000306    0.001000    0.000407
1984   5  13  45833  -0.087477   0.538719   0.1579437   0.0023349   0.006192   0.000166   0.001508   0.001821  0.0000366  0.0000352    0.000970    0.000433
1984   5  14  45834  -0.084289   0.540587   0.1557116   0.0021075   0.006180   0.000103   0.001504   0.001817  0.0000366  0.0000366    0.000970    0.000433
1984   5  15  45835  -0.081584   0.542866   0.1537544   0.0018071   0.006077   0.000034   0.001517   0.001832  0.0000366  0.0000366    0.000970    0.000433
1984   5  16  45836  -0.078639   0.544846   0.1520996   0.0015193   0.005848   0.000018   0.003687   0.004157  0.0000366  0.0000325    0.000970    0.000433
1984   5  17  45837  -0.074506   0.545762   0.1506978   0.0013049   0.005510  -0.000024   0.009702   0.005915  0.0000283  0.0000322    0.000837    0.000385
1984   5  18  45838  -0.069386   0.545932   0.1494611   0.0011834   0.005150  -0.000182   0.002706   0.001244  0.0000278  0.0000281    0.000829    0.000382
1984   5  19  45839  -0.065222   0.547099   0.1483010   0.0011451   0.004841  -0.000424   0.001748   0.000801  0.0000278  0.0000278    0.000829    0.000382
1984   5  20  45840  -0.063227   0.550106   0.1471456   0.0011713   0.004623  -0.000633   0.002299   0.001091  0.0000278  0.0000278    0.000829    0.000382
1984   5  21  45841  -0.061101   0.552742   0.1459398   0.0012458   0.004538  -0.000761   0.003385   0.001779  0.0000278  0.0000283    0.000829    0.000382
1984   5  22  45842  -0.056948   0.553908   0.1446429   0.0013513   0.004611  -0.000865   0.006890   0.004196  0.0000288  0.0000284    0.000967    0.000467
1984   5  23  45843  -0.050967   0.554391   0.1432338   0.0014648   0.004740  -0.000984   0.003460   0.002189  0.0000289  0.0000289    0.000980    0.000477
1984   5  24  45844  -0.045095   0.555228   0.1417177   0.0015600   0.004689  -0.001039   0.001856   0.001182  0.0000289  0.0000289    0.000980    0.000477
1984   5  25  45845  -0.041435   0.556203   0.1401250   0.0016172   0.004256  -0.000898   0.002057   0.001314  0.0000289  0.0000289    0.000980    0.000477
1984   5  26  45846  -0.039082   0.556900   0.1384996   0.0016281   0.003467  -0.000539   0.006454   0.004334  0.0000289  0.0000266    0.000980    0.000477
1984   5  27  45847  -0.035662   0.557354   0.1368879   0.0015923   0.002575  -0.000119   0.007569   0.004868  0.0000244  0.0000265    0.000833    0.000571
1984   5  28  45848  -0.030605   0.557913   0.1353350   0.0015114   0.001888   0.000135   0.001300   0.000765  0.0000241  0.0000242    0.000822    0.000583
1984   5  29  45849  -0.024974   0.558903   0.1338832   0.0013898   0.001612   0.000100   0.001264   0.000744  0.0000241  0.0000241    0.000822    0.000583
1984   5  30  45850  -0.019984   0.560274   0.1325669   0.0012403   0.001776  -0.000164   0.001281   0.000754  0.0000241  0.0000241    0.000822    0.000583
1984   5  31  45851  -0.015682   0.561433   0.1314024   0.0010885   0.002240  -0.000489   0.003326   0.001994  0.0000241  0.0000249    0.000822    0.000582
1984   6   1  45852  -0.011317   0.561753   0.1303750   0.0009711   0.002758  -0.000739   0.007552   0.005754  0.0000258  0.0000250    0.000989    0.000465
1984   6   2  45853  -0.006564   0.561359   0.1294327   0.0009247   0.003113  -0.000881   0.001794   0.001673  0.0000260  0.0000259    0.001009    0.000458
1984   6   3  45854  -0.002101   0.561325   0.1284923   0.0009720   0.003228  -0.000963   0.001258   0.001184  0.0000260  0.0000260    0.001009    0.000458
1984   6   4  45855   0.001575   0.562292   0.1274589   0.0011106   0.003171  -0.001029   0.001744   0.001640  0.0000260  0.0000260    0.001009    0.000458
1984   6   5  45856   0.005278   0.563209   0.1262528   0.0013110   0.003046  -0.001068   0.003066   0.002871  0.0000260  0.0000329    0.001010    0.000458
1984   6   6  45857   0.009748   0.563185   0.1248350   0.0015226   0.002870  -0.001033   0.007617   0.004683  0.0000399  0.0000341    0.001396    0.000443
1984   6   7  45858   0.014993   0.562276   0.1232230   0.0016872   0.002567  -0.000908   0.003427   0.002061  0.0000422  0.0000411    0.001448    0.000441
1984   6   8  45859   0.020430   0.561284   0.1214909   0.0017548   0.002100  -0.000749   0.001861   0.001123  0.0000422  0.0000422    0.001448    0.000441
1984   6   9  45860   0.025363   0.561082   0.1197528   0.0016998   0.001573  -0.000652   0.001886   0.001139  0.0000422  0.0000422    0.001448    0.000441
1984   6  10  45861   0.029711   0.561180   0.1181308   0.0015307   0.001193  -0.000663   0.006375   0.003942  0.0000422  0.0000340    0.001448    0.000441
1984   6  11  45862   0.033831   0.560507   0.1167201   0.0012887   0.001118  -0.000744   0.006195   0.006024  0.0000258  0.0000337    0.001146    0.000440
1984   6  12  45863   0.037857   0.559136   0.1155636   0.0010324   0.001332  -0.000824   0.000863   0.001015  0.0000252  0.0000255    0.001129    0.000440
1984   6  13  45864   0.041658   0.558023   0.1146455   0.0008175   0.001638  -0.000874   0.000812   0.000955  0.0000252  0.0000252    0.001129    0.000440
1984   6  14  45865   0.045092   0.557847   0.1139042   0.0006793   0.001796  -0.000913   0.000858   0.001010  0.0000252  0.0000252    0.001129    0.000440
1984   6  15  45866   0.048302   0.558087   0.1132567   0.0006283   0.001671  -0.000949   0.003024   0.003446  0.0000252  0.0000234    0.001129    0.000440
1984   6  16  45867   0.051696   0.557731   0.1126199   0.0006555   0.001285  -0.000935   0.008083   0.006458  0.0000216  0.0000233    0.000973    0.000329
1984   6  17  45868   0.055677   0.556730   0.1119247   0.0007424   0.000753  -0.000828   0.001267   0.001014  0.0000214  0.0000215    0.000962    0.000322
1984   6  18  45869   0.060344   0.556185   0.1111225   0.0008660   0.000203  -0.000664   0.001110   0.000887  0.0000214  0.0000214    0.000962    0.000322
1984   6  19  45870   0.065398   0.556836   0.1101883   0.0010020  -0.000246  -0.000548   0.001539   0.001225  0.0000214  0.0000214    0.000962    0.000322
1984   6  20  45871   0.070326   0.557815   0.1091218   0.0011278  -0.000509  -0.000542   0.002669   0.002096  0.0000214  0.0000260    0.000962    0.000322
1984   6  21  45872   0.074398   0.557822   0.1079431   0.0012253  -0.000578  -0.000593   0.004104   0.003948  0.0000307  0.0000268    0.001283    0.000457
1984   6  22  45873   0.077392   0.556361   0.1066865   0.0012831  -0.000564  -0.000592   0.002370   0.002540  0.0000323  0.0000315    0.001329    0.000478
1984   6  23  45874   0.080004   0.554283   0.1053945   0.0012943  -0.000616  -0.000491   0.001352   0.001503  0.0000323  0.0000323    0.001329    0.000478
1984   6  24  45875   0.083482   0.553331   0.1041155   0.0012540  -0.000751  -0.000353   0.001338   0.001494  0.0000323  0.0000323    0.001329    0.000478
1984   6  25  45876   0.087842   0.553450   0.1029028   0.0011601  -0.000797  -0.000284   0.004861   0.005290  0.0000323  0.0000305    0.001328    0.000478
1984   6  26  45877   0.092147   0.553099   0.1018082   0.0010197  -0.000560  -0.000341   0.007039   0.006493  0.0000287  0.0000303    0.000852    0.000691
1984   6  27  45878   0.096084   0.551563   0.1008687   0.0008546  -0.000048  -0.000507   0.000970   0.000907  0.0000284  0.0000285    0.000832    0.000725
1984   6  28  45879   0.100188   0.549381   0.1000912   0.0007013   0.000518  -0.000728   0.000890   0.000834  0.0000284  0.0000284    0.000832    0.000725
1984   6  29  45880   0.105032   0.547454   0.0994430   0.0006000   0.000933  -0.000949   0.000929   0.000872  0.0000284  0.0000284    0.000832    0.000725
1984   6  30  45881   0.110518   0.546084   0.0988562   0.0005808   0.001171  -0.001118   0.002952   0.003129  0.0000284  0.0000252    0.000832    0.000724
1984   7   1  45882   0.116006   0.544940   0.0982452   0.0006505   0.001302  -0.001204   0.005303   0.007965  0.0000219  0.0000250    0.000875    0.000300
1984   7   2  45883   0.120859   0.543604   0.0975303   0.0007892   0.001330  -0.001209   0.001355   0.001079  0.0000215  0.0000217    0.000879    0.000290
1984   7   3  45884   0.124841   0.542013   0.0966621   0.0009554   0.001167  -0.001147   0.001177   0.000933  0.0000215  0.0000215    0.000879    0.000290
1984   7   4  45885   0.128334   0.540443   0.0956367   0.0010979   0.000761  -0.000998   0.001471   0.001183  0.0000215  0.0000215    0.000879    0.000290
1984   7   5  45886   0.132227   0.539138   0.0944995   0.0011711   0.000156  -0.000733   0.002158   0.001798  0.0000215  0.0000224    0.000878    0.000290
1984   7   6  45887   0.136724   0.537723   0.0933347   0.0011478  -0.000564  -0.000379   0.006913   0.006321  0.0000232  0.0000225    0.000524    0.000167
1984   7   7  45888   0.141405   0.535689   0.0922414   0.0010278  -0.001334  -0.000040   0.001739   0.001613  0.0000234  0.0000233    0.000497    0.000158
1984   7   8  45889   0.145638   0.533169   0.0913061   0.0008371  -0.002083   0.000168   0.000744   0.000681  0.0000234  0.0000234    0.000497    0.000158
1984   7   9  45890   0.149132   0.530968   0.0905789   0.0006181  -0.002682   0.000184   0.000771   0.000705  0.0000234  0.0000234    0.000497    0.000158
1984   7  10  45891   0.152456   0.529303   0.0900645   0.0004145  -0.003007   0.000008   0.002212   0.002277  0.0000234  0.0000252    0.000497    0.000158
1984   7  11  45892   0.156428   0.527566   0.0897301   0.0002571  -0.003077  -0.000326   0.003705   0.006291  0.0000270  0.0000256    0.000794    0.000275
1984   7  12  45893   0.160864   0.525012   0.0895222   0.0001606  -0.003113  -0.000740   0.001172   0.001036  0.0000278  0.0000274    0.000993    0.000379
1984   7  13  45894   0.164818   0.521367   0.0893800   0.0001315  -0.003393  -0.001103   0.001063   0.000933  0.0000278  0.0000283    0.000993    0.000380
1984   7  14  45895   0.167703   0.517174   0.0892356   0.0001761  -0.004009  -0.001277   0.001103   0.000969  0.0000289  0.0000609    0.001031    0.000394
1984   7  15  45896   0.170267   0.513813   0.0890126   0.0002961  -0.004758  -0.001226   0.003724   0.003266  0.0000940  0.0001528    0.003350    0.001279
1984   7  16  45897   0.173833   0.512328   0.0886371   0.0004766  -0.005301  -0.001040   0.010258   0.007903  0.0002768  0.0000645    0.010809    0.003258
1984   7  17  45898   0.178583   0.511929   0.0880616   0.0006813  -0.005394  -0.000833   0.001850   0.001404  0.0000350  0.0001508    0.001441    0.000412
1984   7  18  45899   0.183391   0.510593   0.0872842   0.0008606  -0.004996  -0.000604   0.000879   0.000666  0.0000249  0.0000299    0.001026    0.000293
1984   7  19  45900   0.187737   0.508075   0.0863557   0.0009648  -0.004287  -0.000271   0.001165   0.000882  0.0000248  0.0000277    0.001023    0.000292
1984   7  20  45901   0.191471   0.505911   0.0853724   0.0009635  -0.003709   0.000176   0.001895   0.001598  0.0000305  0.0000351    0.000947    0.000303
1984   7  21  45902   0.195035   0.504058   0.0844459   0.0008675  -0.003752   0.000564   0.000825   0.000928  0.0000454  0.0000342    0.000861    0.000307
1984   7  22  45903   0.198914   0.501061   0.0836520   0.0007306  -0.004489   0.000641   0.000833   0.000881  0.0000379  0.0000381    0.000756    0.000256
1984   7  23  45904   0.202782   0.496814   0.0829958   0.0006128  -0.005188   0.000273   0.000940   0.000867  0.0000308  0.0000437    0.000645    0.000208
1984   7  24  45905   0.205974   0.493124   0.0824328   0.0005410  -0.004896  -0.000444   0.001499   0.001296  0.0000496  0.0001143    0.001043    0.000328
1984   7  25  45906   0.209521   0.490448   0.0819119   0.0005072  -0.004186  -0.001141   0.007094   0.002877  0.0001978  0.0002844    0.003937    0.000898
1984   7  26  45907   0.214178   0.488216   0.0814032   0.0005023  -0.003960  -0.001536   0.013550   0.003148  0.0005191  0.0001614    0.008222    0.001173
1984   7  27  45908   0.218920   0.485893   0.0808772   0.0005445  -0.004371  -0.001552   0.003176   0.001842  0.0001250  0.0002951    0.002314    0.001373
1984   7  28  45909   0.222518   0.483230   0.0802750   0.0006672  -0.004940  -0.001215   0.002309   0.001124  0.0000711  0.0000819    0.001346    0.000762
1984   7  29  45910   0.225275   0.480290   0.0795075   0.0008863  -0.005112  -0.000646   0.001389   0.000802  0.0000387  0.0000477    0.000906    0.000380
1984   7  30  45911   0.229402   0.477491   0.0784857   0.0011728  -0.005017  -0.000130   0.000939   0.000817  0.0000243  0.0000311    0.000752    0.000225
1984   7  31  45912   0.233112   0.475192   0.0771722   0.0014506  -0.005211   0.000019   0.001399   0.001353  0.0000236  0.0000347    0.000788    0.000217
1984   8   1  45913   0.236390   0.472758   0.0756194   0.0016300  -0.005585  -0.000232   0.002256   0.002199  0.0000452  0.0000280    0.002035    0.000546
1984   8   2  45914   0.239368   0.469388   0.0739598   0.0016515  -0.005712  -0.000617   0.001454   0.001502  0.0000325  0.0000356    0.001551    0.000435
1984   8   3  45915   0.242109   0.465578   0.0723617   0.0015094  -0.005434  -0.000815   0.001519   0.001469  0.0000261  0.0000269    0.001150    0.000346
1984   8   4  45916   0.245257   0.462234   0.0709725   0.0012493  -0.005449  -0.000720   0.001022   0.000768  0.0000213  0.0000237    0.000574    0.000224
1984   8   5  45917   0.249209   0.459535   0.0698759   0.0009447  -0.006379  -0.000417   0.000730   0.000533  0.0000213  0.0000215    0.000580    0.000213
1984   8   6  45918   0.253142   0.456695   0.0690780   0.0006698  -0.007148  -0.000008   0.000737   0.000535  0.0000218  0.0000220    0.000686    0.000210
1984   8   7  45919   0.255704   0.452811   0.0685174   0.0004818  -0.005323   0.000426   0.000739   0.000628  0.0000227  0.0000271    0.000866    0.000266
1984   8   8  45920   0.257936   0.449411   0.0680875   0.0004076  -0.001879   0.000663   0.000876   0.000823  0.0000324  0.0000612    0.001357    0.000443
1984   8   9  45921   0.260643   0.446468   0.0676733   0.0004417   0.000689   0.000563   0.002501   0.002133  0.0000996  0.0000801    0.004102    0.001369
1984   8  10  45922   0.263473   0.442730   0.0671789   0.0005585   0.000666   0.000206   0.003864   0.002808  0.0001278  0.0000615    0.005606    0.001807
1984   8  11  45923   0.266122   0.438567   0.0665384   0.0007276  -0.001742  -0.000158   0.002502   0.001581  0.0000234  0.0000754    0.001107    0.000344
1984   8  12  45924   0.268707   0.435096   0.0657147   0.0009224  -0.004995  -0.000306   0.001350   0.000879  0.0000231  0.0000233    0.001095    0.000341
1984   8  13  45925   0.271433   0.432140   0.0646937   0.0011208  -0.007363  -0.000220   0.001094   0.000716  0.0000231  0.0000231    0.001095    0.000341
1984   8  14  45926   0.274432   0.429016   0.0634814   0.0013020  -0.008054  -0.000055   0.002489   0.001637  0.0000231  0.0000219    0.001095    0.000341
1984   8  15  45927   0.277672   0.425553   0.0621047   0.0014434  -0.007328   0.000074   0.007807   0.005758  0.0000206  0.0000218    0.001279    0.000308
1984   8  16  45928   0.280863   0.421980   0.0606134   0.0015245  -0.006028   0.000197   0.001527   0.001178  0.0000204  0.0000205    0.001304    0.000305
1984   8  17  45929   0.283488   0.418625   0.0590750   0.0015329  -0.005167   0.000380   0.000870   0.000673  0.0000204  0.0000204    0.001304    0.000305
1984   8  18  45930   0.285212   0.415615   0.0575636   0.0014682  -0.005560   0.000561   0.000857   0.000663  0.0000204  0.0000204    0.001304    0.000305
1984   8  19  45931   0.286312   0.412686   0.0561492   0.0013404  -0.007315   0.000578   0.000870   0.000673  0.0000204  0.0000237    0.001304    0.000305
1984   8  20  45932   0.287512   0.409359   0.0548878   0.0011687  -0.009609   0.000357   0.002811   0.002351  0.0000270  0.0000241    0.001412    0.000357
1984   8  21  45933   0.289384   0.405295   0.0538107   0.0009844  -0.011108   0.000009   0.002015   0.001674  0.0000278  0.0000274    0.001422    0.000363
1984   8  22  45934   0.291772   0.400612   0.0529091   0.0008333  -0.010926  -0.000311   0.001412   0.001167  0.0000278  0.0000278    0.001422    0.000363
1984   8  23  45935   0.293397   0.396287   0.0521218   0.0007692  -0.009331  -0.000573   0.001334   0.001096  0.0000278  0.0000222    0.001409    0.000361
1984   8  24  45936   0.293787   0.392343   0.0513359   0.0008366  -0.007591  -0.000802   0.001967   0.002422  0.0000165  0.0000207    0.000508    0.000162
1984   8  25  45937   0.293738   0.388085   0.0504089   0.0010482  -0.006905  -0.000907   0.000785   0.002219  0.0000137  0.0000156    0.000401    0.000130
1984   8  26  45938   0.293757   0.384313   0.0492093   0.0013703  -0.007620  -0.000746   0.000648   0.001293  0.0000147  0.0000183    0.000434    0.000141
1984   8  27  45939   0.293968   0.381114   0.0476624   0.0017249  -0.008852  -0.000425   0.001010   0.000867  0.0000230  0.0000196    0.000716    0.000224
1984   8  28  45940   0.294502   0.377077   0.0457845   0.0020099  -0.009086  -0.000296   0.001285   0.001145  0.0000246  0.0000183    0.000761    0.000215
1984   8  29  45941   0.295712   0.372574   0.0436917   0.0021433  -0.008445  -0.000441   0.000749   0.001001  0.0000136  0.0000148    0.000522    0.000142
1984   8  30  45942   0.297375   0.368657   0.0415544   0.0021047  -0.008178  -0.000564   0.000409   0.000328  0.0000051  0.0000087    0.000373    0.000152
1984   8  31  45943   0.298399   0.365481   0.0395274   0.0019349  -0.008974  -0.000465   0.000259   0.000198  0.0000038  0.0000059    0.000313    0.000186
1984   9   1  45944   0.298329   0.362249   0.0377072   0.0016978  -0.010053  -0.000315   0.000353   0.000289  0.0000067  0.0000046    0.000496    0.000263
1984   9   2  45945   0.298658   0.358971   0.0361303   0.0014483  -0.009536  -0.000387   0.000248   0.000223  0.0000054  0.0000052    0.000419    0.000217
1984   9   3  45946   0.299507   0.355682   0.0347910   0.0012254  -0.007959  -0.000632   0.000179   0.000158  0.0000037  0.0000045    0.000309    0.000169
1984   9   4  45947   0.300114   0.352164   0.0336507   0.0010595  -0.007113  -0.000766   0.000223   0.000197  0.0000037  0.0000085    0.000306    0.000167
1984   9   5  45948   0.300750   0.348151   0.0326416   0.0009707  -0.007403  -0.000668   0.001352   0.001121  0.0000133  0.0000129    0.000731    0.000469
1984   9   6  45949   0.302021   0.343690   0.0316822   0.0009625  -0.008238  -0.000465   0.001328   0.001048  0.0000221  0.0000177    0.000843    0.000585
1984   9   7  45950   0.303697   0.339526   0.0306960   0.0010228  -0.008775  -0.000331   0.001561   0.001231  0.0000222  0.0000221    0.000843    0.000585
1984   9   8  45951   0.305402   0.335751   0.0296246   0.0011298  -0.008697  -0.000258   0.003399   0.002568  0.0000222  0.0000215    0.000843    0.000585
1984   9   9  45952   0.306803   0.332005   0.0284335   0.0012591  -0.008195  -0.000110   0.002432   0.001941  0.0000209  0.0000215    0.000894    0.000482
1984   9  10  45953   0.307507   0.328141   0.0271123   0.0013871  -0.007618   0.000163   0.000657   0.000548  0.0000208  0.0000208    0.000899    0.000476
1984   9  11  45954   0.307370   0.324139   0.0256728   0.0014933  -0.007249   0.000463   0.000654   0.000546  0.0000208  0.0000208    0.000899    0.000476
1984   9  12  45955   0.306698   0.320128   0.0241448   0.0015629  -0.007201   0.000698   0.000665   0.000555  0.0000208  0.0000208    0.000899    0.000476
1984   9  13  45956   0.306408   0.316321   0.0225684   0.0015886  -0.007398   0.000913   0.001951   0.001627  0.0000208  0.0000249    0.000899    0.000475
1984   9  14  45957   0.307329   0.312802   0.0209870   0.0015695  -0.007700   0.001194   0.009515   0.006865  0.0000291  0.0000256    0.001041    0.000421
1984   9  15  45958   0.309149   0.309291   0.0194431   0.0015091  -0.008055   0.001485   0.001950   0.001559  0.0000303  0.0000297    0.001056    0.000417
1984   9  16  45959   0.310276   0.305234   0.0179748   0.0014149  -0.008473   0.001583   0.001239   0.000993  0.0000303  0.0000303    0.001056    0.000417
1984   9  17  45960   0.309881   0.300579   0.0166114   0.0013003  -0.008820   0.001362   0.001666   0.001325  0.0000303  0.0000303    0.001056    0.000417
1984   9  18  45961   0.309599   0.296261   0.0153646   0.0011891  -0.008786   0.000943   0.004010   0.002930  0.0000303  0.0000316    0.001056    0.000417
1984   9  19  45962   0.310648   0.292558   0.0142149   0.0011178  -0.008204   0.000569   0.004168   0.002550  0.0000328  0.0000317    0.001225    0.000374
1984   9  20  45963   0.311591   0.288286   0.0131008   0.0011287  -0.007327   0.000355   0.002483   0.001775  0.0000330  0.0000329    0.001242    0.000371
1984   9  21  45964   0.311278   0.283271   0.0119213   0.0012543  -0.006611   0.000254   0.001553   0.001274  0.0000330  0.0000330    0.001242    0.000371
1984   9  22  45965   0.311225   0.279886   0.0105565   0.0014964  -0.006303   0.000270   0.001852   0.001539  0.0000330  0.0000330    0.001242    0.000371
1984   9  23  45966   0.311920   0.277563   0.0089071   0.0018134  -0.006422   0.000497   0.003247   0.002568  0.0000330  0.0000289    0.001242    0.000371
1984   9  24  45967   0.312647   0.274476   0.0069357   0.0021260  -0.006954   0.000882   0.002522   0.002220  0.0000248  0.0000287    0.000796    0.000469
1984   9  25  45968   0.312962   0.270404   0.0046918   0.0023450  -0.007777   0.001126   0.000821   0.000824  0.0000244  0.0000246    0.000777    0.000481
1984   9  26  45969   0.312865   0.266095   0.0023029   0.0024083  -0.008550   0.001028   0.000818   0.000822  0.0000244  0.0000244    0.000777    0.000481
1984   9  27  45970   0.312660   0.262271  -0.0000667   0.0023068  -0.009000   0.000783   0.000847   0.000852  0.0000244  0.0000244    0.000777    0.000481
1984   9  28  45971   0.312680   0.258719  -0.0022709   0.0020853  -0.009220   0.000708   0.002847   0.002889  0.0000244  0.0000222    0.000777    0.000481
1984   9  29  45972   0.312985   0.254773  -0.0042259   0.0018196  -0.009431   0.000788   0.008202   0.007304  0.0000201  0.0000221    0.001014    0.000397
1984   9  30  45973   0.313130   0.250380  -0.0059249   0.0015827  -0.009583   0.000739   0.001181   0.001047  0.0000198  0.0000199    0.001050    0.000391
1984  10   1  45974   0.312382   0.246339  -0.0074217   0.0014206  -0.009459   0.000470   0.000841   0.000746  0.0000198  0.0000198    0.001050    0.000391
1984  10   2  45975   0.310628   0.243140  -0.0088006   0.0013482  -0.009029   0.000231   0.001190   0.001053  0.0000198  0.0000198    0.001050    0.000391
1984  10   3  45976   0.308847   0.239983  -0.0101489   0.0013583  -0.008451   0.000269   0.003272   0.002815  0.0000198  0.0000202    0.001050    0.000391
1984  10   4  45977   0.307797   0.236194  -0.0115408   0.0014327  -0.007832   0.000535   0.004291   0.004732  0.0000207  0.0000203    0.000830    0.000311
1984  10   5  45978   0.307078   0.232220  -0.0130296   0.0015483  -0.007228   0.000792   0.001830   0.001734  0.0000208  0.0000207    0.000814    0.000306
1984  10   6  45979   0.305963   0.228523  -0.0146436   0.0016784  -0.006776   0.000913   0.000974   0.000889  0.0000208  0.0000208    0.000814    0.000306
1984  10   7  45980   0.304297   0.224699  -0.0163838   0.0017976  -0.006630   0.000967   0.000945   0.000856  0.0000208  0.0000208    0.000814    0.000306
1984  10   8  45981   0.302960   0.221232  -0.0182281   0.0018882  -0.006771   0.001039   0.002981   0.002445  0.0000208  0.0000214    0.000814    0.000306
1984  10   9  45982   0.302380   0.218559  -0.0201428   0.0019424  -0.007002   0.001086   0.004269   0.003276  0.0000221  0.0000215    0.000900    0.000377
1984  10  10  45983   0.301087   0.215034  -0.0220916   0.0019564  -0.007107   0.001015   0.001437   0.001693  0.0000222  0.0000222    0.000910    0.000387
1984  10  11  45984   0.297793   0.209167  -0.0240337   0.0019220  -0.006974   0.000856   0.000997   0.001301  0.0000222  0.0000222    0.000910    0.000387
1984  10  12  45985   0.294641   0.203630  -0.0259177   0.0018305  -0.006586   0.000763   0.000836   0.001131  0.0000222  0.0000222    0.000910    0.000387
1984  10  13  45986   0.293209   0.200710  -0.0276844   0.0016843  -0.006004   0.000834   0.002043   0.002326  0.0000222  0.0000236    0.000910    0.000387
1984  10  14  45987   0.291506   0.198217  -0.0292859   0.0015072  -0.005378   0.001005   0.003544   0.002964  0.0000250  0.0000238    0.000821    0.000412
1984  10  15  45988   0.288613   0.194316  -0.0307085   0.0013406  -0.004870   0.001144   0.001593   0.001077  0.0000254  0.0000252    0.000814    0.000414
1984  10  16  45989   0.286705   0.190208  -0.0319857   0.0012303  -0.004533   0.001213   0.001269   0.000839  0.0000254  0.0000254    0.000814    0.000414
1984  10  17  45990   0.287289   0.187490  -0.0331950   0.0012136  -0.004323   0.001277   0.001747   0.001133  0.0000254  0.0000254    0.000814    0.000414
1984  10  18  45991   0.287762   0.185118  -0.0344446   0.0013145  -0.004234   0.001373   0.002951   0.001806  0.0000254  0.0000222    0.000814    0.000414
1984  10  19  45992   0.286147   0.182203  -0.0358572   0.0015369  -0.004331   0.001464   0.004578   0.004357  0.0000190  0.0000220    0.000699    0.000393
1984  10  20  45993   0.283275   0.179079  -0.0375449   0.0018536  -0.004633   0.001554   0.001233   0.001450  0.0000186  0.0000188    0.000692    0.000392
1984  10  21  45994   0.280903   0.176053  -0.0395730   0.0021995  -0.005078   0.001738   0.000590   0.000698  0.0000186  0.0000186    0.000692    0.000392
1984  10  22  45995   0.279697   0.172848  -0.0419258   0.0024844  -0.005594   0.002025   0.000661   0.000782  0.0000186  0.0000186    0.000692    0.000392
1984  10  23  45996   0.278895   0.169349  -0.0444976   0.0026262  -0.006050   0.002218   0.002490   0.002856  0.0000186  0.0000180    0.000692    0.000392
1984  10  24  45997   0.277395   0.165798  -0.0471202   0.0025865  -0.006197   0.002147   0.005085   0.005417  0.0000174  0.0000180    0.000722    0.000313
1984  10  25  45998   0.275105   0.162584  -0.0496183   0.0023868  -0.005916   0.001953   0.000720   0.000881  0.0000173  0.0000174    0.000724    0.000308
1984  10  26  45999   0.272831   0.159919  -0.0518648   0.0020958  -0.005484   0.001921   0.000677   0.000830  0.0000173  0.0000173    0.000724    0.000308
1984  10  27  46000   0.271184   0.157618  -0.0538110   0.0017967  -0.005299   0.002052   0.000679   0.000832  0.0000173  0.0000173    0.000724    0.000308
1984  10  28  46001   0.269650   0.154939  -0.0554838   0.0015570  -0.005385   0.002049   0.001295   0.001515  0.0000173  0.0000187    0.000725    0.000308
1984  10  29  46002   0.267212   0.151175  -0.0569621   0.0014132  -0.005426   0.001747   0.003687   0.003116  0.0000201  0.0000188    0.000783    0.000394
1984  10  30  46003   0.263726   0.146517  -0.0583466   0.0013723  -0.005240   0.001377   0.001248   0.001411  0.0000203  0.0000202    0.000788    0.000404
1984  10  31  46004   0.260615   0.142578  -0.0597350   0.0014192  -0.004931   0.001277   0.000751   0.000887  0.0000203  0.0000203    0.000788    0.000404
1984  11   1  46005   0.259054   0.140601  -0.0612035   0.0015258  -0.004628   0.001507   0.000989   0.001189  0.0000203  0.0000204    0.000788    0.000404
1984  11   2  46006   0.257533   0.138792  -0.0627957   0.0016591  -0.004349   0.001839   0.001714   0.002185  0.0000204  0.0000238    0.000788    0.000404
1984  11   3  46007   0.255105   0.135772  -0.0645221   0.0017901  -0.004122   0.002066   0.007952   0.007251  0.0000272  0.0000242    0.001117    0.000478
1984  11   4  46008   0.252271   0.131714  -0.0663680   0.0018977  -0.004030   0.002202   0.002630   0.002202  0.0000280  0.0000276    0.001165    0.000485
1984  11   5  46009   0.250107   0.127912  -0.0683025   0.0019676  -0.004081   0.002372   0.001293   0.001082  0.0000280  0.0000280    0.001165    0.000485
1984  11   6  46010   0.248962   0.125364  -0.0702834   0.0019876  -0.004161   0.002593   0.001553   0.001299  0.0000280  0.0000280    0.001165    0.000485
1984  11   7  46011   0.247898   0.123290  -0.0722560   0.0019449  -0.004170   0.002743   0.005398   0.004368  0.0000280  0.0000254    0.001164    0.000485
1984  11   8  46012   0.245701   0.120315  -0.0741531   0.0018312  -0.004125   0.002720   0.006183   0.004984  0.0000228  0.0000252    0.001033    0.000513
1984  11   9  46013   0.242272   0.116490  -0.0759039   0.0016538  -0.004072   0.002566   0.000923   0.000781  0.0000224  0.0000226    0.001024    0.000515
1984  11  10  46014   0.238488   0.112944  -0.0774551   0.0014429  -0.003965   0.002417   0.000887   0.000751  0.0000224  0.0000224    0.001024    0.000515
1984  11  11  46015   0.235255   0.110530  -0.0787957   0.0012472  -0.003725   0.002366   0.000896   0.000759  0.0000224  0.0000224    0.001024    0.000515
1984  11  12  46016   0.232691   0.108698  -0.0799673   0.0011162  -0.003377   0.002407   0.002351   0.001967  0.0000224  0.0000239    0.001024    0.000515
1984  11  13  46017   0.230336   0.106240  -0.0810548   0.0010821  -0.003025   0.002486   0.008338   0.006019  0.0000253  0.0000240    0.000998    0.000528
1984  11  14  46018   0.227862   0.102905  -0.0821627   0.0011553  -0.002705   0.002572   0.001409   0.001204  0.0000256  0.0000254    0.000996    0.000529
1984  11  15  46019   0.225465   0.100089  -0.0833958   0.0013297  -0.002350   0.002655   0.000957   0.000820  0.0000256  0.0000256    0.000996    0.000529
1984  11  16  46020   0.223415   0.098853  -0.0848462   0.0015860  -0.001927   0.002735   0.001285   0.001100  0.0000256  0.0000256    0.000996    0.000529
1984  11  17  46021   0.221445   0.098047  -0.0865792   0.0018866  -0.001527   0.002828   0.002084   0.001773  0.0000255  0.0000216    0.000995    0.000529
1984  11  18  46022   0.218977   0.096424  -0.0886118   0.0021718  -0.001323   0.002965   0.002172   0.002128  0.0000176  0.0000214    0.000559    0.000584
1984  11  19  46023   0.215830   0.093787  -0.0908933   0.0023713  -0.001411   0.003124   0.001192   0.001307  0.0000172  0.0000174    0.000543    0.000590
1984  11  20  46024   0.212576   0.090890  -0.0933075   0.0024299  -0.001690   0.003187   0.000775   0.000879  0.0000172  0.0000172    0.000543    0.000590
1984  11  21  46025   0.210417   0.088915  -0.0957014   0.0023319  -0.001881   0.003072   0.000835   0.000945  0.0000172  0.0000172    0.000543    0.000590
1984  11  22  46026   0.208667   0.087584  -0.0979318   0.0021106  -0.001769   0.002886   0.002141   0.002157  0.0000172  0.0000178    0.000543    0.000590
1984  11  23  46027   0.205596   0.085787  -0.0999083   0.0018348  -0.001433   0.002840   0.002631   0.002408  0.0000184  0.0000179    0.000639    0.000512
1984  11  24  46028   0.201138   0.083391  -0.1016147   0.0015798  -0.001121   0.002977   0.000650   0.000675  0.0000185  0.0000185    0.000650    0.000506
1984  11  25  46029   0.196484   0.080915  -0.1031009   0.0013999  -0.000921   0.003096   0.000642   0.000667  0.0000185  0.0000185    0.000650    0.000506
1984  11  26  46030   0.192757   0.078835  -0.1044535   0.0013140  -0.000699   0.003025   0.000650   0.000675  0.0000185  0.0000185    0.000650    0.000506
1984  11  27  46031   0.189810   0.076937  -0.1057626   0.0013128  -0.000371   0.002853   0.001741   0.001792  0.0000185  0.0000184    0.000650    0.000506
1984  11  28  46032   0.186620   0.074617  -0.1071016   0.0013745  -0.000060   0.002815   0.005406   0.004986  0.0000183  0.0000184    0.000772    0.000264
1984  11  29  46033   0.182512   0.071661  -0.1085228   0.0014782   0.000070   0.002992   0.000871   0.000864  0.0000183  0.0000183    0.000786    0.000256
1984  11  30  46034   0.177894   0.068729  -0.1100595   0.0016038  -0.000013   0.003238   0.000507   0.000503  0.0000183  0.0000183    0.000786    0.000256
1984  12   1  46035   0.173631   0.066550  -0.1117238   0.0017277  -0.000252   0.003384   0.000501   0.000497  0.0000183  0.0000182    0.000786    0.000256
1984  12   2  46036   0.170085   0.064851  -0.1135015   0.0018241  -0.000600   0.003432   0.000548   0.000541  0.0000182  0.0000176    0.000786    0.000256
1984  12   3  46037   0.166965   0.062601  -0.1153535   0.0018716  -0.000999   0.003515   0.003250   0.002127  0.0000170  0.0000176    0.000543    0.000281
1984  12   4  46038   0.163782   0.059163  -0.1172243   0.0018590  -0.001358   0.003706   0.001285   0.001192  0.0000169  0.0000169    0.000531    0.000284
1984  12   5  46039   0.160294   0.055244  -0.1190520   0.0017847  -0.001610   0.003919   0.000678   0.000676  0.0000169  0.0000169    0.000531    0.000284
1984  12   6  46040   0.156624   0.052862  -0.1207778   0.0016567  -0.001777   0.003998   0.000720   0.000724  0.0000169  0.0000169    0.000531    0.000284
1984  12   7  46041   0.152981   0.052000  -0.1223562   0.0014944  -0.001891   0.003890   0.002541   0.002515  0.0000169  0.0000176    0.000532    0.000284
1984  12   8  46042   0.149365   0.050990  -0.1237675   0.0013300  -0.001895   0.003684   0.004152   0.004193  0.0000183  0.0000176    0.000659    0.000270
1984  12   9  46043   0.145500   0.049049  -0.1250294   0.0012018  -0.001695   0.003516   0.000642   0.000695  0.0000184  0.0000183    0.000673    0.000269
1984  12  10  46044   0.141084   0.046491  -0.1261963   0.0011420  -0.001317   0.003439   0.000619   0.000670  0.0000184  0.0000184    0.000673    0.000269
1984  12  11  46045   0.136090   0.044122  -0.1273462   0.0011665  -0.000934   0.003395   0.000622   0.000674  0.0000184  0.0000184    0.000673    0.000269
1984  12  12  46046   0.130968   0.042511  -0.1285619   0.0012723  -0.000700   0.003290   0.001460   0.001613  0.0000184  0.0000189    0.000673    0.000269
1984  12  13  46047   0.126289   0.041690  -0.1299148   0.0014414  -0.000594   0.003091   0.004324   0.006573  0.0000193  0.0000189    0.000666    0.000367
1984  12  14  46048   0.122136   0.041118  -0.1314540   0.0016443  -0.000484   0.002872   0.001085   0.001341  0.0000194  0.0000194    0.000666    0.000381
1984  12  15  46049   0.117786   0.039983  -0.1331952   0.0018396  -0.000304   0.002752   0.000703   0.000861  0.0000194  0.0000194    0.000666    0.000381
1984  12  16  46050   0.112753   0.038028  -0.1351080   0.0019771  -0.000116   0.002808   0.000927   0.001125  0.0000194  0.0000194    0.000666    0.000381
1984  12  17  46051   0.107894   0.036025  -0.1371108   0.0020102  -0.000010   0.003008   0.001528   0.001789  0.0000194  0.0000191    0.000666    0.000381
1984  12  18  46052   0.103163   0.034440  -0.1390842   0.0019155   0.000010   0.003231   0.003358   0.002867  0.0000189  0.0000191    0.000762    0.000460
1984  12  19  46053   0.097882   0.033123  -0.1409033   0.0017073   0.000035   0.003369   0.001451   0.001406  0.0000188  0.0000189    0.000773    0.000470
1984  12  20  46054   0.091835   0.031753  -0.1424774   0.0014362   0.000138   0.003412   0.000747   0.000743  0.0000188  0.0000188    0.000773    0.000470
1984  12  21  46055   0.085637   0.030346  -0.1437780   0.0011714   0.000289   0.003427   0.000994   0.000991  0.0000188  0.0000167    0.000772    0.000464
1984  12  22  46056   0.079741   0.029358  -0.1448444   0.0009755   0.000407   0.003453   0.001117   0.001175  0.0000145  0.0000161    0.000624    0.000200
1984  12  23  46057   0.074839   0.028375  -0.1457656   0.0008848   0.000484   0.003454   0.000450   0.000480  0.0000134  0.0000140    0.000581    0.000171
1984  12  24  46058   0.071554   0.026368  -0.1466509   0.0009041   0.000617   0.003397   0.000544   0.000579  0.0000134  0.0000134    0.000581    0.000171
1984  12  25  46059   0.068980   0.023977  -0.1476013   0.0010135   0.000883   0.003335   0.001287   0.001389  0.0000134  0.0000134    0.000581    0.000171
1984  12  26  46060   0.065509   0.022752  -0.1486925   0.0011817   0.001217   0.003358   0.003830   0.004682  0.0000134  0.0000168    0.000581    0.000171
1984  12  27  46061   0.060747   0.022821  -0.1499673   0.0013759   0.001457   0.003475   0.014847   0.010430  0.0000201  0.0000181    0.000928    0.000287
1984  12  28  46062   0.055447   0.023274  -0.1514375   0.0015664   0.001486   0.003590   0.010394   0.007431  0.0000228  0.0000215    0.001087    0.000347
1984  12  29  46063   0.050669   0.023211  -0.1530864   0.0017275   0.001317   0.003625   0.001815   0.001369  0.0000228  0.0000228    0.001087    0.000347
1984  12  30  46064   0.046958   0.022601  -0.1548739   0.0018381   0.001049   0.003628   0.001114   0.000841  0.0000228  0.0000228    0.001087    0.000347
1984  12  31  46065   0.044182   0.021972  -0.1567421   0.0018845   0.000781   0.003721   0.001104   0.000833  0.0000228  0.0000228    0.001087    0.000347
