

                   INTERNATIONAL EARTH ROTATION AND REFERENCE SYSTEMS SERVICE
                        EARTH ORIENTATION PARAMETERS
                          EOP (IERS) 08 C04

  
             FORMAT(3(I4),I7,2(F11.6),2(F12.7),2(F11.6),2(F11.6),2(F11.7),2F12.6)
**********************************************************************************
  
      Date      MJD      x          y        UT1-UTC       LOD         dPsi      dEps       x Err     y Err   UT1-UTC Err  LOD Err    dPsi Err   dEpsilon Err
                         "          "           s           s            "         "        "          "          s           s            "         "
     (0h UTC)

1965   1   1  38761  -0.077100  -0.006200  -0.0182914   0.0014300   0.057393   0.008562   0.030000   0.030000  0.0020000  0.0014000    0.012000    0.002000
1965   1   2  38762  -0.080300  -0.004800  -0.0183784   0.0013330   0.057699   0.008330   0.030000   0.030000  0.0020000  0.0014000    0.012000    0.002000
1965   1   3  38763  -0.083600  -0.003300  -0.0183863   0.0012940   0.057943   0.008225   0.030000   0.030000  0.0020000  0.0014000    0.012000    0.002000
1965   1   4  38764  -0.086799  -0.001799  -0.0183853   0.0013150   0.058074   0.008285   0.030000   0.030000  0.0020000  0.0014000    0.012000    0.002000
1965   1   5  38765  -0.090099  -0.000199  -0.0184453   0.0013930   0.058111   0.008388   0.030000   0.030000  0.0020000  0.0014000    0.012000    0.002000
1965   1   6  38766  -0.093299   0.001401  -0.0185953   0.0015230   0.058100   0.008418   0.030000   0.030000  0.0020000  0.0014000    0.012000    0.002000
1965   1   7  38767  -0.096598   0.003002  -0.0188992   0.0016770   0.058108   0.008388   0.030000   0.030000  0.0020000  0.0014000    0.012000    0.002000
1965   1   8  38768  -0.099898   0.004802  -0.0193612   0.0018340   0.058181   0.008371   0.030000   0.030000  0.0020000  0.0014000    0.012000    0.002000
1965   1   9  38769  -0.103098   0.006502  -0.0199712   0.0019730   0.058272   0.008360   0.030000   0.030000  0.0020000  0.0014000    0.012000    0.002000
1965   1  10  38770  -0.106398   0.008302  -0.0207022   0.0020810   0.058297   0.008289   0.030000   0.030000  0.0020000  0.0014000    0.012000    0.002000
1965   1  11  38771  -0.109697   0.010203  -0.0215121   0.0021250   0.058273   0.008192   0.030000   0.030000  0.0020000  0.0014000    0.012000    0.002000
1965   1  12  38772  -0.112997   0.012103  -0.0223351   0.0020970   0.058239   0.008248   0.030000   0.030000  0.0020000  0.0014000    0.012000    0.002000
1965   1  13  38773  -0.116297   0.014103  -0.0230871   0.0019960   0.058026   0.008534   0.030000   0.030000  0.0020000  0.0014000    0.012000    0.002000
1965   1  14  38774  -0.119497   0.016103  -0.0237181   0.0018510   0.057402   0.008824   0.030000   0.030000  0.0020000  0.0014000    0.012000    0.002000
1965   1  15  38775  -0.122796   0.018104  -0.0241900   0.0017100   0.056541   0.008806   0.030000   0.030000  0.0020000  0.0014000    0.012000    0.002000
1965   1  16  38776  -0.126096   0.020204  -0.0245600   0.0016360   0.056056   0.008492   0.030000   0.030000  0.0020000  0.0014000    0.012000    0.002000
1965   1  17  38777  -0.129296   0.022304  -0.0249000   0.0016750   0.056346   0.008209   0.030000   0.030000  0.0020000  0.0014000    0.012000    0.002000
1965   1  18  38778  -0.132595   0.024405  -0.0253480   0.0018260   0.057174   0.008149   0.030000   0.030000  0.0020000  0.0014000    0.012000    0.002000
1965   1  19  38779  -0.135795   0.026605  -0.0259959   0.0020670   0.058014   0.008170   0.030000   0.030000  0.0020000  0.0014000    0.012000    0.002000
1965   1  20  38780  -0.138995   0.028805  -0.0268909   0.0023070   0.058563   0.008125   0.030000   0.030000  0.0020000  0.0014000    0.012000    0.002000
1965   1  21  38781  -0.142195   0.031105  -0.0279879   0.0024650   0.058771   0.008134   0.030000   0.030000  0.0020000  0.0014000    0.012000    0.002000
1965   1  22  38782  -0.145294   0.033406  -0.0291979   0.0025370   0.058678   0.008365   0.030000   0.030000  0.0020000  0.0014000    0.012000    0.002000
1965   1  23  38783  -0.148394   0.035706  -0.0304308   0.0025060   0.058405   0.008718   0.030000   0.030000  0.0020000  0.0014000    0.012000    0.002000
1965   1  24  38784  -0.151494   0.038006  -0.0315958   0.0024040   0.058113   0.008910   0.030000   0.030000  0.0020000  0.0014000    0.012000    0.002000
1965   1  25  38785  -0.154493   0.040307  -0.0326358   0.0022630   0.057850   0.008824   0.030000   0.030000  0.0020000  0.0014000    0.012000    0.002000
1965   1  26  38786  -0.157493   0.042707  -0.0335277   0.0021120   0.057568   0.008601   0.030000   0.030000  0.0020000  0.0014000    0.012000    0.002000
1965   1  27  38787  -0.160493   0.045007  -0.0342747   0.0019650   0.057326   0.008420   0.030000   0.030000  0.0020000  0.0014000    0.012000    0.002000
1965   1  28  38788  -0.163393   0.047407  -0.0348777   0.0018390   0.057309   0.008300   0.030000   0.030000  0.0020000  0.0014000    0.012000    0.002000
1965   1  29  38789  -0.166192   0.049808  -0.0353777   0.0017590   0.057589   0.008156   0.030000   0.030000  0.0020000  0.0014000    0.012000    0.002000
1965   1  30  38790  -0.168992   0.052108  -0.0358156   0.0017260   0.057999   0.007980   0.030000   0.030000  0.0020000  0.0014000    0.012000    0.002000
1965   1  31  38791  -0.171792   0.054508  -0.0362596   0.0017630   0.058314   0.007881   0.030000   0.030000  0.0020000  0.0014000    0.012000    0.002000
1965   2   1  38792  -0.174492   0.056908  -0.0367716   0.0018500   0.058471   0.007938   0.030000   0.030000  0.0020000  0.0014000    0.012000    0.002000
1965   2   2  38793  -0.177091   0.059309  -0.0373945   0.0019940   0.058549   0.008086   0.030000   0.030000  0.0020000  0.0014000    0.012000    0.002000
1965   2   3  38794  -0.179691   0.061709  -0.0381685   0.0021570   0.058600   0.008188   0.030000   0.030000  0.0020000  0.0014000    0.012000    0.002000
1965   2   4  38795  -0.182191   0.064109  -0.0391095   0.0023240   0.058609   0.008172   0.030000   0.030000  0.0020000  0.0014000    0.012000    0.002000
1965   2   5  38796  -0.184690   0.066510  -0.0402085   0.0024600   0.058575   0.008074   0.030000   0.030000  0.0020000  0.0014000    0.012000    0.002000
1965   2   6  38797  -0.187090   0.068810  -0.0414244   0.0025610   0.058548   0.007956   0.030000   0.030000  0.0020000  0.0014000    0.012000    0.002000
1965   2   7  38798  -0.189490   0.071210  -0.0427104   0.0025900   0.058556   0.007848   0.030000   0.030000  0.0020000  0.0014000    0.012000    0.002000
1965   2   8  38799  -0.191790   0.073610  -0.0439894   0.0025350   0.058566   0.007777   0.030000   0.030000  0.0020000  0.0014000    0.012000    0.002000
1965   2   9  38800  -0.194089   0.076011  -0.0451773   0.0024200   0.058511   0.007802   0.030000   0.030000  0.0020000  0.0014000    0.012000    0.002000
1965   2  10  38801  -0.196289   0.078411  -0.0462123   0.0022540   0.058289   0.007927   0.030000   0.030000  0.0020000  0.0014000    0.012000    0.002000
1965   2  11  38802  -0.198389   0.080811  -0.0470813   0.0020770   0.057822   0.008019   0.030000   0.030000  0.0020000  0.0014000    0.012000    0.002000
1965   2  12  38803  -0.200489   0.083211  -0.0477803   0.0019440   0.057226   0.007897   0.030000   0.030000  0.0020000  0.0014000    0.012000    0.002000
1965   2  13  38804  -0.202488   0.085612  -0.0484012   0.0019050   0.056855   0.007569   0.030000   0.030000  0.0020000  0.0014000    0.012000    0.002000
1965   2  14  38805  -0.204488   0.088112  -0.0490312   0.0019730   0.057001   0.007258   0.030000   0.030000  0.0020000  0.0014000    0.012000    0.002000
1965   2  15  38806  -0.206488   0.090512  -0.0498002   0.0021570   0.057593   0.007131   0.030000   0.030000  0.0020000  0.0014000    0.012000    0.002000
1965   2  16  38807  -0.208387   0.093013  -0.0507671   0.0023780   0.058303   0.007117   0.030000   0.030000  0.0020000  0.0014000    0.012000    0.002000
1965   2  17  38808  -0.210187   0.095513  -0.0519431   0.0025640   0.058852   0.007081   0.030000   0.030000  0.0020000  0.0014000    0.012000    0.002000
1965   2  18  38809  -0.211987   0.098013  -0.0532731   0.0026590   0.059116   0.007067   0.030000   0.030000  0.0020000  0.0014000    0.012000    0.002000
1965   2  19  38810  -0.213787   0.100613  -0.0546330   0.0026430   0.059070   0.007203   0.030000   0.030000  0.0020000  0.0014000    0.012000    0.002000
1965   2  20  38811  -0.215486   0.103214  -0.0559360   0.0025390   0.058789   0.007447   0.030000   0.030000  0.0020000  0.0014000    0.012000    0.002000
1965   2  21  38812  -0.217086   0.105814  -0.0571010   0.0023730   0.058432   0.007579   0.030000   0.030000  0.0020000  0.0014000    0.012000    0.002000
1965   2  22  38813  -0.218686   0.108414  -0.0580849   0.0021940   0.058107   0.007464   0.030000   0.030000  0.0020000  0.0014000    0.012000    0.002000
1965   2  23  38814  -0.220286   0.111114  -0.0588909   0.0020230   0.057832   0.007201   0.030000   0.030000  0.0020000  0.0014000    0.012000    0.002000
1965   2  24  38815  -0.221785   0.113815  -0.0595509   0.0018940   0.057673   0.006988   0.030000   0.030000  0.0020000  0.0014000    0.012000    0.002000
1965   2  25  38816  -0.223285   0.116515  -0.0601048   0.0018030   0.057787   0.006897   0.030000   0.030000  0.0020000  0.0014000    0.012000    0.002000
1965   2  26  38817  -0.224685   0.119315  -0.0605868   0.0017810   0.058231   0.006845   0.030000   0.030000  0.0020000  0.0014000    0.012000    0.002000
1965   2  27  38818  -0.226084   0.122116  -0.0610888   0.0018120   0.058813   0.006755   0.030000   0.030000  0.0020000  0.0014000    0.012000    0.002000
1965   2  28  38819  -0.227484   0.124916  -0.0616527   0.0019250   0.059250   0.006672   0.030000   0.030000  0.0020000  0.0014000    0.012000    0.002000
1965   3   1  38820  -0.228784   0.127816   0.0376433   0.0020820   0.059432   0.006699   0.030000   0.030000  0.0020000  0.0014000    0.012000    0.002000
1965   3   2  38821  -0.229984   0.130716   0.0367723   0.0022750   0.059461   0.006851   0.030000   0.030000  0.0020000  0.0014000    0.012000    0.002000
1965   3   3  38822  -0.231183   0.133717   0.0356874   0.0024830   0.059458   0.007019   0.030000   0.030000  0.0020000  0.0014000    0.012000    0.002000
1965   3   4  38823  -0.232383   0.136717   0.0344104   0.0026760   0.059435   0.007066   0.030000   0.030000  0.0020000  0.0014000    0.012000    0.002000
1965   3   5  38824  -0.233483   0.139717   0.0329514   0.0028230   0.059369   0.006948   0.030000   0.030000  0.0020000  0.0014000    0.012000    0.002000
1965   3   6  38825  -0.234583   0.142817   0.0313795   0.0028990   0.059292   0.006739   0.030000   0.030000  0.0020000  0.0014000    0.012000    0.002000
1965   3   7  38826  -0.235582   0.145918   0.0297815   0.0028940   0.059243   0.006560   0.030000   0.030000  0.0020000  0.0014000    0.012000    0.002000
1965   3   8  38827  -0.236582   0.149018   0.0282175   0.0028030   0.059174   0.006487   0.030000   0.030000  0.0020000  0.0014000    0.012000    0.002000
1965   3   9  38828  -0.237482   0.152218   0.0267726   0.0026710   0.059016   0.006506   0.030000   0.030000  0.0020000  0.0014000    0.012000    0.002000
1965   3  10  38829  -0.238281   0.155419   0.0254696   0.0025270   0.058799   0.006535   0.030000   0.030000  0.0020000  0.0014000    0.012000    0.002000
1965   3  11  38830  -0.239081   0.158619   0.0242976   0.0024060   0.058660   0.006479   0.030000   0.030000  0.0020000  0.0014000    0.012000    0.002000
1965   3  12  38831  -0.239881   0.161819   0.0232207   0.0023650   0.058723   0.006306   0.030000   0.030000  0.0020000  0.0014000    0.012000    0.002000
1965   3  13  38832  -0.240481   0.165119   0.0221317   0.0024220   0.058997   0.006084   0.030000   0.030000  0.0020000  0.0014000    0.012000    0.002000
1965   3  14  38833  -0.241080   0.168320   0.0209217   0.0025820   0.059375   0.005933   0.030000   0.030000  0.0020000  0.0014000    0.012000    0.002000
1965   3  15  38834  -0.241680   0.171620   0.0195248   0.0028090   0.059713   0.005899   0.030000   0.030000  0.0020000  0.0014000    0.012000    0.002000
1965   3  16  38835  -0.242080   0.174920   0.0179038   0.0030280   0.059931   0.005904   0.030000   0.030000  0.0020000  0.0014000    0.012000    0.002000
1965   3  17  38836  -0.242480   0.178220   0.0160898   0.0031840   0.060049   0.005859   0.030000   0.030000  0.0020000  0.0014000    0.012000    0.002000
1965   3  18  38837  -0.242779   0.181621   0.0141699   0.0032350   0.060108   0.005791   0.030000   0.030000  0.0020000  0.0014000    0.012000    0.002000
1965   3  19  38838  -0.243079   0.184921   0.0122479   0.0031730   0.060092   0.005798   0.030000   0.030000  0.0020000  0.0014000    0.012000    0.002000
1965   3  20  38839  -0.243179   0.188221   0.0104349   0.0030210   0.059956   0.005892   0.030000   0.030000  0.0020000  0.0014000    0.012000    0.002000
1965   3  21  38840  -0.243278   0.191622   0.0088120   0.0028200   0.059697   0.005960   0.030000   0.030000  0.0020000  0.0014000    0.012000    0.002000
1965   3  22  38841  -0.243278   0.194922   0.0073970   0.0026120   0.059380   0.005899   0.030000   0.030000  0.0020000  0.0014000    0.012000    0.002000
1965   3  23  38842  -0.243178   0.198322   0.0061800   0.0024280   0.059108   0.005748   0.030000   0.030000  0.0020000  0.0014000    0.012000    0.002000
1965   3  24  38843  -0.243078   0.201622   0.0051161   0.0022900   0.059014   0.005627   0.030000   0.030000  0.0020000  0.0014000    0.012000    0.002000
1965   3  25  38844  -0.242777   0.204923   0.0041591   0.0022230   0.059225   0.005590   0.030000   0.030000  0.0020000  0.0014000    0.012000    0.002000
1965   3  26  38845  -0.242477   0.208223   0.0032472   0.0022120   0.059756   0.005574   0.030000   0.030000  0.0020000  0.0014000    0.012000    0.002000
1965   3  27  38846  -0.242077   0.211623   0.0023042   0.0022760   0.060426   0.005502   0.030000   0.030000  0.0020000  0.0014000    0.012000    0.002000
1965   3  28  38847  -0.241577   0.214923   0.0012762   0.0023880   0.060949   0.005392   0.030000   0.030000  0.0020000  0.0014000    0.012000    0.002000
1965   3  29  38848  -0.241076   0.218224   0.0001023   0.0025450   0.061146   0.005347   0.030000   0.030000  0.0020000  0.0014000    0.012000    0.002000
1965   3  30  38849  -0.240376   0.221424  -0.0012417   0.0027370   0.061055   0.005434   0.030000   0.030000  0.0020000  0.0014000    0.012000    0.002000
1965   3  31  38850  -0.239676   0.224724  -0.0027807   0.0029280   0.060849   0.005601   0.030000   0.030000  0.0020000  0.0014000    0.012000    0.002000
1965   4   1  38851  -0.238875   0.228025  -0.0044866   0.0030760   0.060679   0.005714   0.030000   0.030000  0.0020000  0.0014000    0.012000    0.002000
1965   4   2  38852  -0.238075   0.231225  -0.0063096   0.0031570   0.060585   0.005671   0.030000   0.030000  0.0020000  0.0014000    0.012000    0.002000
1965   4   3  38853  -0.237175   0.234425  -0.0081805   0.0031480   0.060521   0.005486   0.030000   0.030000  0.0020000  0.0014000    0.012000    0.002000
1965   4   4  38854  -0.236175   0.237625  -0.0099845   0.0030470   0.060405   0.005265   0.030000   0.030000  0.0020000  0.0014000    0.012000    0.002000
1965   4   5  38855  -0.235174   0.240826  -0.0116505   0.0028770   0.060188   0.005120   0.030000   0.030000  0.0020000  0.0014000    0.012000    0.002000
1965   4   6  38856  -0.234074   0.244026  -0.0131304   0.0026730   0.059906   0.005081   0.030000   0.030000  0.0020000  0.0014000    0.012000    0.002000
1965   4   7  38857  -0.232974   0.247226  -0.0144264   0.0025070   0.059696   0.005088   0.030000   0.030000  0.0020000  0.0014000    0.012000    0.002000
1965   4   8  38858  -0.231874   0.250326  -0.0155804   0.0024060   0.059732   0.005057   0.030000   0.030000  0.0020000  0.0014000    0.012000    0.002000
1965   4   9  38859  -0.230573   0.253427  -0.0166823   0.0024160   0.060096   0.004963   0.030000   0.030000  0.0020000  0.0014000    0.012000    0.002000
1965   4  10  38860  -0.229373   0.256527  -0.0178463   0.0025180   0.060682   0.004862   0.030000   0.030000  0.0020000  0.0014000    0.012000    0.002000
1965   4  11  38861  -0.228073   0.259627  -0.0191642   0.0026960   0.061240   0.004820   0.030000   0.030000  0.0020000  0.0014000    0.012000    0.002000
1965   4  12  38862  -0.226772   0.262728  -0.0206682   0.0029010   0.061532   0.004843   0.030000   0.030000  0.0020000  0.0014000    0.012000    0.002000
1965   4  13  38863  -0.225372   0.265728  -0.0223642   0.0030720   0.061492   0.004883   0.030000   0.030000  0.0020000  0.0014000    0.012000    0.002000
1965   4  14  38864  -0.223972   0.268728  -0.0241851   0.0031530   0.061249   0.004900   0.030000   0.030000  0.0020000  0.0014000    0.012000    0.002000
1965   4  15  38865  -0.222572   0.271828  -0.0260441   0.0031270   0.061012   0.004912   0.030000   0.030000  0.0020000  0.0014000    0.012000    0.002000
1965   4  16  38866  -0.221171   0.274729  -0.0278150   0.0030000   0.060899   0.004952   0.030000   0.030000  0.0020000  0.0014000    0.012000    0.002000
1965   4  17  38867  -0.219671   0.277729  -0.0294210   0.0027930   0.060858   0.005012   0.030000   0.030000  0.0020000  0.0014000    0.012000    0.002000
1965   4  18  38868  -0.218171   0.280729  -0.0308010   0.0025570   0.060751   0.005033   0.030000   0.030000  0.0020000  0.0014000    0.012000    0.002000
1965   4  19  38869  -0.216670   0.283630  -0.0319469   0.0023180   0.060521   0.004985   0.030000   0.030000  0.0020000  0.0014000    0.012000    0.002000
1965   4  20  38870  -0.215070   0.286530  -0.0328599   0.0021170   0.060264   0.004901   0.030000   0.030000  0.0020000  0.0014000    0.012000    0.002000
1965   4  21  38871  -0.213570   0.289430  -0.0335988   0.0019730   0.060146   0.004841   0.030000   0.030000  0.0020000  0.0014000    0.012000    0.002000
1965   4  22  38872  -0.211970   0.292230  -0.0342368   0.0019050   0.060271   0.004803   0.030000   0.030000  0.0020000  0.0014000    0.012000    0.002000
1965   4  23  38873  -0.210369   0.295131  -0.0348428   0.0019060   0.060641   0.004732   0.030000   0.030000  0.0020000  0.0014000    0.012000    0.002000
1965   4  24  38874  -0.208869   0.297931  -0.0354807   0.0019590   0.061162   0.004594   0.030000   0.030000  0.0020000  0.0014000    0.012000    0.002000
1965   4  25  38875  -0.207269   0.300631  -0.0361967   0.0020700   0.061655   0.004437   0.030000   0.030000  0.0020000  0.0014000    0.012000    0.002000
1965   4  26  38876  -0.205569   0.303431  -0.0370416   0.0022140   0.061895   0.004350   0.030000   0.030000  0.0020000  0.0014000    0.012000    0.002000
1965   4  27  38877  -0.203968   0.306132  -0.0380386   0.0023790   0.061748   0.004380   0.030000   0.030000  0.0020000  0.0014000    0.012000    0.002000
1965   4  28  38878  -0.202368   0.308832  -0.0392056   0.0025290   0.061320   0.004498   0.030000   0.030000  0.0020000  0.0014000    0.012000    0.002000
1965   4  29  38879  -0.200768   0.311532  -0.0404905   0.0026310   0.060901   0.004634   0.030000   0.030000  0.0020000  0.0014000    0.012000    0.002000
1965   4  30  38880  -0.199067   0.314233  -0.0418505   0.0026620   0.060694   0.004722   0.030000   0.030000  0.0020000  0.0014000    0.012000    0.002000
1965   5   1  38881  -0.197467   0.316833  -0.0431914   0.0025930   0.060619   0.004710   0.030000   0.030000  0.0020000  0.0014000    0.012000    0.002000
1965   5   2  38882  -0.195867   0.319433  -0.0444254   0.0024420   0.060443   0.004580   0.030000   0.030000  0.0020000  0.0014000    0.012000    0.002000
1965   5   3  38883  -0.194167   0.322033  -0.0454583   0.0022310   0.060101   0.004381   0.030000   0.030000  0.0020000  0.0014000    0.012000    0.002000
1965   5   4  38884  -0.192566   0.324534  -0.0462993   0.0020470   0.059777   0.004219   0.030000   0.030000  0.0020000  0.0014000    0.012000    0.002000
1965   5   5  38885  -0.190866   0.327134  -0.0469863   0.0019310   0.059689   0.004164   0.030000   0.030000  0.0020000  0.0014000    0.012000    0.002000
1965   5   6  38886  -0.189266   0.329634  -0.0476062   0.0019080   0.059880   0.004186   0.030000   0.030000  0.0020000  0.0014000    0.012000    0.002000
1965   5   7  38887  -0.187666   0.332034  -0.0482492   0.0019930   0.060243   0.004202   0.030000   0.030000  0.0020000  0.0014000    0.012000    0.002000
1965   5   8  38888  -0.185965   0.334535  -0.0490281   0.0021660   0.060657   0.004179   0.030000   0.030000  0.0020000  0.0014000    0.012000    0.002000
1965   5   9  38889  -0.184365   0.336935  -0.0500031   0.0023730   0.061035   0.004147   0.030000   0.030000  0.0020000  0.0014000    0.012000    0.002000
1965   5  10  38890  -0.182765   0.339335  -0.0511680   0.0025510   0.061284   0.004150   0.030000   0.030000  0.0020000  0.0014000    0.012000    0.002000
1965   5  11  38891  -0.181064   0.341636  -0.0524930   0.0026650   0.061301   0.004205   0.030000   0.030000  0.0020000  0.0014000    0.012000    0.002000
1965   5  12  38892  -0.179464   0.343936  -0.0538880   0.0026990   0.061058   0.004322   0.030000   0.030000  0.0020000  0.0014000    0.012000    0.002000
1965   5  13  38893  -0.177764   0.346236  -0.0552599   0.0026290   0.060685   0.004496   0.030000   0.030000  0.0020000  0.0014000    0.012000    0.002000
1965   5  14  38894  -0.176064   0.348536  -0.0565209   0.0024730   0.060394   0.004678   0.030000   0.030000  0.0020000  0.0014000    0.012000    0.002000
1965   5  15  38895  -0.174463   0.350737  -0.0576008   0.0022830   0.060280   0.004778   0.030000   0.030000  0.0020000  0.0014000    0.012000    0.002000
1965   5  16  38896  -0.172763   0.352937  -0.0584948   0.0020850   0.060253   0.004731   0.030000   0.030000  0.0020000  0.0014000    0.012000    0.002000
1965   5  17  38897  -0.170963   0.355137  -0.0591897   0.0019120   0.060177   0.004575   0.030000   0.030000  0.0020000  0.0014000    0.012000    0.002000
1965   5  18  38898  -0.169263   0.357237  -0.0597347   0.0017770   0.060029   0.004422   0.030000   0.030000  0.0020000  0.0014000    0.012000    0.002000
1965   5  19  38899  -0.167462   0.359338  -0.0601756   0.0017050   0.059889   0.004347   0.030000   0.030000  0.0020000  0.0014000    0.012000    0.002000
1965   5  20  38900  -0.165762   0.361438  -0.0605786   0.0017120   0.059820   0.004310   0.030000   0.030000  0.0020000  0.0014000    0.012000    0.002000
1965   5  21  38901  -0.163962   0.363438  -0.0610216   0.0017740   0.059854   0.004223   0.030000   0.030000  0.0020000  0.0014000    0.012000    0.002000
1965   5  22  38902  -0.162061   0.365439  -0.0615535   0.0018980   0.060038   0.004077   0.030000   0.030000  0.0020000  0.0014000    0.012000    0.002000
1965   5  23  38903  -0.160161   0.367439  -0.0622285   0.0020470   0.060369   0.003958   0.030000   0.030000  0.0020000  0.0014000    0.012000    0.002000
1965   5  24  38904  -0.158261   0.369439  -0.0630724   0.0022230   0.060647   0.003949   0.030000   0.030000  0.0020000  0.0014000    0.012000    0.002000
1965   5  25  38905  -0.156361   0.371339  -0.0640824   0.0023940   0.060554   0.004024   0.030000   0.030000  0.0020000  0.0014000    0.012000    0.002000
1965   5  26  38906  -0.154360   0.373240  -0.0652523   0.0025270   0.060007   0.004111   0.030000   0.030000  0.0020000  0.0014000    0.012000    0.002000
1965   5  27  38907  -0.152360   0.375140  -0.0665273   0.0026110   0.059330   0.004200   0.030000   0.030000  0.0020000  0.0014000    0.012000    0.002000
1965   5  28  38908  -0.150260   0.377040  -0.0678442   0.0025970   0.058907   0.004345   0.030000   0.030000  0.0020000  0.0014000    0.012000    0.002000
1965   5  29  38909  -0.148060   0.378840  -0.0691092   0.0024960   0.058724   0.004517   0.030000   0.030000  0.0020000  0.0014000    0.012000    0.002000
1965   5  30  38910  -0.145859   0.380741  -0.0702101   0.0023070   0.058475   0.004564   0.030000   0.030000  0.0020000  0.0014000    0.012000    0.002000
1965   5  31  38911  -0.143659   0.382541  -0.0711241   0.0021030   0.058076   0.004388   0.030000   0.030000  0.0020000  0.0014000    0.012000    0.002000
1965   6   1  38912  -0.141359   0.384341  -0.0718310   0.0019340   0.057812   0.004109   0.030000   0.030000  0.0020000  0.0014000    0.012000    0.002000
1965   6   2  38913  -0.138958   0.386142  -0.0724250   0.0018630   0.057931   0.003942   0.030000   0.030000  0.0020000  0.0014000    0.012000    0.002000
1965   6   3  38914  -0.136558   0.387942  -0.0730170   0.0019210   0.058313   0.003944   0.030000   0.030000  0.0020000  0.0014000    0.012000    0.002000
1965   6   4  38915  -0.134058   0.389742  -0.0736989   0.0020650   0.058643   0.003998   0.030000   0.030000  0.0020000  0.0014000    0.012000    0.002000
1965   6   5  38916  -0.131458   0.391542  -0.0745709   0.0022510   0.058764   0.004012   0.030000   0.030000  0.0020000  0.0014000    0.012000    0.002000
1965   6   6  38917  -0.128757   0.393343  -0.0756158   0.0024310   0.058754   0.004014   0.030000   0.030000  0.0020000  0.0014000    0.012000    0.002000
1965   6   7  38918  -0.126057   0.395143  -0.0768118   0.0025370   0.058751   0.004063   0.030000   0.030000  0.0020000  0.0014000    0.012000    0.002000
1965   6   8  38919  -0.123257   0.396843  -0.0780707   0.0025650   0.058758   0.004169   0.030000   0.030000  0.0020000  0.0014000    0.012000    0.002000
1965   6   9  38920  -0.120357   0.398643  -0.0793327   0.0025050   0.058646   0.004321   0.030000   0.030000  0.0020000  0.0014000    0.012000    0.002000
1965   6  10  38921  -0.117356   0.400344  -0.0804766   0.0023630   0.058331   0.004518   0.030000   0.030000  0.0020000  0.0014000    0.012000    0.002000
1965   6  11  38922  -0.114256   0.402044  -0.0814536   0.0021750   0.057919   0.004718   0.030000   0.030000  0.0020000  0.0014000    0.012000    0.002000
1965   6  12  38923  -0.111156   0.403744  -0.0822325   0.0019740   0.057608   0.004804   0.030000   0.030000  0.0020000  0.0014000    0.012000    0.002000
1965   6  13  38924  -0.107955   0.405445  -0.0828165   0.0017880   0.057491   0.004681   0.030000   0.030000  0.0020000  0.0014000    0.012000    0.002000
1965   6  14  38925  -0.104655   0.407145  -0.0832224   0.0016320   0.057487   0.004400   0.030000   0.030000  0.0020000  0.0014000    0.012000    0.002000
1965   6  15  38926  -0.101255   0.408745  -0.0834994   0.0015220   0.057471   0.004150   0.030000   0.030000  0.0020000  0.0014000    0.012000    0.002000
1965   6  16  38927  -0.097855   0.410345  -0.0837083   0.0014880   0.057368   0.004073   0.030000   0.030000  0.0020000  0.0014000    0.012000    0.002000
1965   6  17  38928  -0.094354   0.411946  -0.0838973   0.0015000   0.057166   0.004123   0.030000   0.030000  0.0020000  0.0014000    0.012000    0.002000
1965   6  18  38929  -0.090754   0.413546  -0.0841372   0.0015670   0.056924   0.004154   0.030000   0.030000  0.0020000  0.0014000    0.012000    0.002000
1965   6  19  38930  -0.087054   0.415046  -0.0844552   0.0016630   0.056793   0.004114   0.030000   0.030000  0.0020000  0.0014000    0.012000    0.002000
1965   6  20  38931  -0.083354   0.416446  -0.0848801   0.0017880   0.056907   0.004102   0.030000   0.030000  0.0020000  0.0014000    0.012000    0.002000
1965   6  21  38932  -0.079553   0.417947  -0.0854301   0.0019000   0.057150   0.004208   0.030000   0.030000  0.0020000  0.0014000    0.012000    0.002000
1965   6  22  38933  -0.075753   0.419247  -0.0860940   0.0020020   0.057139   0.004367   0.030000   0.030000  0.0020000  0.0014000    0.012000    0.002000
1965   6  23  38934  -0.071853   0.420647  -0.0868200   0.0020320   0.056612   0.004436   0.030000   0.030000  0.0020000  0.0014000    0.012000    0.002000
1965   6  24  38935  -0.067952   0.421848  -0.0875449   0.0020050   0.055798   0.004405   0.030000   0.030000  0.0020000  0.0014000    0.012000    0.002000
1965   6  25  38936  -0.063952   0.423148  -0.0882219   0.0019140   0.055161   0.004430   0.030000   0.030000  0.0020000  0.0014000    0.012000    0.002000
1965   6  26  38937  -0.059952   0.424248  -0.0887638   0.0017390   0.054824   0.004588   0.030000   0.030000  0.0020000  0.0014000    0.012000    0.002000
1965   6  27  38938  -0.055852   0.425348  -0.0891028   0.0015230   0.054534   0.004706   0.030000   0.030000  0.0020000  0.0014000    0.012000    0.002000
1965   6  28  38939  -0.051751   0.426449  -0.0892237   0.0013170   0.054191   0.004574   0.030000   0.030000  0.0020000  0.0014000    0.012000    0.002000
1965   6  29  38940  -0.047651   0.427449  -0.0891617   0.0011870   0.054061   0.004267   0.030000   0.030000  0.0020000  0.0014000    0.012000    0.002000
1965   6  30  38941  -0.043551   0.428349  -0.0890396   0.0011980   0.054336   0.004052   0.030000   0.030000  0.0020000  0.0014000    0.012000    0.002000
1965   7   1  38942  -0.039451   0.429149   0.0110014   0.0013280   0.054790   0.004032   0.030000   0.030000  0.0020000  0.0014000    0.012000    0.002000
1965   7   2  38943  -0.035250   0.429950   0.0108725   0.0015370   0.055044   0.004068   0.030000   0.030000  0.0020000  0.0014000    0.012000    0.002000
1965   7   3  38944  -0.031150   0.430650   0.0105275   0.0017560   0.054955   0.004060   0.030000   0.030000  0.0020000  0.0014000    0.012000    0.002000
1965   7   4  38945  -0.027050   0.431350   0.0099826   0.0019180   0.054646   0.004098   0.030000   0.030000  0.0020000  0.0014000    0.012000    0.002000
1965   7   5  38946  -0.022849   0.431951   0.0093256   0.0019700   0.054329   0.004261   0.030000   0.030000  0.0020000  0.0014000    0.012000    0.002000
1965   7   6  38947  -0.018749   0.432451   0.0086577   0.0019300   0.054145   0.004457   0.030000   0.030000  0.0020000  0.0014000    0.012000    0.002000
1965   7   7  38948  -0.014649   0.432851   0.0080827   0.0018110   0.054070   0.004560   0.030000   0.030000  0.0020000  0.0014000    0.012000    0.002000
1965   7   8  38949  -0.010649   0.433251   0.0076518   0.0016460   0.053932   0.004572   0.030000   0.030000  0.0020000  0.0014000    0.012000    0.002000
1965   7   9  38950  -0.006648   0.433552   0.0073838   0.0014800   0.053619   0.004573   0.030000   0.030000  0.0020000  0.0014000    0.012000    0.002000
1965   7  10  38951  -0.002648   0.433852   0.0072769   0.0013190   0.053240   0.004554   0.030000   0.030000  0.0020000  0.0014000    0.012000    0.002000
1965   7  11  38952   0.001352   0.433952   0.0073239   0.0011950   0.053004   0.004420   0.030000   0.030000  0.0020000  0.0014000    0.012000    0.002000
1965   7  12  38953   0.005152   0.434052   0.0074600   0.0011340   0.052980   0.004160   0.030000   0.030000  0.0020000  0.0014000    0.012000    0.002000
1965   7  13  38954   0.009053   0.434153   0.0076361   0.0011250   0.053052   0.003930   0.030000   0.030000  0.0020000  0.0014000    0.012000    0.002000
1965   7  14  38955   0.012753   0.434153   0.0077691   0.0011900   0.053056   0.003906   0.030000   0.030000  0.0020000  0.0014000    0.012000    0.002000
1965   7  15  38956   0.016453   0.434053   0.0078272   0.0013030   0.052919   0.004081   0.030000   0.030000  0.0020000  0.0014000    0.012000    0.002000
1965   7  16  38957   0.020154   0.433854   0.0077492   0.0014490   0.052691   0.004275   0.030000   0.030000  0.0020000  0.0014000    0.012000    0.002000
1965   7  17  38958   0.023654   0.433654   0.0075123   0.0016170   0.052521   0.004362   0.030000   0.030000  0.0020000  0.0014000    0.012000    0.002000
1965   7  18  38959   0.027154   0.433354   0.0071063   0.0017740   0.052551   0.004400   0.030000   0.030000  0.0020000  0.0014000    0.012000    0.002000
1965   7  19  38960   0.030554   0.433054   0.0065524   0.0019190   0.052744   0.004505   0.030000   0.030000  0.0020000  0.0014000    0.012000    0.002000
1965   7  20  38961   0.033855   0.432655   0.0058814   0.0020150   0.052811   0.004654   0.030000   0.030000  0.0020000  0.0014000    0.012000    0.002000
1965   7  21  38962   0.037055   0.432155   0.0051495   0.0020470   0.052459   0.004700   0.030000   0.030000  0.0020000  0.0014000    0.012000    0.002000
1965   7  22  38963   0.040155   0.431655   0.0044005   0.0020200   0.051750   0.004585   0.030000   0.030000  0.0020000  0.0014000    0.012000    0.002000
1965   7  23  38964   0.043156   0.431056   0.0037236   0.0019020   0.051064   0.004449   0.030000   0.030000  0.0020000  0.0014000    0.012000    0.002000
1965   7  24  38965   0.046056   0.430356   0.0032056   0.0017260   0.050650   0.004435   0.030000   0.030000  0.0020000  0.0014000    0.012000    0.002000
1965   7  25  38966   0.048956   0.429656   0.0028677   0.0015540   0.050425   0.004467   0.030000   0.030000  0.0020000  0.0014000    0.012000    0.002000
1965   7  26  38967   0.051656   0.428856   0.0026828   0.0014180   0.050302   0.004374   0.030000   0.030000  0.0020000  0.0014000    0.012000    0.002000
1965   7  27  38968   0.054357   0.427957   0.0025858   0.0013960   0.050388   0.004190   0.030000   0.030000  0.0020000  0.0014000    0.012000    0.002000
1965   7  28  38969   0.056857   0.427057   0.0024479   0.0015010   0.050717   0.004127   0.030000   0.030000  0.0020000  0.0014000    0.012000    0.002000
1965   7  29  38970   0.059357   0.426057   0.0021489   0.0017100   0.051046   0.004229   0.030000   0.030000  0.0020000  0.0014000    0.012000    0.002000
1965   7  30  38971   0.061757   0.424957   0.0016160   0.0019440   0.051118   0.004298   0.030000   0.030000  0.0020000  0.0014000    0.012000    0.002000
1965   7  31  38972   0.064058   0.423858   0.0008660   0.0021430   0.050928   0.004232   0.030000   0.030000  0.0020000  0.0014000    0.012000    0.002000
1965   8   1  38973   0.066258   0.422658  -0.0000339   0.0022260   0.050592   0.004208   0.030000   0.030000  0.0020000  0.0014000    0.012000    0.002000
1965   8   2  38974   0.068358   0.421358  -0.0009629   0.0021920   0.050198   0.004388   0.030000   0.030000  0.0020000  0.0014000    0.012000    0.002000
1965   8   3  38975   0.070359   0.419959  -0.0017938   0.0020440   0.049865   0.004635   0.030000   0.030000  0.0020000  0.0014000    0.012000    0.002000
1965   8   4  38976   0.072359   0.418559  -0.0024497   0.0018430   0.049724   0.004689   0.030000   0.030000  0.0020000  0.0014000    0.012000    0.002000
1965   8   5  38977   0.074259   0.417059  -0.0028827   0.0016240   0.049719   0.004505   0.030000   0.030000  0.0020000  0.0014000    0.012000    0.002000
1965   8   6  38978   0.076059   0.415459  -0.0031036   0.0014130   0.049643   0.004280   0.030000   0.030000  0.0020000  0.0014000    0.012000    0.002000
1965   8   7  38979   0.077860   0.413860  -0.0031326   0.0012430   0.049428   0.004170   0.030000   0.030000  0.0020000  0.0014000    0.012000    0.002000
1965   8   8  38980   0.079560   0.412160  -0.0030175   0.0011380   0.049242   0.004132   0.030000   0.030000  0.0020000  0.0014000    0.012000    0.002000
1965   8   9  38981   0.081260   0.410360  -0.0028295   0.0010960   0.049241   0.004054   0.030000   0.030000  0.0020000  0.0014000    0.012000    0.002000
1965   8  10  38982   0.082860   0.408460  -0.0026424   0.0011180   0.049379   0.003960   0.030000   0.030000  0.0020000  0.0014000    0.012000    0.002000
1965   8  11  38983   0.084461   0.406461  -0.0024963   0.0012000   0.049501   0.003987   0.030000   0.030000  0.0020000  0.0014000    0.012000    0.002000
1965   8  12  38984   0.085961   0.404461  -0.0024673   0.0013380   0.049534   0.004193   0.030000   0.030000  0.0020000  0.0014000    0.012000    0.002000
1965   8  13  38985   0.087561   0.402361  -0.0025922   0.0015040   0.049525   0.004454   0.030000   0.030000  0.0020000  0.0014000    0.012000    0.002000
1965   8  14  38986   0.089062   0.400162  -0.0028872   0.0016740   0.049548   0.004608   0.030000   0.030000  0.0020000  0.0014000    0.012000    0.002000
1965   8  15  38987   0.090462   0.397962  -0.0033421   0.0018320   0.049640   0.004632   0.030000   0.030000  0.0020000  0.0014000    0.012000    0.002000
1965   8  16  38988   0.091962   0.395562  -0.0039361   0.0019480   0.049781   0.004630   0.030000   0.030000  0.0020000  0.0014000    0.012000    0.002000
1965   8  17  38989   0.093362   0.393162  -0.0046290   0.0020070   0.049858   0.004668   0.030000   0.030000  0.0020000  0.0014000    0.012000    0.002000
1965   8  18  38990   0.094863   0.390663  -0.0053379   0.0020110   0.049705   0.004689   0.030000   0.030000  0.0020000  0.0014000    0.012000    0.002000
1965   8  19  38991   0.096263   0.388163  -0.0060289   0.0019420   0.049268   0.004620   0.030000   0.030000  0.0020000  0.0014000    0.012000    0.002000
1965   8  20  38992   0.097663   0.385563  -0.0066238   0.0018310   0.048721   0.004488   0.030000   0.030000  0.0020000  0.0014000    0.012000    0.002000
1965   8  21  38993   0.099063   0.382863  -0.0070838   0.0016890   0.048326   0.004380   0.030000   0.030000  0.0020000  0.0014000    0.012000    0.002000
1965   8  22  38994   0.100564   0.380064  -0.0074197   0.0015820   0.048214   0.004319   0.030000   0.030000  0.0020000  0.0014000    0.012000    0.002000
1965   8  23  38995   0.101964   0.377264  -0.0076836   0.0015530   0.048366   0.004276   0.030000   0.030000  0.0020000  0.0014000    0.012000    0.002000
1965   8  24  38996   0.103464   0.374364  -0.0079766   0.0016430   0.048693   0.004312   0.030000   0.030000  0.0020000  0.0014000    0.012000    0.002000
1965   8  25  38997   0.104965   0.371365  -0.0084205   0.0018420   0.049013   0.004533   0.030000   0.030000  0.0020000  0.0014000    0.012000    0.002000
1965   8  26  38998   0.106465   0.368365  -0.0091065   0.0021270   0.049107   0.004863   0.030000   0.030000  0.0020000  0.0014000    0.012000    0.002000
1965   8  27  38999   0.107965   0.365265  -0.0100834   0.0024080   0.048943   0.005035   0.030000   0.030000  0.0020000  0.0014000    0.012000    0.002000
1965   8  28  39000   0.109465   0.362165  -0.0112953   0.0025960   0.048715   0.004925   0.030000   0.030000  0.0020000  0.0014000    0.012000    0.002000
1965   8  29  39001   0.111066   0.358966  -0.0126313   0.0026520   0.048550   0.004750   0.030000   0.030000  0.0020000  0.0014000    0.012000    0.002000
1965   8  30  39002   0.112666   0.355666  -0.0139632   0.0025730   0.048358   0.004772   0.030000   0.030000  0.0020000  0.0014000    0.012000    0.002000
1965   8  31  39003   0.114266   0.352366  -0.0151632   0.0023960   0.048082   0.004938   0.030000   0.030000  0.0020000  0.0014000    0.012000    0.002000
1965   9   1  39004   0.115866   0.349066   0.0838499   0.0021760   0.047864   0.004967   0.030000   0.030000  0.0020000  0.0014000    0.012000    0.002000
1965   9   2  39005   0.117467   0.345667   0.0830830   0.0019530   0.047834   0.004745   0.030000   0.030000  0.0020000  0.0014000    0.012000    0.002000
1965   9   3  39006   0.119167   0.342267   0.0825200   0.0017730   0.047904   0.004466   0.030000   0.030000  0.0020000  0.0014000    0.012000    0.002000
1965   9   4  39007   0.120867   0.338867   0.0821081   0.0016630   0.047941   0.004365   0.030000   0.030000  0.0020000  0.0014000    0.012000    0.002000
1965   9   5  39008   0.122668   0.335368   0.0817711   0.0016120   0.047978   0.004456   0.030000   0.030000  0.0020000  0.0014000    0.012000    0.002000
1965   9   6  39009   0.124368   0.331868   0.0814612   0.0016190   0.048118   0.004567   0.030000   0.030000  0.0020000  0.0014000    0.012000    0.002000
1965   9   7  39010   0.126168   0.328368   0.0811033   0.0016990   0.048335   0.004586   0.030000   0.030000  0.0020000  0.0014000    0.012000    0.002000
1965   9   8  39011   0.127968   0.324768   0.0806473   0.0018190   0.048516   0.004584   0.030000   0.030000  0.0020000  0.0014000    0.012000    0.002000
1965   9   9  39012   0.129869   0.321169   0.0800424   0.0019840   0.048631   0.004684   0.030000   0.030000  0.0020000  0.0014000    0.012000    0.002000
1965   9  10  39013   0.131669   0.317669   0.0792655   0.0021590   0.048750   0.004888   0.030000   0.030000  0.0020000  0.0014000    0.012000    0.002000
1965   9  11  39014   0.133569   0.314069   0.0783185   0.0023100   0.048906   0.005067   0.030000   0.030000  0.0020000  0.0014000    0.012000    0.002000
1965   9  12  39015   0.135469   0.310369   0.0772386   0.0024310   0.049042   0.005113   0.030000   0.030000  0.0020000  0.0014000    0.012000    0.002000
1965   9  13  39016   0.137370   0.306770   0.0760776   0.0024910   0.049110   0.005044   0.030000   0.030000  0.0020000  0.0014000    0.012000    0.002000
1965   9  14  39017   0.139270   0.303170   0.0748817   0.0024780   0.049126   0.004959   0.030000   0.030000  0.0020000  0.0014000    0.012000    0.002000
1965   9  15  39018   0.141170   0.299570   0.0737348   0.0024050   0.049091   0.004929   0.030000   0.030000  0.0020000  0.0014000    0.012000    0.002000
1965   9  16  39019   0.143071   0.295871   0.0726898   0.0022790   0.048944   0.004939   0.030000   0.030000  0.0020000  0.0014000    0.012000    0.002000
1965   9  17  39020   0.144971   0.292271   0.0717839   0.0021320   0.048678   0.004940   0.030000   0.030000  0.0020000  0.0014000    0.012000    0.002000
1965   9  18  39021   0.146871   0.288671   0.0710200   0.0020030   0.048446   0.004904   0.030000   0.030000  0.0020000  0.0014000    0.012000    0.002000
1965   9  19  39022   0.148771   0.284971   0.0703560   0.0019390   0.048470   0.004852   0.030000   0.030000  0.0020000  0.0014000    0.012000    0.002000
1965   9  20  39023   0.150672   0.281372   0.0696981   0.0019770   0.048828   0.004857   0.030000   0.030000  0.0020000  0.0014000    0.012000    0.002000
1965   9  21  39024   0.152572   0.277772   0.0689441   0.0021410   0.049343   0.005026   0.030000   0.030000  0.0020000  0.0014000    0.012000    0.002000
1965   9  22  39025   0.154472   0.274172   0.0679642   0.0024000   0.049687   0.005403   0.030000   0.030000  0.0020000  0.0014000    0.012000    0.002000
1965   9  23  39026   0.156272   0.270672   0.0667113   0.0026960   0.049651   0.005843   0.030000   0.030000  0.0020000  0.0014000    0.012000    0.002000
1965   9  24  39027   0.158073   0.267073   0.0651853   0.0029520   0.049351   0.006079   0.030000   0.030000  0.0020000  0.0014000    0.012000    0.002000
1965   9  25  39028   0.159973   0.263473   0.0634444   0.0030880   0.049112   0.005983   0.030000   0.030000  0.0020000  0.0014000    0.012000    0.002000
1965   9  26  39029   0.161673   0.259973   0.0616365   0.0030940   0.049103   0.005724   0.030000   0.030000  0.0020000  0.0014000    0.012000    0.002000
1965   9  27  39030   0.163474   0.256474   0.0598895   0.0029820   0.049171   0.005574   0.030000   0.030000  0.0020000  0.0014000    0.012000    0.002000
1965   9  28  39031   0.165174   0.252974   0.0583086   0.0027710   0.049104   0.005585   0.030000   0.030000  0.0020000  0.0014000    0.012000    0.002000
1965   9  29  39032   0.166874   0.249474   0.0569547   0.0025280   0.048927   0.005583   0.030000   0.030000  0.0020000  0.0014000    0.012000    0.002000
1965   9  30  39033   0.168574   0.246074   0.0558227   0.0023240   0.048837   0.005447   0.030000   0.030000  0.0020000  0.0014000    0.012000    0.002000
1965  10   1  39034   0.170175   0.242575   0.0548868   0.0021690   0.048936   0.005282   0.030000   0.030000  0.0020000  0.0014000    0.012000    0.002000
1965  10   2  39035   0.171775   0.239175   0.0540599   0.0020780   0.049171   0.005275   0.030000   0.030000  0.0020000  0.0014000    0.012000    0.002000
1965  10   3  39036   0.173375   0.235775   0.0532969   0.0020610   0.049469   0.005448   0.030000   0.030000  0.0020000  0.0014000    0.012000    0.002000
1965  10   4  39037   0.174875   0.232475   0.0525050   0.0021130   0.049791   0.005632   0.030000   0.030000  0.0020000  0.0014000    0.012000    0.002000
1965  10   5  39038   0.176376   0.229076   0.0516410   0.0022130   0.050078   0.005672   0.030000   0.030000  0.0020000  0.0014000    0.012000    0.002000
1965  10   6  39039   0.177776   0.225776   0.0506461   0.0023420   0.050260   0.005598   0.030000   0.030000  0.0020000  0.0014000    0.012000    0.002000
1965  10   7  39040   0.179176   0.222476   0.0495402   0.0024910   0.050339   0.005575   0.030000   0.030000  0.0020000  0.0014000    0.012000    0.002000
1965  10   8  39041   0.180577   0.219277   0.0482652   0.0026440   0.050393   0.005714   0.030000   0.030000  0.0020000  0.0014000    0.012000    0.002000
1965  10   9  39042   0.181877   0.215977   0.0468613   0.0027580   0.050465   0.005951   0.030000   0.030000  0.0020000  0.0014000    0.012000    0.002000
1965  10  10  39043   0.183077   0.212777   0.0453584   0.0028250   0.050516   0.006122   0.030000   0.030000  0.0020000  0.0014000    0.012000    0.002000
1965  10  11  39044   0.184277   0.209577   0.0438254   0.0028170   0.050517   0.006125   0.030000   0.030000  0.0020000  0.0014000    0.012000    0.002000
1965  10  12  39045   0.185478   0.206478   0.0423415   0.0027280   0.050514   0.006002   0.030000   0.030000  0.0020000  0.0014000    0.012000    0.002000
1965  10  13  39046   0.186578   0.203378   0.0409926   0.0025700   0.050571   0.005887   0.030000   0.030000  0.0020000  0.0014000    0.012000    0.002000
1965  10  14  39047   0.187578   0.200278   0.0398136   0.0023770   0.050660   0.005873   0.030000   0.030000  0.0020000  0.0014000    0.012000    0.002000
1965  10  15  39048   0.188479   0.197179   0.0388347   0.0021960   0.050713   0.005947   0.030000   0.030000  0.0020000  0.0014000    0.012000    0.002000
1965  10  16  39049   0.189379   0.194179   0.0380008   0.0020650   0.050760   0.006026   0.030000   0.030000  0.0020000  0.0014000    0.012000    0.002000
1965  10  17  39050   0.190279   0.191179   0.0372538   0.0020380   0.050948   0.006061   0.030000   0.030000  0.0020000  0.0014000    0.012000    0.002000
1965  10  18  39051   0.190979   0.188279   0.0364769   0.0021320   0.051369   0.006095   0.030000   0.030000  0.0020000  0.0014000    0.012000    0.002000
1965  10  19  39052   0.191680   0.185280   0.0355570   0.0023220   0.051902   0.006227   0.030000   0.030000  0.0020000  0.0014000    0.012000    0.002000
1965  10  20  39053   0.192280   0.182480   0.0344151   0.0025670   0.052268   0.006498   0.030000   0.030000  0.0020000  0.0014000    0.012000    0.002000
1965  10  21  39054   0.192780   0.179580   0.0330251   0.0028150   0.052274   0.006817   0.030000   0.030000  0.0020000  0.0014000    0.012000    0.002000
1965  10  22  39055   0.193180   0.176780   0.0314102   0.0029890   0.052003   0.007013   0.030000   0.030000  0.0020000  0.0014000    0.012000    0.002000
1965  10  23  39056   0.193481   0.174081   0.0296873   0.0030340   0.051741   0.006998   0.030000   0.030000  0.0020000  0.0014000    0.012000    0.002000
1965  10  24  39057   0.193781   0.171281   0.0279653   0.0029600   0.051698   0.006848   0.030000   0.030000  0.0020000  0.0014000    0.012000    0.002000
1965  10  25  39058   0.193881   0.168681   0.0263824   0.0027920   0.051823   0.006714   0.030000   0.030000  0.0020000  0.0014000    0.012000    0.002000
1965  10  26  39059   0.193982   0.165982   0.0249995   0.0025600   0.051919   0.006656   0.030000   0.030000  0.0020000  0.0014000    0.012000    0.002000
1965  10  27  39060   0.193982   0.163382   0.0238515   0.0023410   0.051886   0.006617   0.030000   0.030000  0.0020000  0.0014000    0.012000    0.002000
1965  10  28  39061   0.193882   0.160782   0.0228936   0.0021550   0.051826   0.006547   0.030000   0.030000  0.0020000  0.0014000    0.012000    0.002000
1965  10  29  39062   0.193682   0.158182   0.0220967   0.0020500   0.051907   0.006506   0.030000   0.030000  0.0020000  0.0014000    0.012000    0.002000
1965  10  30  39063   0.193383   0.155683   0.0213677   0.0020120   0.052186   0.006583   0.030000   0.030000  0.0020000  0.0014000    0.012000    0.002000
1965  10  31  39064   0.192983   0.153183   0.0206488   0.0020490   0.052570   0.006763   0.030000   0.030000  0.0020000  0.0014000    0.012000    0.002000
1965  11   1  39065   0.192583   0.150683   0.0198489   0.0021500   0.052926   0.006911   0.030000   0.030000  0.0020000  0.0014000    0.012000    0.002000
1965  11   2  39066   0.191983   0.148183   0.0189229   0.0022980   0.053178   0.006911   0.030000   0.030000  0.0020000  0.0014000    0.012000    0.002000
1965  11   3  39067   0.191384   0.145784   0.0178330   0.0024720   0.053317   0.006806   0.030000   0.030000  0.0020000  0.0014000    0.012000    0.002000
1965  11   4  39068   0.190684   0.143284   0.0165661   0.0026600   0.053355   0.006758   0.030000   0.030000  0.0020000  0.0014000    0.012000    0.002000
1965  11   5  39069   0.189884   0.140884   0.0151192   0.0028290   0.053301   0.006901   0.030000   0.030000  0.0020000  0.0014000    0.012000    0.002000
1965  11   6  39070   0.189085   0.138485   0.0135212   0.0029460   0.053178   0.007210   0.030000   0.030000  0.0020000  0.0014000    0.012000    0.002000
1965  11   7  39071   0.188085   0.136085   0.0118283   0.0030070   0.053039   0.007526   0.030000   0.030000  0.0020000  0.0014000    0.012000    0.002000
1965  11   8  39072   0.187085   0.133585   0.0101254   0.0029760   0.052959   0.007682   0.030000   0.030000  0.0020000  0.0014000    0.012000    0.002000
1965  11   9  39073   0.185985   0.131185   0.0084944   0.0028720   0.052986   0.007627   0.030000   0.030000  0.0020000  0.0014000    0.012000    0.002000
1965  11  10  39074   0.184786   0.128786   0.0070095   0.0027010   0.053127   0.007452   0.030000   0.030000  0.0020000  0.0014000    0.012000    0.002000
1965  11  11  39075   0.183586   0.126386   0.0056856   0.0025300   0.053350   0.007314   0.030000   0.030000  0.0020000  0.0014000    0.012000    0.002000
1965  11  12  39076   0.182186   0.123886   0.0045137   0.0023960   0.053612   0.007315   0.030000   0.030000  0.0020000  0.0014000    0.012000    0.002000
1965  11  13  39077   0.180786   0.121486   0.0034517   0.0023450   0.053890   0.007430   0.030000   0.030000  0.0020000  0.0014000    0.012000    0.002000
1965  11  14  39078   0.179287   0.119087   0.0023748   0.0024170   0.054186   0.007552   0.030000   0.030000  0.0020000  0.0014000    0.012000    0.002000
1965  11  15  39079   0.177787   0.116587   0.0011839   0.0025690   0.054514   0.007609   0.030000   0.030000  0.0020000  0.0014000    0.012000    0.002000
1965  11  16  39080   0.176187   0.114087  -0.0002031   0.0027890   0.054846   0.007628   0.030000   0.030000  0.0020000  0.0014000    0.012000    0.002000
1965  11  17  39081   0.174488   0.111688  -0.0017960   0.0030030   0.055093   0.007677   0.030000   0.030000  0.0020000  0.0014000    0.012000    0.002000
1965  11  18  39082   0.172688   0.109188  -0.0035909   0.0031630   0.055153   0.007775   0.030000   0.030000  0.0020000  0.0014000    0.012000    0.002000
1965  11  19  39083   0.170888   0.106688  -0.0055008   0.0032180   0.054997   0.007885   0.030000   0.030000  0.0020000  0.0014000    0.012000    0.002000
1965  11  20  39084   0.168988   0.104188  -0.0074078   0.0031580   0.054727   0.007966   0.030000   0.030000  0.0020000  0.0014000    0.012000    0.002000
1965  11  21  39085   0.167089   0.101689  -0.0091917   0.0029950   0.054526   0.008015   0.030000   0.030000  0.0020000  0.0014000    0.012000    0.002000
1965  11  22  39086   0.165089   0.099189  -0.0107756   0.0027550   0.054515   0.008034   0.030000   0.030000  0.0020000  0.0014000    0.012000    0.002000
1965  11  23  39087   0.162989   0.096689  -0.0121046   0.0025040   0.054649   0.008005   0.030000   0.030000  0.0020000  0.0014000    0.012000    0.002000
1965  11  24  39088   0.160889   0.094189  -0.0132025   0.0022780   0.054781   0.007911   0.030000   0.030000  0.0020000  0.0014000    0.012000    0.002000
1965  11  25  39089   0.158690   0.091690  -0.0141004   0.0021090   0.054842   0.007793   0.030000   0.030000  0.0020000  0.0014000    0.012000    0.002000
1965  11  26  39090   0.156490   0.089290  -0.0148543   0.0020130   0.054908   0.007741   0.030000   0.030000  0.0020000  0.0014000    0.012000    0.002000
1965  11  27  39091   0.154190   0.086790  -0.0155513   0.0019930   0.055075   0.007809   0.030000   0.030000  0.0020000  0.0014000    0.012000    0.002000
1965  11  28  39092   0.151791   0.084291  -0.0162632   0.0020310   0.055313   0.007937   0.030000   0.030000  0.0020000  0.0014000    0.012000    0.002000
1965  11  29  39093   0.149391   0.081891  -0.0170511   0.0021330   0.055514   0.008004   0.030000   0.030000  0.0020000  0.0014000    0.012000    0.002000
1965  11  30  39094   0.146991   0.079391  -0.0179590   0.0022770   0.055648   0.007956   0.030000   0.030000  0.0020000  0.0014000    0.012000    0.002000
1965  12   1  39095   0.144491   0.076991  -0.0190180   0.0024200   0.055771   0.007867   0.030000   0.030000  0.0020000  0.0014000    0.012000    0.002000
1965  12   2  39096   0.141892   0.074592  -0.0202059   0.0025520   0.055882   0.007867   0.030000   0.030000  0.0020000  0.0014000    0.012000    0.002000
1965  12   3  39097   0.139392   0.072192  -0.0215118   0.0026430   0.055864   0.008022   0.030000   0.030000  0.0020000  0.0014000    0.012000    0.002000
1965  12   4  39098   0.136692   0.069792  -0.0228947   0.0026930   0.055641   0.008300   0.030000   0.030000  0.0020000  0.0014000    0.012000    0.002000
1965  12   5  39099   0.134092   0.067392  -0.0242847   0.0026540   0.055325   0.008614   0.030000   0.030000  0.0020000  0.0014000    0.012000    0.002000
1965  12   6  39100   0.131393   0.065093  -0.0255866   0.0025450   0.055104   0.008858   0.030000   0.030000  0.0020000  0.0014000    0.012000    0.002000
1965  12   7  39101   0.128693   0.062793  -0.0267505   0.0023540   0.055036   0.008929   0.030000   0.030000  0.0020000  0.0014000    0.012000    0.002000
1965  12   8  39102   0.125893   0.060493  -0.0277014   0.0021360   0.055068   0.008783   0.030000   0.030000  0.0020000  0.0014000    0.012000    0.002000
1965  12   9  39103   0.123094   0.058294  -0.0284294   0.0019380   0.055215   0.008517   0.030000   0.030000  0.0020000  0.0014000    0.012000    0.002000
1965  12  10  39104   0.120294   0.056094  -0.0290053   0.0018000   0.055552   0.008345   0.030000   0.030000  0.0020000  0.0014000    0.012000    0.002000
1965  12  11  39105   0.117394   0.053894  -0.0294892   0.0017900   0.056034   0.008397   0.030000   0.030000  0.0020000  0.0014000    0.012000    0.002000
1965  12  12  39106   0.114494   0.051694  -0.0300331   0.0019040   0.056469   0.008581   0.030000   0.030000  0.0020000  0.0014000    0.012000    0.002000
1965  12  13  39107   0.111595   0.049595  -0.0307331   0.0021010   0.056714   0.008702   0.030000   0.030000  0.0020000  0.0014000    0.012000    0.002000
1965  12  14  39108   0.108695   0.047495  -0.0316470   0.0023160   0.056798   0.008687   0.030000   0.030000  0.0020000  0.0014000    0.012000    0.002000
1965  12  15  39109   0.105695   0.045495  -0.0327549   0.0024770   0.056826   0.008631   0.030000   0.030000  0.0020000  0.0014000    0.012000    0.002000
1965  12  16  39110   0.102695   0.043495  -0.0339698   0.0025440   0.056828   0.008636   0.030000   0.030000  0.0020000  0.0014000    0.012000    0.002000
1965  12  17  39111   0.099796   0.041496  -0.0352168   0.0025120   0.056737   0.008717   0.030000   0.030000  0.0020000  0.0014000    0.012000    0.002000
1965  12  18  39112   0.096796   0.039596  -0.0363817   0.0023940   0.056509   0.008838   0.030000   0.030000  0.0020000  0.0014000    0.012000    0.002000
1965  12  19  39113   0.093796   0.037696  -0.0373936   0.0022110   0.056231   0.008967   0.030000   0.030000  0.0020000  0.0014000    0.012000    0.002000
1965  12  20  39114   0.090797   0.035897  -0.0382055   0.0020220   0.056092   0.009061   0.030000   0.030000  0.0020000  0.0014000    0.012000    0.002000
1965  12  21  39115   0.087697   0.034097  -0.0388525   0.0018470   0.056202   0.009050   0.030000   0.030000  0.0020000  0.0014000    0.012000    0.002000
1965  12  22  39116   0.084697   0.032397  -0.0393354   0.0017180   0.056464   0.008896   0.030000   0.030000  0.0020000  0.0014000    0.012000    0.002000
1965  12  23  39117   0.081697   0.030697  -0.0397103   0.0016440   0.056689   0.008669   0.030000   0.030000  0.0020000  0.0014000    0.012000    0.002000
1965  12  24  39118   0.078698   0.029098  -0.0400582   0.0016530   0.056799   0.008518   0.030000   0.030000  0.0020000  0.0014000    0.012000    0.002000
1965  12  25  39119   0.075698   0.027598  -0.0404491   0.0017410   0.056847   0.008526   0.030000   0.030000  0.0020000  0.0014000    0.012000    0.002000
1965  12  26  39120   0.072698   0.026098  -0.0409691   0.0018860   0.056884   0.008624   0.030000   0.030000  0.0020000  0.0014000    0.012000    0.002000
1965  12  27  39121   0.069798   0.024698  -0.0416350   0.0020490   0.056911   0.008670   0.030000   0.030000  0.0020000  0.0014000    0.012000    0.002000
1965  12  28  39122   0.066799   0.023399  -0.0424829   0.0022260   0.056965   0.008620   0.030000   0.030000  0.0020000  0.0014000    0.012000    0.002000
1965  12  29  39123   0.063899   0.022099  -0.0434948   0.0023950   0.057130   0.008566   0.030000   0.030000  0.0020000  0.0014000    0.012000    0.002000
1965  12  30  39124   0.060999   0.020899  -0.0446628   0.0025260   0.057379   0.008605   0.030000   0.030000  0.0020000  0.0014000    0.012000    0.002000
1965  12  31  39125   0.058100   0.019800  -0.0459337   0.0026050   0.057501   0.008720   0.030000   0.030000  0.0020000  0.0014000    0.012000    0.002000
