

                   INTERNATIONAL EARTH ROTATION AND REFERENCE SYSTEMS SERVICE
                        EARTH ORIENTATION PARAMETERS
                          EOP (IERS) 08 C04

  
             FORMAT(3(I4),I7,2(F11.6),2(F12.7),2(F11.6),2(F11.6),2(F11.7),2F12.6)
**********************************************************************************
  
      Date      MJD      x          y        UT1-UTC       LOD         dPsi      dEps       x Err     y Err   UT1-UTC Err  LOD Err    dPsi Err   dEpsilon Err
                         "          "           s           s            "         "        "          "          s           s            "         "
     (0h UTC)

1997   1   1  50449  -0.023197   0.095311  -0.1110080   0.0019734  -0.034287  -0.004981   0.000335   0.000320  0.0000347  0.0000186    0.000708    0.000294
1997   1   2  50450  -0.026897   0.095777  -0.1130154   0.0019902  -0.034466  -0.005049   0.000171   0.000165  0.0000168  0.0000096    0.000279    0.000115
1997   1   3  50451  -0.030416   0.096700  -0.1150426   0.0019487  -0.034889  -0.005128   0.000172   0.000165  0.0000162  0.0000093    0.000274    0.000112
1997   1   4  50452  -0.033641   0.097913  -0.1170440   0.0019349  -0.035361  -0.005103   0.000170   0.000162  0.0000157  0.0000090    0.000270    0.000109
1997   1   5  50453  -0.036691   0.099285  -0.1189857   0.0018959  -0.035539  -0.004915   0.000176   0.000167  0.0000151  0.0000090    0.000266    0.000106
1997   1   6  50454  -0.040164   0.101002  -0.1208588   0.0018426  -0.035347  -0.004695   0.000183   0.000167  0.0000145  0.0000090    0.000261    0.000104
1997   1   7  50455  -0.044064   0.102369  -0.1226852   0.0018399  -0.035048  -0.004676   0.000179   0.000166  0.0000139  0.0000090    0.000257    0.000101
1997   1   8  50456  -0.047403   0.103456  -0.1245117   0.0018655  -0.034893  -0.004908   0.000162   0.000159  0.0000134  0.0000090    0.000253    0.000098
1997   1   9  50457  -0.050317   0.104434  -0.1263903   0.0019168  -0.034805  -0.005132   0.000148   0.000147  0.0000095  0.0000093    0.000235    0.000095
1997   1  10  50458  -0.053168   0.105818  -0.1283568   0.0020124  -0.034839  -0.005103   0.000156   0.000158  0.0000081  0.0000096    0.000160    0.000067
1997   1  11  50459  -0.055972   0.107116  -0.1304219   0.0021175  -0.034947  -0.004825   0.000153   0.000159  0.0000081  0.0000096    0.000082    0.000038
1997   1  12  50460  -0.058917   0.108082  -0.1325762   0.0021827  -0.035125  -0.004525   0.000148   0.000151  0.0000081  0.0000093    0.000094    0.000043
1997   1  13  50461  -0.061864   0.109472  -0.1347955   0.0022573  -0.035244  -0.004389   0.000146   0.000149  0.0000081  0.0000090    0.000126    0.000054
1997   1  14  50462  -0.063944   0.110641  -0.1370386   0.0022495  -0.035342  -0.004378   0.000139   0.000143  0.0000081  0.0000087    0.000157    0.000065
1997   1  15  50463  -0.066121   0.112435  -0.1392468   0.0021524  -0.035326  -0.004427   0.000135   0.000140  0.0000082  0.0000087    0.000189    0.000077
1997   1  16  50464  -0.067984   0.114282  -0.1413542   0.0020367  -0.035075  -0.004558   0.000136   0.000145  0.0000082  0.0000096    0.000199    0.000080
1997   1  17  50465  -0.069867   0.116474  -0.1433093   0.0019083  -0.034596  -0.004774   0.000147   0.000152  0.0000083  0.0000103    0.000202    0.000081
1997   1  18  50466  -0.071819   0.118480  -0.1450940   0.0017240  -0.034083  -0.004980   0.000158   0.000159  0.0000084  0.0000106    0.000204    0.000083
1997   1  19  50467  -0.073958   0.120455  -0.1467285   0.0015782  -0.033761  -0.005065   0.000175   0.000174  0.0000084  0.0000112    0.000207    0.000084
1997   1  20  50468  -0.076406   0.122785  -0.1482599   0.0014757  -0.033720  -0.005026   0.000191   0.000183  0.0000085  0.0000116    0.000210    0.000085
1997   1  21  50469  -0.079611   0.124896  -0.1497389   0.0014348  -0.033946  -0.004955   0.000186   0.000179  0.0000086  0.0000119    0.000213    0.000086
1997   1  22  50470  -0.082246   0.126546  -0.1511994   0.0014210  -0.034386  -0.004925   0.000174   0.000171  0.0000087  0.0000132    0.000216    0.000087
1997   1  23  50471  -0.084928   0.128708  -0.1526517   0.0014578  -0.034994  -0.004918   0.000170   0.000161  0.0000064  0.0000141    0.000233    0.000093
1997   1  24  50472  -0.087471   0.130440  -0.1540977   0.0014980  -0.035433  -0.004915   0.000169   0.000162  0.0000058  0.0000141    0.000234    0.000093
1997   1  25  50473  -0.090366   0.132374  -0.1555555   0.0015122  -0.035576  -0.004936   0.000174   0.000172  0.0000062  0.0000141    0.000227    0.000091
1997   1  26  50474  -0.093525   0.133949  -0.1570643   0.0015739  -0.035451  -0.005031   0.000178   0.000175  0.0000065  0.0000144    0.000220    0.000088
1997   1  27  50475  -0.096737   0.135693  -0.1586577   0.0016317  -0.035140  -0.005187   0.000189   0.000177  0.0000068  0.0000148    0.000213    0.000086
1997   1  28  50476  -0.099457   0.137355  -0.1603276   0.0016501  -0.034724  -0.005334   0.000189   0.000173  0.0000071  0.0000148    0.000207    0.000083
1997   1  29  50477  -0.102635   0.139686  -0.1620162   0.0016558  -0.034348  -0.005441   0.000164   0.000155  0.0000074  0.0000144    0.000200    0.000081
1997   1  30  50478  -0.105579   0.141159  -0.1636490   0.0015612  -0.034157  -0.005552   0.000163   0.000151  0.0000066  0.0000138    0.000427    0.000239
1997   1  31  50479  -0.108198   0.143328  -0.1651839   0.0015073  -0.034661  -0.005743   0.000133   0.000125  0.0000053  0.0000135    0.000252    0.000135
1997   2   1  50480  -0.111062   0.145649  -0.1666240   0.0014077  -0.035322  -0.005892   0.000132   0.000124  0.0000051  0.0000132    0.000121    0.000044
1997   2   2  50481  -0.114231   0.147797  -0.1679911   0.0013031  -0.035590  -0.005831   0.000159   0.000144  0.0000056  0.0000125    0.000190    0.000072
1997   2   3  50482  -0.117138   0.149821  -0.1693034   0.0012504  -0.035481  -0.005572   0.000137   0.000126  0.0000062  0.0000119    0.000260    0.000101
1997   2   4  50483  -0.119827   0.152206  -0.1705865   0.0012782  -0.035353  -0.005342   0.000133   0.000124  0.0000067  0.0000112    0.000329    0.000130
1997   2   5  50484  -0.122580   0.154576  -0.1718956   0.0013723  -0.035620  -0.005411   0.000131   0.000125  0.0000100  0.0000109    0.000286    0.000113
1997   2   6  50485  -0.124754   0.157068  -0.1733134   0.0015551  -0.035928  -0.005520   0.000126   0.000120  0.0000106  0.0000109    0.000202    0.000090
1997   2   7  50486  -0.126807   0.159205  -0.1749053   0.0017080  -0.035996  -0.005459   0.000127   0.000122  0.0000101  0.0000112    0.000121    0.000071
1997   2   8  50487  -0.128382   0.161460  -0.1766906   0.0019068  -0.035840  -0.005259   0.000132   0.000126  0.0000096  0.0000116    0.000143    0.000077
1997   2   9  50488  -0.130396   0.164363  -0.1786465   0.0020332  -0.035533  -0.005086   0.000136   0.000130  0.0000091  0.0000109    0.000164    0.000084
1997   2  10  50489  -0.132276   0.167177  -0.1807227   0.0020804  -0.035307  -0.005099   0.000134   0.000134  0.0000086  0.0000106    0.000186    0.000091
1997   2  11  50490  -0.134236   0.170031  -0.1828464   0.0020799  -0.035313  -0.005215   0.000130   0.000134  0.0000081  0.0000109    0.000208    0.000098
1997   2  12  50491  -0.136176   0.172877  -0.1849288   0.0020228  -0.035387  -0.005325   0.000129   0.000130  0.0000076  0.0000109    0.000190    0.000093
1997   2  13  50492  -0.138555   0.175460  -0.1868886   0.0018616  -0.035485  -0.005439   0.000126   0.000123  0.0000077  0.0000109    0.000138    0.000074
1997   2  14  50493  -0.140394   0.178006  -0.1886879   0.0016973  -0.035398  -0.005671   0.000127   0.000126  0.0000080  0.0000109    0.000092    0.000056
1997   2  15  50494  -0.142397   0.181149  -0.1903445   0.0016142  -0.035256  -0.005989   0.000127   0.000131  0.0000083  0.0000106    0.000121    0.000066
1997   2  16  50495  -0.144725   0.183935  -0.1919115   0.0015543  -0.035317  -0.006211   0.000122   0.000127  0.0000086  0.0000099    0.000150    0.000076
1997   2  17  50496  -0.147302   0.186455  -0.1934446   0.0015202  -0.035599  -0.006274   0.000120   0.000122  0.0000089  0.0000096    0.000178    0.000086
1997   2  18  50497  -0.150101   0.188912  -0.1949824   0.0015278  -0.035814  -0.006256   0.000123   0.000124  0.0000092  0.0000099    0.000207    0.000097
1997   2  19  50498  -0.152615   0.191248  -0.1965486   0.0015724  -0.035716  -0.006249   0.000117   0.000119  0.0000095  0.0000106    0.000236    0.000107
1997   2  20  50499  -0.154850   0.193424  -0.1981628   0.0016369  -0.035286  -0.006240   0.000119   0.000120  0.0000101  0.0000116    0.000239    0.000120
1997   2  21  50500  -0.157095   0.195719  -0.1998474   0.0017438  -0.034776  -0.006190   0.000126   0.000125  0.0000109  0.0000125    0.000235    0.000134
1997   2  22  50501  -0.158828   0.198080  -0.2016223   0.0018382  -0.034450  -0.006146   0.000132   0.000131  0.0000114  0.0000132    0.000254    0.000137
1997   2  23  50502  -0.160462   0.200788  -0.2034939   0.0019290  -0.034334  -0.006201   0.000136   0.000133  0.0000120  0.0000106    0.000276    0.000138
1997   2  24  50503  -0.161768   0.203660  -0.2054493   0.0020226  -0.034425  -0.006394   0.000140   0.000138  0.0000125  0.0000106    0.000298    0.000140
1997   2  25  50504  -0.163086   0.207018  -0.2074606   0.0020357  -0.034679  -0.006641   0.000154   0.000147  0.0000131  0.0000138    0.000319    0.000142
1997   2  26  50505  -0.165179   0.210254  -0.2094962   0.0020033  -0.035029  -0.006845   0.000145   0.000139  0.0000136  0.0000153    0.000341    0.000144
1997   2  27  50506  -0.167683   0.213858  -0.2115328   0.0020017  -0.035427  -0.007006   0.000140   0.000140  0.0000133  0.0000145    0.000343    0.000142
1997   2  28  50507  -0.170096   0.217032  -0.2135594   0.0020356  -0.035847  -0.007184   0.000148   0.000148  0.0000127  0.0000111    0.000339    0.000138
1997   3   1  50508  -0.172043   0.220014  -0.2155750   0.0020451  -0.036138  -0.007365   0.000150   0.000152  0.0000122  0.0000109    0.000335    0.000135
1997   3   2  50509  -0.173849   0.223275  -0.2175836   0.0020292  -0.036052  -0.007423   0.000151   0.000158  0.0000116  0.0000142    0.000331    0.000131
1997   3   3  50510  -0.175075   0.226475  -0.2195960   0.0020250  -0.035561  -0.007288   0.000149   0.000159  0.0000111  0.0000168    0.000326    0.000128
1997   3   4  50511  -0.175648   0.229878  -0.2216368   0.0020485  -0.035025  -0.007094   0.000152   0.000158  0.0000105  0.0000164    0.000322    0.000124
1997   3   5  50512  -0.176311   0.233073  -0.2237501   0.0021411  -0.034843  -0.007056   0.000150   0.000153  0.0000099  0.0000147    0.000318    0.000120
1997   3   6  50513  -0.176972   0.236400  -0.2259936   0.0023127  -0.035005  -0.007204   0.000154   0.000152  0.0000098  0.0000144    0.000310    0.000118
1997   3   7  50514  -0.178340   0.239653  -0.2284170   0.0025101  -0.035153  -0.007344   0.000155   0.000153  0.0000097  0.0000167    0.000301    0.000115
1997   3   8  50515  -0.180046   0.242888  -0.2310354   0.0027003  -0.035050  -0.007353   0.000158   0.000155  0.0000096  0.0000166    0.000293    0.000113
1997   3   9  50516  -0.182116   0.245883  -0.2338138   0.0028503  -0.034798  -0.007325   0.000158   0.000155  0.0000096  0.0000138    0.000284    0.000111
1997   3  10  50517  -0.183987   0.248943  -0.2366740   0.0028809  -0.034666  -0.007363   0.000146   0.000145  0.0000095  0.0000127    0.000275    0.000108
1997   3  11  50518  -0.185847   0.251860  -0.2395225   0.0028241  -0.034835  -0.007369   0.000143   0.000140  0.0000095  0.0000141    0.000267    0.000106
1997   3  12  50519  -0.186537   0.255087  -0.2422825   0.0026865  -0.035212  -0.007200   0.000138   0.000135  0.0000094  0.0000150    0.000258    0.000103
1997   3  13  50520  -0.186600   0.258341  -0.2449140   0.0025352  -0.035410  -0.006909   0.000142   0.000133  0.0000094  0.0000117    0.000256    0.000104
1997   3  14  50521  -0.186516   0.262011  -0.2474145   0.0024143  -0.035143  -0.006723   0.000155   0.000141  0.0000095  0.0000069    0.000257    0.000105
1997   3  15  50522  -0.186176   0.265786  -0.2498081   0.0023647  -0.034571  -0.006763   0.000164   0.000150  0.0000095  0.0000081    0.000258    0.000106
1997   3  16  50523  -0.186406   0.270164  -0.2521329   0.0023370  -0.034177  -0.006968   0.000164   0.000149  0.0000095  0.0000081    0.000258    0.000106
1997   3  17  50524  -0.187615   0.274276  -0.2544347   0.0023480  -0.034213  -0.007236   0.000161   0.000146  0.0000096  0.0000105    0.000259    0.000107
1997   3  18  50525  -0.188396   0.277836  -0.2567594   0.0023658  -0.034448  -0.007531   0.000160   0.000144  0.0000096  0.0000141    0.000259    0.000108
1997   3  19  50526  -0.188697   0.281237  -0.2591407   0.0024028  -0.034766  -0.007989   0.000146   0.000132  0.0000097  0.0000113    0.000217    0.000082
1997   3  20  50527  -0.188857   0.285084  -0.2615878   0.0024243  -0.034496  -0.008152   0.000136   0.000123  0.0000074  0.0000109    0.000224    0.000088
1997   3  21  50528  -0.189304   0.288621  -0.2640833   0.0024663  -0.034175  -0.008173   0.000148   0.000130  0.0000069  0.0000192    0.000230    0.000091
1997   3  22  50529  -0.189367   0.292380  -0.2666037   0.0025028  -0.034014  -0.008092   0.000160   0.000138  0.0000073  0.0000207    0.000228    0.000090
1997   3  23  50530  -0.189544   0.296181  -0.2691365   0.0025486  -0.033971  -0.007986   0.000162   0.000142  0.0000077  0.0000114    0.000226    0.000089
1997   3  24  50531  -0.189513   0.299658  -0.2716819   0.0025806  -0.034006  -0.007956   0.000158   0.000142  0.0000082  0.0000116    0.000224    0.000088
1997   3  25  50532  -0.189284   0.303666  -0.2742393   0.0025697  -0.034123  -0.008007   0.000160   0.000145  0.0000086  0.0000146    0.000222    0.000086
1997   3  26  50533  -0.189419   0.307776  -0.2767937   0.0025439  -0.034397  -0.008090   0.000158   0.000140  0.0000086  0.0000160    0.000233    0.000083
1997   3  27  50534  -0.189983   0.311592  -0.2793146   0.0024796  -0.034573  -0.008172   0.000156   0.000138  0.0000082  0.0000158    0.000216    0.000076
1997   3  28  50535  -0.190318   0.315414  -0.2817800   0.0024261  -0.034640  -0.008282   0.000164   0.000144  0.0000076  0.0000149    0.000191    0.000068
1997   3  29  50536  -0.190616   0.319256  -0.2841911   0.0024289  -0.034619  -0.008423   0.000170   0.000152  0.0000070  0.0000156    0.000166    0.000060
1997   3  30  50537  -0.191016   0.323265  -0.2865730   0.0023904  -0.034499  -0.008539   0.000174   0.000153  0.0000064  0.0000163    0.000141    0.000052
1997   3  31  50538  -0.191362   0.326350  -0.2889623   0.0023863  -0.034257  -0.008573   0.000164   0.000147  0.0000057  0.0000178    0.000115    0.000044
1997   4   1  50539  -0.191193   0.329507  -0.2913955   0.0024439  -0.033954  -0.008545   0.000134   0.000129  0.0000051  0.0000188    0.000090    0.000036
1997   4   2  50540  -0.190354   0.333047  -0.2939037   0.0025653  -0.033952  -0.008505   0.000118   0.000117  0.0000075  0.0000151    0.000207    0.000078
1997   4   3  50541  -0.189316   0.336990  -0.2965122   0.0026676  -0.033783  -0.008519   0.000135   0.000131  0.0000101  0.0000133    0.000257    0.000095
1997   4   4  50542  -0.188320   0.340892  -0.2992548   0.0028188  -0.033743  -0.008472   0.000143   0.000137  0.0000107  0.0000142    0.000261    0.000096
1997   4   5  50543  -0.187108   0.344409  -0.3021373   0.0029525  -0.033752  -0.008346   0.000157   0.000145  0.0000107  0.0000149    0.000260    0.000095
1997   4   6  50544  -0.186300   0.348125  -0.3051094   0.0029631  -0.033741  -0.008274   0.000169   0.000154  0.0000107  0.0000181    0.000259    0.000094
1997   4   7  50545  -0.185520   0.351697  -0.3080782   0.0028890  -0.033816  -0.008365   0.000167   0.000154  0.0000106  0.0000154    0.000258    0.000093
1997   4   8  50546  -0.184703   0.355074  -0.3109451   0.0027910  -0.034094  -0.008538   0.000154   0.000144  0.0000106  0.0000131    0.000257    0.000092
1997   4   9  50547  -0.183438   0.358488  -0.3136461   0.0026482  -0.034492  -0.008599   0.000135   0.000130  0.0000076  0.0000152    0.000211    0.000081
1997   4  10  50548  -0.182638   0.362048  -0.3161719   0.0024763  -0.034982  -0.008542   0.000144   0.000140  0.0000072  0.0000141    0.000206    0.000080
1997   4  11  50549  -0.181441   0.365781  -0.3185519   0.0023550  -0.035301  -0.008518   0.000163   0.000153  0.0000076  0.0000134    0.000214    0.000082
1997   4  12  50550  -0.180139   0.369887  -0.3208304   0.0022759  -0.035418  -0.008673   0.000155   0.000143  0.0000080  0.0000114    0.000223    0.000083
1997   4  13  50551  -0.179363   0.373662  -0.3230506   0.0021998  -0.035498  -0.008980   0.000144   0.000135  0.0000084  0.0000112    0.000232    0.000085
1997   4  14  50552  -0.179214   0.377420  -0.3252482   0.0021779  -0.035567  -0.009277   0.000142   0.000135  0.0000088  0.0000144    0.000240    0.000087
1997   4  15  50553  -0.179061   0.381137  -0.3274527   0.0021735  -0.035386  -0.009428   0.000140   0.000136  0.0000092  0.0000143    0.000249    0.000089
1997   4  16  50554  -0.178525   0.384245  -0.3296876   0.0022195  -0.034789  -0.009404   0.000134   0.000132  0.0000096  0.0000147    0.000257    0.000091
1997   4  17  50555  -0.177873   0.387259  -0.3319675   0.0022916  -0.033772  -0.009230   0.000134   0.000136  0.0000068  0.0000148    0.000298    0.000147
1997   4  18  50556  -0.177050   0.390140  -0.3342942   0.0023416  -0.033315  -0.009030   0.000140   0.000144  0.0000074  0.0000119    0.000334    0.000165
1997   4  19  50557  -0.175795   0.393437  -0.3366547   0.0023463  -0.033562  -0.008855   0.000141   0.000145  0.0000097  0.0000114    0.000365    0.000162
1997   4  20  50558  -0.174831   0.396976  -0.3390247   0.0023424  -0.034167  -0.008734   0.000133   0.000134  0.0000119  0.0000125    0.000396    0.000159
1997   4  21  50559  -0.173876   0.400428  -0.3413760   0.0023666  -0.034692  -0.008690   0.000127   0.000126  0.0000141  0.0000123    0.000426    0.000156
1997   4  22  50560  -0.173147   0.404218  -0.3436818   0.0023046  -0.034852  -0.008726   0.000128   0.000126  0.0000164  0.0000120    0.000457    0.000154
1997   4  23  50561  -0.172585   0.407670  -0.3459200   0.0022061  -0.034309  -0.008812   0.000122   0.000119  0.0000114  0.0000134    0.000346    0.000118
1997   4  24  50562  -0.171856   0.411073  -0.3480768   0.0021281  -0.033714  -0.008976   0.000119   0.000116  0.0000100  0.0000142    0.000313    0.000108
1997   4  25  50563  -0.170606   0.414173  -0.3501499   0.0020577  -0.033184  -0.009178   0.000125   0.000121  0.0000101  0.0000132    0.000311    0.000107
1997   4  26  50564  -0.168819   0.417303  -0.3521515   0.0020001  -0.032893  -0.009355   0.000129   0.000123  0.0000102  0.0000131    0.000308    0.000107
1997   4  27  50565  -0.166827   0.420564  -0.3541100   0.0019604  -0.033001  -0.009458   0.000130   0.000127  0.0000104  0.0000133    0.000306    0.000106
1997   4  28  50566  -0.165340   0.423749  -0.3560655   0.0019628  -0.033430  -0.009482   0.000129   0.000126  0.0000105  0.0000117    0.000304    0.000105
1997   4  29  50567  -0.164245   0.426912  -0.3580613   0.0020024  -0.033896  -0.009459   0.000123   0.000120  0.0000106  0.0000107    0.000301    0.000104
1997   4  30  50568  -0.163434   0.429334  -0.3601352   0.0020987  -0.034136  -0.009402   0.000118   0.000117  0.0000107  0.0000108    0.000299    0.000104
1997   5   1  50569  -0.162404   0.431750  -0.3623115   0.0022160  -0.034081  -0.009255   0.000122   0.000120  0.0000120  0.0000104    0.000341    0.000122
1997   5   2  50570  -0.161087   0.434188  -0.3645977   0.0023254  -0.033916  -0.009018   0.000128   0.000127  0.0000122  0.0000088    0.000343    0.000128
1997   5   3  50571  -0.158900   0.436788  -0.3669859   0.0024396  -0.033835  -0.008751   0.000126   0.000126  0.0000118  0.0000088    0.000326    0.000126
1997   5   4  50572  -0.156575   0.439570  -0.3694516   0.0025254  -0.033919  -0.008608   0.000129   0.000124  0.0000115  0.0000110    0.000309    0.000125
1997   5   5  50573  -0.153481   0.442739  -0.3719523   0.0024979  -0.034139  -0.008702   0.000131   0.000123  0.0000112  0.0000099    0.000292    0.000124
1997   5   6  50574  -0.150637   0.446235  -0.3744323   0.0024369  -0.034417  -0.008957   0.000127   0.000120  0.0000108  0.0000099    0.000275    0.000122
1997   5   7  50575  -0.147899   0.449611  -0.3768359   0.0023219  -0.034677  -0.009135   0.000119   0.000115  0.0000112  0.0000125    0.000345    0.000133
1997   5   8  50576  -0.145333   0.452400  -0.3791226   0.0021965  -0.034847  -0.009155   0.000118   0.000114  0.0000111  0.0000131    0.000353    0.000132
1997   5   9  50577  -0.142192   0.455308  -0.3812825   0.0020937  -0.034917  -0.009077   0.000123   0.000120  0.0000108  0.0000127    0.000340    0.000128
1997   5  10  50578  -0.139241   0.458269  -0.3833348   0.0020245  -0.034973  -0.009072   0.000124   0.000123  0.0000106  0.0000126    0.000327    0.000123
1997   5  11  50579  -0.136205   0.461278  -0.3853139   0.0019679  -0.035111  -0.009236   0.000116   0.000117  0.0000103  0.0000103    0.000314    0.000119
1997   5  12  50580  -0.133681   0.464289  -0.3872542   0.0019565  -0.035293  -0.009494   0.000104   0.000108  0.0000100  0.0000087    0.000301    0.000114
1997   5  13  50581  -0.131502   0.466869  -0.3891826   0.0019456  -0.035328  -0.009691   0.000101   0.000104  0.0000097  0.0000097    0.000288    0.000110
1997   5  14  50582  -0.129561   0.469383  -0.3911173   0.0019512  -0.035068  -0.009732   0.000101   0.000103  0.0000094  0.0000091    0.000275    0.000105
1997   5  15  50583  -0.127481   0.471622  -0.3930710   0.0019668  -0.034518  -0.009614   0.000102   0.000105  0.0000067  0.0000086    0.000249    0.000097
1997   5  16  50584  -0.125095   0.473694  -0.3950524   0.0019924  -0.034158  -0.009472   0.000106   0.000108  0.0000058  0.0000090    0.000221    0.000085
1997   5  17  50585  -0.122414   0.475773  -0.3970673   0.0020229  -0.034186  -0.009361   0.000112   0.000113  0.0000058  0.0000099    0.000194    0.000073
1997   5  18  50586  -0.119460   0.477841  -0.3991168   0.0020611  -0.034550  -0.009264   0.000109   0.000108  0.0000059  0.0000096    0.000167    0.000061
1997   5  19  50587  -0.116511   0.480560  -0.4011944   0.0020847  -0.035057  -0.009144   0.000105   0.000103  0.0000059  0.0000116    0.000140    0.000048
1997   5  20  50588  -0.113697   0.483115  -0.4032853   0.0020999  -0.035512  -0.009010   0.000097   0.000096  0.0000059  0.0000127    0.000112    0.000036
1997   5  21  50589  -0.110644   0.485829  -0.4053675   0.0020717  -0.035712  -0.008927   0.000094   0.000094  0.0000080  0.0000108    0.000164    0.000072
1997   5  22  50590  -0.108190   0.488552  -0.4074182   0.0020191  -0.035783  -0.008971   0.000103   0.000100  0.0000089  0.0000117    0.000188    0.000085
1997   5  23  50591  -0.105951   0.490841  -0.4094242   0.0019856  -0.035751  -0.009113   0.000105   0.000101  0.0000093  0.0000114    0.000200    0.000090
1997   5  24  50592  -0.103635   0.492983  -0.4113922   0.0019682  -0.035731  -0.009231   0.000107   0.000104  0.0000097  0.0000097    0.000212    0.000095
1997   5  25  50593  -0.101277   0.495362  -0.4133536   0.0019974  -0.035867  -0.009219   0.000121   0.000120  0.0000101  0.0000124    0.000225    0.000100
1997   5  26  50594  -0.099112   0.497473  -0.4153581   0.0020725  -0.036181  -0.009094   0.000134   0.000133  0.0000105  0.0000157    0.000237    0.000105
1997   5  27  50595  -0.096770   0.499835  -0.4174588   0.0021639  -0.036515  -0.008985   0.000136   0.000134  0.0000109  0.0000133    0.000250    0.000109
1997   5  28  50596  -0.094165   0.501902  -0.4196937   0.0023053  -0.036628  -0.008998   0.000130   0.000128  0.0000113  0.0000114    0.000262    0.000114
1997   5  29  50597  -0.091594   0.503633  -0.4220711   0.0024434  -0.036388  -0.009109   0.000122   0.000119  0.0000115  0.0000119    0.000271    0.000118
1997   5  30  50598  -0.089458   0.505882  -0.4245631   0.0025203  -0.035942  -0.009192   0.000121   0.000117  0.0000117  0.0000122    0.000278    0.000121
1997   5  31  50599  -0.087332   0.507623  -0.4271102   0.0024993  -0.035621  -0.009165   0.000128   0.000126  0.0000119  0.0000109    0.000286    0.000124
1997   6   1  50600  -0.084875   0.509919  -0.4296336   0.0024634  -0.035702  -0.009069   0.000123   0.000122  0.0000122  0.0000084    0.000293    0.000128
1997   6   2  50601  -0.082575   0.511686  -0.4320536   0.0023445  -0.036198  -0.008995   0.000110   0.000108  0.0000124  0.0000100    0.000300    0.000131
1997   6   3  50602  -0.080141   0.513337  -0.4343075   0.0021589  -0.036849  -0.008956   0.000109   0.000108  0.0000126  0.0000116    0.000307    0.000134
1997   6   4  50603  -0.077336   0.514979  -0.4363626   0.0019463  -0.037347  -0.008850   0.000103   0.000103  0.0000089  0.0000108    0.000218    0.000101
1997   6   5  50604  -0.074855   0.516599  -0.4382196   0.0017560  -0.037431  -0.008623   0.000099   0.000101  0.0000084  0.0000108    0.000218    0.000099
1997   6   6  50605  -0.072636   0.517722  -0.4399076   0.0016057  -0.037202  -0.008308   0.000105   0.000108  0.0000090  0.0000106    0.000248    0.000109
1997   6   7  50606  -0.070501   0.518855  -0.4414714   0.0015162  -0.036902  -0.008053   0.000105   0.000109  0.0000096  0.0000108    0.000277    0.000118
1997   6   8  50607  -0.067947   0.519435  -0.4429606   0.0014642  -0.036716  -0.008005   0.000111   0.000115  0.0000102  0.0000103    0.000307    0.000128
1997   6   9  50608  -0.065371   0.519803  -0.4444204   0.0014657  -0.036707  -0.008195   0.000121   0.000126  0.0000108  0.0000102    0.000336    0.000137
1997   6  10  50609  -0.061929   0.520159  -0.4458871   0.0015058  -0.036852  -0.008537   0.000120   0.000123  0.0000114  0.0000096    0.000366    0.000147
1997   6  11  50610  -0.058041   0.521133  -0.4473847   0.0015685  -0.037102  -0.008912   0.000119   0.000119  0.0000120  0.0000094    0.000395    0.000156
1997   6  12  50611  -0.054129   0.522169  -0.4489230   0.0016070  -0.037402  -0.009248   0.000118   0.000121  0.0000118  0.0000096    0.000371    0.000146
1997   6  13  50612  -0.050405   0.523798  -0.4504974   0.0016039  -0.037695  -0.009513   0.000119   0.000122  0.0000114  0.0000078    0.000329    0.000129
1997   6  14  50613  -0.046756   0.525470  -0.4520908   0.0015869  -0.038002  -0.009675   0.000121   0.000124  0.0000109  0.0000096    0.000287    0.000113
1997   6  15  50614  -0.043321   0.527038  -0.4536772   0.0015502  -0.038382  -0.009671   0.000120   0.000123  0.0000105  0.0000107    0.000244    0.000096
1997   6  16  50615  -0.039729   0.528062  -0.4552246   0.0014798  -0.038809  -0.009439   0.000116   0.000119  0.0000101  0.0000083    0.000202    0.000079
1997   6  17  50616  -0.036096   0.528745  -0.4566973   0.0013894  -0.039117  -0.009011   0.000114   0.000116  0.0000096  0.0000082    0.000160    0.000062
1997   6  18  50617  -0.032369   0.529689  -0.4580611   0.0012579  -0.039040  -0.008523   0.000108   0.000110  0.0000092  0.0000088    0.000231    0.000089
1997   6  19  50618  -0.028862   0.530344  -0.4592932   0.0011450  -0.038751  -0.008255   0.000110   0.000112  0.0000093  0.0000100    0.000258    0.000102
1997   6  20  50619  -0.024908   0.531384  -0.4603955   0.0010392  -0.038415  -0.008290   0.000119   0.000120  0.0000096  0.0000115    0.000268    0.000108
1997   6  21  50620  -0.021216   0.531954  -0.4614026   0.0009675  -0.038233  -0.008487   0.000117   0.000115  0.0000099  0.0000114    0.000277    0.000115
1997   6  22  50621  -0.017109   0.532640  -0.4623778   0.0009934  -0.038308  -0.008599   0.000115   0.000111  0.0000102  0.0000095    0.000286    0.000122
1997   6  23  50622  -0.012902   0.533124  -0.4633940   0.0011132  -0.038618  -0.008491   0.000117   0.000112  0.0000105  0.0000089    0.000295    0.000128
1997   6  24  50623  -0.008664   0.533452  -0.4645080   0.0012149  -0.039070  -0.008254   0.000117   0.000111  0.0000108  0.0000100    0.000304    0.000135
1997   6  25  50624  -0.004888   0.533917  -0.4657407   0.0013032  -0.039515  -0.008087   0.000114   0.000107  0.0000112  0.0000098    0.000314    0.000142
1997   6  26  50625  -0.001215   0.534608  -0.4670709   0.0013698  -0.039761  -0.008078   0.000114   0.000111  0.0000112  0.0000094    0.000313    0.000142
1997   6  27  50626   0.002592   0.534977  -0.4684446   0.0013651  -0.039723  -0.008155   0.000118   0.000114  0.0000112  0.0000103    0.000310    0.000139
1997   6  28  50627   0.006339   0.535385  -0.4697921   0.0013108  -0.039538  -0.008208   0.000117   0.000112  0.0000112  0.0000110    0.000306    0.000137
1997   6  29  50628   0.010642   0.535343  -0.4710455   0.0011712  -0.039514  -0.008222   0.000121   0.000117  0.0000112  0.0000093    0.000302    0.000135
1997   6  30  50629   0.014932   0.535816  -0.4721535   0.0010050  -0.039877  -0.008266   0.000124   0.000122  0.0000112  0.0000085    0.000299    0.000132
1997   7   1  50630   0.019340   0.536433   0.5269097   0.0008630  -0.040543  -0.008397   0.000129   0.000128  0.0000112  0.0000092    0.000295    0.000130
1997   7   2  50631   0.023456   0.537042   0.5261387   0.0007066  -0.041170  -0.008596   0.000127   0.000130  0.0000112  0.0000085    0.000291    0.000128
1997   7   3  50632   0.027864   0.537116   0.5254994   0.0005831  -0.041451  -0.008790   0.000120   0.000127  0.0000111  0.0000093    0.000292    0.000128
1997   7   4  50633   0.031305   0.537062   0.5249386   0.0005168  -0.041382  -0.008914   0.000125   0.000128  0.0000109  0.0000112    0.000293    0.000130
1997   7   5  50634   0.035298   0.536740   0.5243985   0.0005230  -0.041177  -0.008943   0.000129   0.000131  0.0000107  0.0000108    0.000295    0.000132
1997   7   6  50635   0.038844   0.536304   0.5238302   0.0005919  -0.041050  -0.008893   0.000125   0.000130  0.0000105  0.0000110    0.000297    0.000133
1997   7   7  50636   0.042671   0.535549   0.5232008   0.0006941  -0.041106  -0.008806   0.000121   0.000124  0.0000104  0.0000126    0.000299    0.000135
1997   7   8  50637   0.046555   0.534975   0.5224910   0.0008101  -0.041374  -0.008738   0.000118   0.000121  0.0000102  0.0000142    0.000301    0.000136
1997   7   9  50638   0.050967   0.534609   0.5216906   0.0008801  -0.041796  -0.008728   0.000112   0.000118  0.0000100  0.0000135    0.000302    0.000138
1997   7  10  50639   0.054916   0.534157   0.5207943   0.0009250  -0.042296  -0.008798   0.000110   0.000116  0.0000104  0.0000135    0.000381    0.000148
1997   7  11  50640   0.058452   0.533941   0.5198047   0.0010008  -0.042386  -0.008875   0.000111   0.000114  0.0000109  0.0000137    0.000396    0.000153
1997   7  12  50641   0.061655   0.533144   0.5187396   0.0010663  -0.042160  -0.008927   0.000115   0.000117  0.0000113  0.0000141    0.000376    0.000153
1997   7  13  50642   0.065424   0.532520   0.5176326   0.0011008  -0.042065  -0.008929   0.000112   0.000115  0.0000117  0.0000108    0.000357    0.000154
1997   7  14  50643   0.068916   0.531562   0.5165230   0.0011179  -0.042463  -0.008837   0.000108   0.000108  0.0000121  0.0000096    0.000338    0.000155
1997   7  15  50644   0.072706   0.530815   0.5154397   0.0011037  -0.043265  -0.008617   0.000112   0.000111  0.0000125  0.0000121    0.000318    0.000155
1997   7  16  50645   0.075911   0.529931   0.5143876   0.0010375  -0.044217  -0.008339   0.000109   0.000108  0.0000102  0.0000113    0.000268    0.000113
1997   7  17  50646   0.078949   0.529463   0.5133416   0.0010255  -0.044562  -0.008091   0.000105   0.000103  0.0000099  0.0000114    0.000270    0.000585
1997   7  18  50647   0.081623   0.528779   0.5122573   0.0011073  -0.044441  -0.008042   0.000112   0.000110  0.0000101  0.0000115    0.000291    0.001077
1997   7  19  50648   0.084611   0.527946   0.5110819   0.0012181  -0.044171  -0.008187   0.000115   0.000113  0.0000104  0.0000147    0.000312    0.000902
1997   7  20  50649   0.087850   0.526884   0.5097669   0.0014014  -0.043933  -0.008309   0.000115   0.000109  0.0000106  0.0000153    0.000333    0.000728
1997   7  21  50650   0.091954   0.525766   0.5082793   0.0016225  -0.043810  -0.008230   0.000115   0.000111  0.0000108  0.0000131    0.000353    0.000554
1997   7  22  50651   0.095709   0.524605   0.5066097   0.0017907  -0.043916  -0.008018   0.000116   0.000115  0.0000111  0.0000092    0.000374    0.000379
1997   7  23  50652   0.099167   0.523566   0.5047751   0.0019132  -0.044346  -0.007905   0.000120   0.000117  0.0000113  0.0000103    0.000395    0.000205
1997   7  24  50653   0.102242   0.522464   0.5028174   0.0020018  -0.045101  -0.008060   0.000119   0.000116  0.0000103  0.0000118    0.002114    0.000224
1997   7  25  50654   0.105473   0.521698   0.5007990   0.0020098  -0.045844  -0.008232   0.000106   0.000105  0.0000076  0.0000126    0.000925    0.000108
1997   7  26  50655   0.108113   0.521090   0.4988088   0.0019122  -0.046177  -0.008407   0.000107   0.000103  0.0000070  0.0000172    0.000126    0.000051
1997   7  27  50656   0.110371   0.519959   0.4969340   0.0017756  -0.046070  -0.008560   0.000113   0.000108  0.0000076  0.0000177    0.000156    0.000061
1997   7  28  50657   0.112668   0.518779   0.4952287   0.0016205  -0.045788  -0.008681   0.000106   0.000102  0.0000081  0.0000154    0.000186    0.000070
1997   7  29  50658   0.114958   0.517244   0.4937041   0.0014592  -0.045654  -0.008763   0.000105   0.000101  0.0000087  0.0000127    0.000217    0.000080
1997   7  30  50659   0.117711   0.515757   0.4923325   0.0013300  -0.045793  -0.008782   0.000104   0.000101  0.0000093  0.0000151    0.000247    0.000090
1997   7  31  50660   0.120360   0.514741   0.4910629   0.0012496  -0.046117  -0.008739   0.000105   0.000101  0.0000094  0.0000168    0.000267    0.000097
1997   8   1  50661   0.123449   0.513549   0.4898395   0.0012349  -0.046390  -0.008676   0.000104   0.000099  0.0000094  0.0000161    0.000284    0.000104
1997   8   2  50662   0.126385   0.512213   0.4886163   0.0012620  -0.046491  -0.008599   0.000103   0.000100  0.0000094  0.0000167    0.000300    0.000110
1997   8   3  50663   0.129681   0.510929   0.4873630   0.0012637  -0.046412  -0.008477   0.000120   0.000123  0.0000094  0.0000171    0.000317    0.000117
1997   8   4  50664   0.132427   0.509500   0.4860646   0.0012864  -0.046189  -0.008317   0.000138   0.000145  0.0000094  0.0000140    0.000334    0.000124
1997   8   5  50665   0.135259   0.507979   0.4847168   0.0013547  -0.045920  -0.008212   0.000136   0.000140  0.0000094  0.0000128    0.000350    0.000130
1997   8   6  50666   0.137878   0.506602   0.4833214   0.0014146  -0.045531  -0.008311   0.000127   0.000131  0.0000094  0.0000132    0.000266    0.000119
1997   8   7  50667   0.140163   0.505456   0.4818846   0.0014477  -0.045423  -0.008530   0.000125   0.000132  0.0000096  0.0000110    0.000250    0.000115
1997   8   8  50668   0.142402   0.503814   0.4804201   0.0014637  -0.045424  -0.008765   0.000131   0.000139  0.0000099  0.0000081    0.000262    0.000116
1997   8   9  50669   0.144681   0.502297   0.4789498   0.0014749  -0.045451  -0.008914   0.000131   0.000138  0.0000102  0.0000075    0.000275    0.000117
1997   8  10  50670   0.147036   0.500393   0.4775020   0.0014478  -0.045701  -0.008959   0.000121   0.000126  0.0000105  0.0000106    0.000288    0.000118
1997   8  11  50671   0.149140   0.498469   0.4761047   0.0013367  -0.046363  -0.008939   0.000114   0.000117  0.0000108  0.0000124    0.000301    0.000119
1997   8  12  50672   0.151293   0.496316   0.4747792   0.0012673  -0.047255  -0.008861   0.000112   0.000114  0.0000111  0.0000117    0.000313    0.000120
1997   8  13  50673   0.153598   0.494199   0.4735326   0.0012132  -0.047660  -0.008737   0.000112   0.000114  0.0000097  0.0000118    0.000263    0.000097
1997   8  14  50674   0.155647   0.492201   0.4723521   0.0011805  -0.047828  -0.008562   0.000112   0.000116  0.0000094  0.0000108    0.000254    0.000094
1997   8  15  50675   0.157814   0.489971   0.4711995   0.0011873  -0.047904  -0.008500   0.000113   0.000116  0.0000096  0.0000121    0.000260    0.000098
1997   8  16  50676   0.159563   0.487993   0.4700122   0.0012675  -0.048171  -0.008633   0.000115   0.000116  0.0000098  0.0000176    0.000265    0.000102
1997   8  17  50677   0.161388   0.485869   0.4687151   0.0013937  -0.048602  -0.008816   0.000120   0.000115  0.0000100  0.0000130    0.000271    0.000105
1997   8  18  50678   0.163139   0.484060   0.4672437   0.0015764  -0.048874  -0.008830   0.000123   0.000116  0.0000102  0.0000100    0.000276    0.000109
1997   8  19  50679   0.165121   0.481673   0.4655729   0.0017180  -0.048766  -0.008659   0.000121   0.000120  0.0000103  0.0000158    0.000282    0.000113
1997   8  20  50680   0.167062   0.479566   0.4637360   0.0018368  -0.048375  -0.008476   0.000114   0.000116  0.0000105  0.0000180    0.000287    0.000116
1997   8  21  50681   0.169180   0.477147   0.4618200   0.0019157  -0.047749  -0.008391   0.000114   0.000116  0.0000086  0.0000114    0.000469    0.000173
1997   8  22  50682   0.171474   0.474828   0.4599358   0.0018568  -0.047758  -0.008275   0.000120   0.000122  0.0000083  0.0000084    0.000480    0.000172
1997   8  23  50683   0.174252   0.472410   0.4581735   0.0017074  -0.048320  -0.008083   0.000125   0.000126  0.0000090  0.0000134    0.000405    0.000143
1997   8  24  50684   0.177101   0.470443   0.4565714   0.0015156  -0.048934  -0.007954   0.000123   0.000126  0.0000096  0.0000138    0.000330    0.000114
1997   8  25  50685   0.179752   0.468270   0.4551139   0.0013896  -0.049172  -0.008041   0.000116   0.000121  0.0000102  0.0000143    0.000256    0.000085
1997   8  26  50686   0.181905   0.466936   0.4537531   0.0013090  -0.048934  -0.008326   0.000111   0.000119  0.0000108  0.0000130    0.000181    0.000056
1997   8  27  50687   0.183840   0.465205   0.4524377   0.0012868  -0.048223  -0.008667   0.000103   0.000113  0.0000114  0.0000152    0.000276    0.000096
1997   8  28  50688   0.186067   0.463730   0.4511305   0.0013267  -0.047301  -0.009019   0.000103   0.000113  0.0000114  0.0000193    0.000300    0.000108
1997   8  29  50689   0.188347   0.461845   0.4498106   0.0013057  -0.046159  -0.009363   0.000112   0.000118  0.0000111  0.0000169    0.000295    0.000109
1997   8  30  50690   0.190448   0.459950   0.4484645   0.0013437  -0.044947  -0.009641   0.000112   0.000115  0.0000109  0.0000151    0.000290    0.000110
1997   8  31  50691   0.192603   0.458019   0.4470785   0.0013676  -0.044071  -0.009705   0.000110   0.000115  0.0000107  0.0000118    0.000285    0.000110
1997   9   1  50692   0.194945   0.456263   0.4456381   0.0014774  -0.043968  -0.009441   0.000109   0.000113  0.0000104  0.0000127    0.000280    0.000111
1997   9   2  50693   0.197590   0.454656   0.4441338   0.0015618  -0.044814  -0.008924   0.000108   0.000111  0.0000102  0.0000146    0.000275    0.000112
1997   9   3  50694   0.200235   0.452752   0.4425670   0.0016277  -0.046385  -0.008391   0.000110   0.000110  0.0000100  0.0000148    0.000270    0.000113
1997   9   4  50695   0.203059   0.450912   0.4409535   0.0016325  -0.048441  -0.007951   0.000114   0.000111  0.0000136  0.0000137    0.000442    0.000201
1997   9   5  50696   0.204955   0.448951   0.4393222   0.0016081  -0.049628  -0.007847   0.000114   0.000110  0.0000139  0.0000146    0.000441    0.000205
1997   9   6  50697   0.206395   0.446467   0.4377102   0.0015829  -0.049723  -0.007954   0.000112   0.000106  0.0000126  0.0000161    0.000352    0.000166
1997   9   7  50698   0.208043   0.443882   0.4361530   0.0015296  -0.049132  -0.008140   0.000117   0.000111  0.0000112  0.0000141    0.000264    0.000127
1997   9   8  50699   0.209552   0.441099   0.4346725   0.0014525  -0.048481  -0.008360   0.000115   0.000116  0.0000098  0.0000137    0.000176    0.000088
1997   9   9  50700   0.211343   0.438611   0.4332684   0.0014027  -0.048197  -0.008547   0.000107   0.000109  0.0000084  0.0000165    0.000088    0.000049
1997   9  10  50701   0.212854   0.436217   0.4319145   0.0013679  -0.048485  -0.008484   0.000106   0.000107  0.0000090  0.0000166    0.000217    0.000080
1997   9  11  50702   0.214019   0.433372   0.4305614   0.0013873  -0.048653  -0.008386   0.000128   0.000125  0.0000112  0.0000122    0.000271    0.000096
1997   9  12  50703   0.215529   0.430713   0.4291456   0.0015171  -0.048723  -0.008339   0.000132   0.000126  0.0000140  0.0000131    0.000294    0.000105
1997   9  13  50704   0.217055   0.428351   0.4275980   0.0016421  -0.048890  -0.008432   0.000121   0.000115  0.0000167  0.0000132    0.000316    0.000113
1997   9  14  50705   0.217814   0.426483   0.4258564   0.0018153  -0.049124  -0.008590   0.000123   0.000116  0.0000194  0.0000104    0.000339    0.000122
1997   9  15  50706   0.218017   0.424553   0.4238830   0.0020331  -0.049171  -0.008605   0.000118   0.000115  0.0000222  0.0000084    0.000362    0.000130
1997   9  16  50707   0.218023   0.421875   0.4216830   0.0022845  -0.048830  -0.008412   0.000113   0.000112  0.0000249  0.0000084    0.000384    0.000138
1997   9  17  50708   0.218090   0.419101   0.4193133   0.0024114  -0.048092  -0.008097   0.000111   0.000109  0.0000195  0.0000124    0.000394    0.000148
1997   9  18  50709   0.218458   0.416716   0.4168726   0.0024452  -0.047392  -0.007829   0.000117   0.000111  0.0000171  0.0000181    0.000382    0.000145
1997   9  19  50710   0.219221   0.414234   0.4144728   0.0023686  -0.047087  -0.007506   0.000123   0.000114  0.0000159  0.0000184    0.000362    0.000138
1997   9  20  50711   0.219878   0.411881   0.4122043   0.0021797  -0.047313  -0.007095   0.000123   0.000115  0.0000146  0.0000161    0.000342    0.000132
1997   9  21  50712   0.220594   0.409494   0.4101113   0.0020007  -0.047776  -0.006827   0.000124   0.000115  0.0000134  0.0000144    0.000322    0.000125
1997   9  22  50713   0.221248   0.406904   0.4081870   0.0018665  -0.048020  -0.006971   0.000118   0.000109  0.0000121  0.0000156    0.000302    0.000118
1997   9  23  50714   0.221591   0.404334   0.4063863   0.0017711  -0.047968  -0.007496   0.000111   0.000102  0.0000109  0.0000131    0.000282    0.000112
1997   9  24  50715   0.221756   0.401145   0.4046470   0.0017222  -0.047950  -0.008103   0.000109   0.000103  0.0000096  0.0000078    0.000262    0.000105
1997   9  25  50716   0.221341   0.398095   0.4029093   0.0017322  -0.048161  -0.008523   0.000116   0.000114  0.0000099  0.0000078    0.000267    0.000107
1997   9  26  50717   0.221066   0.394635   0.4011294   0.0018206  -0.048390  -0.008708   0.000121   0.000116  0.0000106  0.0000129    0.000280    0.000111
1997   9  27  50718   0.221164   0.391480   0.3992853   0.0018792  -0.048318  -0.008727   0.000120   0.000109  0.0000114  0.0000186    0.000293    0.000116
1997   9  28  50719   0.221066   0.388147   0.3973749   0.0019254  -0.047917  -0.008611   0.000117   0.000107  0.0000122  0.0000168    0.000305    0.000121
1997   9  29  50720   0.221097   0.385334   0.3954091   0.0019716  -0.047420  -0.008347   0.000115   0.000106  0.0000129  0.0000148    0.000318    0.000125
1997   9  30  50721   0.221243   0.382258   0.3934029   0.0020208  -0.047041  -0.007989   0.000116   0.000105  0.0000137  0.0000151    0.000331    0.000130
1997  10   1  50722   0.221189   0.379640   0.3913707   0.0020488  -0.046830  -0.007681   0.000116   0.000107  0.0000145  0.0000162    0.000344    0.000135
1997  10   2  50723   0.221599   0.376432   0.3893270   0.0020924  -0.046750  -0.007542   0.000116   0.000106  0.0000150  0.0000111    0.000338    0.000135
1997  10   3  50724   0.221865   0.373521   0.3872900   0.0020552  -0.046733  -0.007549   0.000113   0.000105  0.0000155  0.0000087    0.000327    0.000133
1997  10   4  50725   0.221857   0.370157   0.3852812   0.0019698  -0.046721  -0.007585   0.000114   0.000104  0.0000160  0.0000115    0.000315    0.000131
1997  10   5  50726   0.222227   0.367288   0.3833192   0.0019030  -0.046712  -0.007579   0.000117   0.000107  0.0000165  0.0000129    0.000303    0.000129
1997  10   6  50727   0.222295   0.364715   0.3814106   0.0018515  -0.046779  -0.007556   0.000116   0.000110  0.0000170  0.0000121    0.000292    0.000127
1997  10   7  50728   0.222791   0.362235   0.3795439   0.0018320  -0.046974  -0.007550   0.000113   0.000107  0.0000174  0.0000098    0.000280    0.000125
1997  10   8  50729   0.222699   0.359794   0.3776901   0.0018513  -0.047173  -0.007538   0.000112   0.000105  0.0000131  0.0000123    0.000308    0.000124
1997  10   9  50730   0.222750   0.357422   0.3758079   0.0019155  -0.047206  -0.007475   0.000115   0.000107  0.0000116  0.0000131    0.000320    0.000126
1997  10  10  50731   0.222314   0.355300   0.3738511   0.0020011  -0.047019  -0.007372   0.000116   0.000111  0.0000114  0.0000115    0.000324    0.000128
1997  10  11  50732   0.222434   0.352667   0.3717751   0.0021460  -0.046772  -0.007274   0.000117   0.000113  0.0000111  0.0000110    0.000328    0.000130
1997  10  12  50733   0.223054   0.349963   0.3695471   0.0023027  -0.046649  -0.007162   0.000119   0.000113  0.0000109  0.0000112    0.000332    0.000132
1997  10  13  50734   0.224073   0.347273   0.3671575   0.0024692  -0.046683  -0.006971   0.000118   0.000112  0.0000106  0.0000116    0.000336    0.000134
1997  10  14  50735   0.224584   0.344836   0.3646307   0.0025606  -0.046778  -0.006745   0.000115   0.000112  0.0000104  0.0000107    0.000340    0.000136
1997  10  15  50736   0.225122   0.342080   0.3620275   0.0025887  -0.046827  -0.006644   0.000112   0.000110  0.0000101  0.0000100    0.000344    0.000138
1997  10  16  50737   0.225533   0.339439   0.3594317   0.0025556  -0.046822  -0.006715   0.000115   0.000111  0.0000106  0.0000099    0.000332    0.000140
1997  10  17  50738   0.225813   0.336835   0.3569275   0.0024503  -0.046880  -0.006768   0.000119   0.000112  0.0000113  0.0000090    0.000314    0.000141
1997  10  18  50739   0.225762   0.333759   0.3545757   0.0022688  -0.047096  -0.006615   0.000117   0.000113  0.0000119  0.0000097    0.000296    0.000141
1997  10  19  50740   0.226092   0.330701   0.3524003   0.0020821  -0.047293  -0.006367   0.000114   0.000117  0.0000126  0.0000108    0.000278    0.000142
1997  10  20  50741   0.226633   0.327608   0.3503898   0.0019445  -0.047118  -0.006334   0.000115   0.000116  0.0000133  0.0000117    0.000261    0.000143
1997  10  21  50742   0.227635   0.324920   0.3485088   0.0018422  -0.046490  -0.006655   0.000112   0.000109  0.0000139  0.0000121    0.000243    0.000144
1997  10  22  50743   0.228165   0.322509   0.3467104   0.0017720  -0.045702  -0.007140   0.000106   0.000108  0.0000099  0.0000125    0.000221    0.000100
1997  10  23  50744   0.228171   0.319985   0.3449475   0.0017467  -0.045283  -0.007508   0.000109   0.000112  0.0000088  0.0000107    0.000208    0.000083
1997  10  24  50745   0.227665   0.317489   0.3431791   0.0017788  -0.045201  -0.007623   0.000112   0.000115  0.0000091  0.0000084    0.000198    0.000078
1997  10  25  50746   0.227157   0.314739   0.3413754   0.0018396  -0.045172  -0.007537   0.000115   0.000114  0.0000093  0.0000088    0.000189    0.000073
1997  10  26  50747   0.226314   0.311786   0.3395191   0.0018992  -0.045063  -0.007351   0.000117   0.000114  0.0000096  0.0000092    0.000179    0.000068
1997  10  27  50748   0.225499   0.308568   0.3376040   0.0019664  -0.044943  -0.007101   0.000118   0.000115  0.0000098  0.0000088    0.000169    0.000063
1997  10  28  50749   0.224390   0.305595   0.3356319   0.0020148  -0.044882  -0.006786   0.000114   0.000112  0.0000101  0.0000072    0.000159    0.000058
1997  10  29  50750   0.222730   0.302421   0.3336080   0.0020479  -0.044706  -0.006431   0.000110   0.000110  0.0000103  0.0000091    0.000257    0.000101
1997  10  30  50751   0.220970   0.299050   0.3315410   0.0020801  -0.044756  -0.006113   0.000110   0.000108  0.0000073  0.0000129    0.000325    0.000131
1997  10  31  50752   0.219347   0.295714   0.3294447   0.0021167  -0.044922  -0.005899   0.000111   0.000108  0.0000064  0.0000123    0.000570    0.000265
1997  11   1  50753   0.218072   0.292445   0.3273393   0.0021343  -0.045142  -0.005810   0.000114   0.000112  0.0000067  0.0000120    0.000887    0.000440
1997  11   2  50754   0.217591   0.289402   0.3252457   0.0020875  -0.045274  -0.005839   0.000119   0.000119  0.0000070  0.0000102    0.001203    0.000616
1997  11   3  50755   0.217324   0.287293   0.3231740   0.0020597  -0.045173  -0.005963   0.000124   0.000126  0.0000073  0.0000081    0.001519    0.000791
1997  11   4  50756   0.216493   0.285170   0.3211142   0.0020536  -0.044854  -0.006148   0.000122   0.000125  0.0000076  0.0000074    0.001451    0.000759
1997  11   5  50757   0.215898   0.282809   0.3190349   0.0020705  -0.044445  -0.006344   0.000117   0.000120  0.0000079  0.0000098    0.000452    0.000223
1997  11   6  50758   0.215319   0.280457   0.3168931   0.0021648  -0.044090  -0.006497   0.000121   0.000123  0.0000081  0.0000147    0.000213    0.000093
1997  11   7  50759   0.214802   0.278158   0.3146479   0.0022973  -0.043723  -0.006583   0.000130   0.000131  0.0000084  0.0000128    0.000228    0.000098
1997  11   8  50760   0.213896   0.275966   0.3122734   0.0024195  -0.043316  -0.006566   0.000121   0.000124  0.0000086  0.0000078    0.000244    0.000103
1997  11   9  50761   0.213405   0.273564   0.3097675   0.0025404  -0.042994  -0.006385   0.000117   0.000118  0.0000089  0.0000083    0.000260    0.000108
1997  11  10  50762   0.212551   0.271242   0.3071571   0.0026659  -0.042943  -0.006021   0.000122   0.000123  0.0000091  0.0000096    0.000275    0.000113
1997  11  11  50763   0.211738   0.268904   0.3044993   0.0026962  -0.043242  -0.005590   0.000125   0.000127  0.0000094  0.0000110    0.000291    0.000118
1997  11  12  50764   0.210246   0.266338   0.3018742   0.0026125  -0.043769  -0.005320   0.000125   0.000128  0.0000096  0.0000128    0.000307    0.000123
1997  11  13  50765   0.208767   0.263616   0.2993692   0.0024378  -0.044341  -0.005311   0.000125   0.000126  0.0000092  0.0000138    0.000397    0.000121
1997  11  14  50766   0.206995   0.261374   0.2970559   0.0021955  -0.044676  -0.005475   0.000126   0.000126  0.0000086  0.0000160    0.000402    0.000112
1997  11  15  50767   0.205494   0.259115   0.2949694   0.0019513  -0.044745  -0.005556   0.000130   0.000127  0.0000079  0.0000168    0.000351    0.000101
1997  11  16  50768   0.203839   0.257088   0.2930983   0.0017576  -0.044587  -0.005461   0.000132   0.000127  0.0000073  0.0000160    0.000301    0.000089
1997  11  17  50769   0.202622   0.254693   0.2913929   0.0016514  -0.044185  -0.005357   0.000129   0.000120  0.0000066  0.0000124    0.000250    0.000078
1997  11  18  50770   0.201672   0.252627   0.2897853   0.0015871  -0.043598  -0.005433   0.000120   0.000114  0.0000060  0.0000110    0.000199    0.000067
1997  11  19  50771   0.200817   0.250249   0.2882134   0.0015729  -0.042937  -0.005640   0.000112   0.000110  0.0000075  0.0000105    0.000215    0.000092
1997  11  20  50772   0.199279   0.248111   0.2866372   0.0015985  -0.042689  -0.005821   0.000118   0.000115  0.0000079  0.0000096    0.000225    0.000104
1997  11  21  50773   0.197455   0.245593   0.2850403   0.0015850  -0.042667  -0.005810   0.000125   0.000124  0.0000078  0.0000113    0.000231    0.000112
1997  11  22  50774   0.195661   0.242726   0.2834230   0.0016019  -0.042429  -0.005629   0.000130   0.000128  0.0000077  0.0000143    0.000246    0.000111
1997  11  23  50775   0.194078   0.239804   0.2817911   0.0016349  -0.042120  -0.005419   0.000135   0.000131  0.0000076  0.0000146    0.000261    0.000110
1997  11  24  50776   0.192271   0.236980   0.2801511   0.0016702  -0.041904  -0.005294   0.000129   0.000125  0.0000075  0.0000129    0.000276    0.000108
1997  11  25  50777   0.190302   0.234280   0.2785106   0.0016532  -0.041903  -0.005251   0.000122   0.000116  0.0000074  0.0000122    0.000291    0.000107
1997  11  26  50778   0.188377   0.232060   0.2768808   0.0016086  -0.042260  -0.005215   0.000124   0.000117  0.0000080  0.0000125    0.000160    0.000059
1997  11  27  50779   0.186249   0.230173   0.2752773   0.0015454  -0.042618  -0.005126   0.000127   0.000124  0.0000085  0.0000138    0.000148    0.000057
1997  11  28  50780   0.183518   0.228571   0.2737164   0.0015002  -0.042976  -0.005022   0.000134   0.000139  0.0000091  0.0000115    0.000176    0.000071
1997  11  29  50781   0.180993   0.226602   0.2722107   0.0014525  -0.043297  -0.004987   0.000140   0.000146  0.0000096  0.0000123    0.000204    0.000085
1997  11  30  50782   0.178392   0.225179   0.2707646   0.0014095  -0.043420  -0.005057   0.000145   0.000149  0.0000101  0.0000140    0.000233    0.000098
1997  12   1  50783   0.175764   0.223419   0.2693715   0.0013851  -0.043197  -0.005170   0.000145   0.000152  0.0000107  0.0000106    0.000261    0.000112
1997  12   2  50784   0.173408   0.221392   0.2680103   0.0013922  -0.042678  -0.005204   0.000136   0.000140  0.0000112  0.0000104    0.000289    0.000126
1997  12   3  50785   0.171865   0.219163   0.2666420   0.0014331  -0.042107  -0.005090   0.000137   0.000136  0.0000118  0.0000109    0.000318    0.000140
1997  12   4  50786   0.170329   0.217143   0.2652098   0.0015102  -0.041698  -0.004882   0.000132   0.000137  0.0000117  0.0000110    0.000337    0.000132
1997  12   5  50787   0.168637   0.215667   0.2636467   0.0016396  -0.041457  -0.004693   0.000132   0.000133  0.0000113  0.0000102    0.000352    0.000117
1997  12   6  50788   0.166328   0.213955   0.2618945   0.0018293  -0.041259  -0.004581   0.000138   0.000139  0.0000110  0.0000096    0.000368    0.000101
1997  12   7  50789   0.163801   0.212229   0.2599281   0.0020473  -0.041071  -0.004500   0.000140   0.000144  0.0000107  0.0000107    0.000383    0.000085
1997  12   8  50790   0.161484   0.210355   0.2577759   0.0022250  -0.041028  -0.004370   0.000143   0.000145  0.0000103  0.0000104    0.000399    0.000070
1997  12   9  50791   0.158993   0.208501   0.2555182   0.0022881  -0.041301  -0.004215   0.000144   0.000145  0.0000100  0.0000103    0.000414    0.000054
1997  12  10  50792   0.156853   0.206715   0.2532609   0.0022288  -0.041857  -0.004107   0.000146   0.000146  0.0000097  0.0000103    0.000322    0.000112
1997  12  11  50793   0.155310   0.205117   0.2510961   0.0021085  -0.042593  -0.004290   0.000144   0.000143  0.0000082  0.0000098    0.000318    0.000124
1997  12  12  50794   0.153794   0.203631   0.2490738   0.0019685  -0.043005  -0.004589   0.000141   0.000139  0.0000076  0.0000107    0.000317    0.000120
1997  12  13  50795   0.152239   0.202272   0.2472055   0.0018030  -0.042969  -0.004770   0.000141   0.000137  0.0000076  0.0000119    0.000305    0.000117
1997  12  14  50796   0.149623   0.200836   0.2454799   0.0016447  -0.042622  -0.004710   0.000137   0.000134  0.0000076  0.0000109    0.000292    0.000113
1997  12  15  50797   0.146675   0.198359   0.2438737   0.0015303  -0.042188  -0.004497   0.000131   0.000130  0.0000077  0.0000093    0.000280    0.000110
1997  12  16  50798   0.143857   0.195980   0.2423540   0.0014917  -0.041845  -0.004347   0.000131   0.000128  0.0000077  0.0000088    0.000268    0.000106
1997  12  17  50799   0.140927   0.193878   0.2408769   0.0014829  -0.041666  -0.004392   0.000128   0.000125  0.0000095  0.0000091    0.000267    0.000104
1997  12  18  50800   0.138675   0.192033   0.2393924   0.0015079  -0.041652  -0.004574   0.000099   0.000100  0.0000053  0.0000096    0.000115    0.000049
1997  12  19  50801   0.137138   0.191133   0.2378677   0.0015456  -0.041427  -0.004788   0.000107   0.000109  0.0000040  0.0000100    0.000059    0.000028
1997  12  20  50802   0.135116   0.190456   0.2362881   0.0015972  -0.041050  -0.004916   0.000139   0.000137  0.0000052  0.0000097    0.000077    0.000033
1997  12  21  50803   0.132227   0.189541   0.2346504   0.0016515  -0.040747  -0.004938   0.000130   0.000130  0.0000064  0.0000090    0.000095    0.000037
1997  12  22  50804   0.129360   0.188072   0.2329643   0.0017059  -0.040665  -0.004884   0.000120   0.000120  0.0000076  0.0000093    0.000114    0.000042
1997  12  23  50805   0.126817   0.186715   0.2312522   0.0017340  -0.040864  -0.004743   0.000114   0.000115  0.0000088  0.0000085    0.000132    0.000046
1997  12  24  50806   0.123518   0.185008   0.2295475   0.0016705  -0.041574  -0.004390   0.000110   0.000110  0.0000100  0.0000070    0.000267    0.000107
1997  12  25  50807   0.120630   0.183026   0.2278885   0.0016101  -0.042113  -0.003943   0.000117   0.000116  0.0000098  0.0000085    0.000280    0.000114
1997  12  26  50808   0.117941   0.181651   0.2263086   0.0015241  -0.042479  -0.003488   0.000122   0.000122  0.0000094  0.0000099    0.000267    0.000109
1997  12  27  50809   0.115329   0.180006   0.2248283   0.0014015  -0.042619  -0.003228   0.000118   0.000119  0.0000089  0.0000096    0.000253    0.000104
1997  12  28  50810   0.112880   0.178568   0.2234478   0.0013069  -0.042491  -0.003323   0.000109   0.000113  0.0000084  0.0000091    0.000239    0.000099
1997  12  29  50811   0.110100   0.177271   0.2221439   0.0012814  -0.042121  -0.003737   0.000101   0.000105  0.0000080  0.0000073    0.000226    0.000093
1997  12  30  50812   0.107157   0.176409   0.2208688   0.0013120  -0.041619  -0.004229   0.000108   0.000112  0.0000075  0.0000090    0.000212    0.000088
1997  12  31  50813   0.104551   0.175564   0.2195561   0.0013811  -0.041153  -0.004531   0.000106   0.000112  0.0000071  0.0000121    0.000199    0.000083
