

                   INTERNATIONAL EARTH ROTATION AND REFERENCE SYSTEMS SERVICE
                        EARTH ORIENTATION PARAMETERS
                          EOP (IERS) 08 C04

  
             FORMAT(3(I4),I7,2(F11.6),2(F12.7),2(F11.6),2(F11.6),2(F11.7),2F12.6)
**********************************************************************************
  
      Date      MJD      x          y        UT1-UTC       LOD         dPsi      dEps       x Err     y Err   UT1-UTC Err  LOD Err    dPsi Err   dEpsilon Err
                         "          "           s           s            "         "        "          "          s           s            "         "
     (0h UTC)

1978   1   1  43509   0.000400   0.025300   0.6492998   0.0032780   0.023682   0.000004   0.015000   0.015000  0.0019000  0.0007000    0.005000    0.002000
1978   1   2  43510  -0.003400   0.025600   0.6459906   0.0033130   0.023621   0.000183   0.015000   0.015000  0.0019000  0.0007000    0.005000    0.002000
1978   1   3  43511  -0.007100   0.025900   0.6426775   0.0033170   0.023364   0.000283   0.015000   0.015000  0.0019000  0.0007000    0.005000    0.002000
1978   1   4  43512  -0.010799   0.026401   0.6393814   0.0032710   0.023100   0.000361   0.015000   0.015000  0.0019000  0.0007000    0.005000    0.002000
1978   1   5  43513  -0.014499   0.026901   0.6361472   0.0032010   0.022938   0.000413   0.015000   0.015000  0.0019000  0.0007000    0.005000    0.002000
1978   1   6  43514  -0.018199   0.027501   0.6329911   0.0031210   0.022785   0.000323   0.015000   0.015000  0.0019000  0.0007000    0.005000    0.002000
1978   1   7  43515  -0.021898   0.028202   0.6298989   0.0030620   0.022538   0.000059   0.015000   0.015000  0.0019000  0.0007000    0.005000    0.002000
1978   1   8  43516  -0.025598   0.028902   0.6268418   0.0030600   0.022243  -0.000170   0.015000   0.015000  0.0019000  0.0007000    0.005000    0.002000
1978   1   9  43517  -0.029298   0.029702   0.6237586   0.0031250   0.022028  -0.000133   0.015000   0.015000  0.0019000  0.0007000    0.005000    0.002000
1978   1  10  43518  -0.032898   0.030602   0.6205895   0.0032170   0.022028   0.000109   0.015000   0.015000  0.0019000  0.0007000    0.005000    0.002000
1978   1  11  43519  -0.036597   0.031503   0.6173233   0.0033110   0.022309   0.000276   0.015000   0.015000  0.0019000  0.0007000    0.005000    0.002000
1978   1  12  43520  -0.040297   0.032503   0.6139692   0.0033800   0.022728   0.000247   0.015000   0.015000  0.0019000  0.0007000    0.005000    0.002000
1978   1  13  43521  -0.043997   0.033603   0.6105830   0.0033820   0.022941   0.000167   0.015000   0.015000  0.0019000  0.0007000    0.005000    0.002000
1978   1  14  43522  -0.047697   0.034703   0.6072239   0.0033350   0.022767   0.000178   0.015000   0.015000  0.0019000  0.0007000    0.005000    0.002000
1978   1  15  43523  -0.051396   0.035804   0.6039358   0.0032460   0.022439   0.000222   0.015000   0.015000  0.0019000  0.0007000    0.005000    0.002000
1978   1  16  43524  -0.055196   0.037004   0.6007496   0.0031340   0.022299   0.000164   0.015000   0.015000  0.0019000  0.0007000    0.005000    0.002000
1978   1  17  43525  -0.058896   0.038304   0.5976695   0.0030170   0.022371   0.000000   0.015000   0.015000  0.0019000  0.0007000    0.005000    0.002000
1978   1  18  43526  -0.062595   0.039605   0.5947233   0.0028990   0.022423  -0.000155   0.015000   0.015000  0.0019000  0.0007000    0.005000    0.002000
1978   1  19  43527  -0.066395   0.041005   0.5918642   0.0028010   0.022359  -0.000210   0.015000   0.015000  0.0019000  0.0007000    0.005000    0.002000
1978   1  20  43528  -0.070095   0.042405   0.5891000   0.0027440   0.022316  -0.000186   0.015000   0.015000  0.0019000  0.0007000    0.005000    0.002000
1978   1  21  43529  -0.073895   0.043805   0.5863729   0.0027150   0.022404  -0.000153   0.015000   0.015000  0.0019000  0.0007000    0.005000    0.002000
1978   1  22  43530  -0.077594   0.045306   0.5836677   0.0027140   0.022558  -0.000142   0.015000   0.015000  0.0019000  0.0007000    0.005000    0.002000
1978   1  23  43531  -0.081394   0.046906   0.5809336   0.0027600   0.022677  -0.000154   0.015000   0.015000  0.0019000  0.0007000    0.005000    0.002000
1978   1  24  43532  -0.085094   0.048406   0.5781365   0.0028260   0.022781  -0.000207   0.015000   0.015000  0.0019000  0.0007000    0.005000    0.002000
1978   1  25  43533  -0.088894   0.050006   0.5752633   0.0029240   0.022940  -0.000330   0.015000   0.015000  0.0019000  0.0007000    0.005000    0.002000
1978   1  26  43534  -0.092593   0.051707   0.5722862   0.0030320   0.023135  -0.000494   0.015000   0.015000  0.0019000  0.0007000    0.005000    0.002000
1978   1  27  43535  -0.096393   0.053307   0.5692010   0.0031350   0.023266  -0.000602   0.015000   0.015000  0.0019000  0.0007000    0.005000    0.002000
1978   1  28  43536  -0.100093   0.055007   0.5660219   0.0032280   0.023286  -0.000580   0.015000   0.015000  0.0019000  0.0007000    0.005000    0.002000
1978   1  29  43537  -0.103792   0.056708   0.5627657   0.0032880   0.023225  -0.000452   0.015000   0.015000  0.0019000  0.0007000    0.005000    0.002000
1978   1  30  43538  -0.107492   0.058408   0.5594696   0.0033070   0.023109  -0.000310   0.015000   0.015000  0.0019000  0.0007000    0.005000    0.002000
1978   1  31  43539  -0.111092   0.060208   0.5561644   0.0032870   0.022937  -0.000221   0.015000   0.015000  0.0019000  0.0007000    0.005000    0.002000
1978   2   1  43540  -0.114692   0.061908   0.5528953   0.0032490   0.022731  -0.000190   0.015000   0.015000  0.0019000  0.0007000    0.005000    0.002000
1978   2   2  43541  -0.118291   0.063709   0.5496701   0.0032000   0.022514  -0.000228   0.015000   0.015000  0.0019000  0.0007000    0.005000    0.002000
1978   2   3  43542  -0.121891   0.065509   0.5464890   0.0031660   0.022256  -0.000388   0.015000   0.015000  0.0019000  0.0007000    0.005000    0.002000
1978   2   4  43543  -0.125391   0.067409   0.5433149   0.0031810   0.021923  -0.000659   0.015000   0.015000  0.0019000  0.0007000    0.005000    0.002000
1978   2   5  43544  -0.128791   0.069209   0.5401087   0.0032510   0.021577  -0.000874   0.015000   0.015000  0.0019000  0.0007000    0.005000    0.002000
1978   2   6  43545  -0.132190   0.071110   0.5367946   0.0033920   0.021357  -0.000839   0.015000   0.015000  0.0019000  0.0007000    0.005000    0.002000
1978   2   7  43546  -0.135590   0.073010   0.5333264   0.0035480   0.021388  -0.000586   0.015000   0.015000  0.0019000  0.0007000    0.005000    0.002000
1978   2   8  43547  -0.138890   0.074910   0.5296943   0.0036880   0.021690  -0.000379   0.015000   0.015000  0.0019000  0.0007000    0.005000    0.002000
1978   2   9  43548  -0.142189   0.076811   0.5259551   0.0037890   0.022103  -0.000418   0.015000   0.015000  0.0019000  0.0007000    0.005000    0.002000
1978   2  10  43549  -0.145289   0.078811   0.5221490   0.0038210   0.022350  -0.000638   0.015000   0.015000  0.0019000  0.0007000    0.005000    0.002000
1978   2  11  43550  -0.148489   0.080711   0.5183328   0.0037920   0.022276  -0.000833   0.015000   0.015000  0.0019000  0.0007000    0.005000    0.002000
1978   2  12  43551  -0.151489   0.082711   0.5145787   0.0037120   0.022020  -0.000910   0.015000   0.015000  0.0019000  0.0007000    0.005000    0.002000
1978   2  13  43552  -0.154488   0.084812   0.5109255   0.0036150   0.021834  -0.000943   0.015000   0.015000  0.0019000  0.0007000    0.005000    0.002000
1978   2  14  43553  -0.157388   0.086812   0.5073584   0.0035120   0.021772  -0.001027   0.015000   0.015000  0.0019000  0.0007000    0.005000    0.002000
1978   2  15  43554  -0.160288   0.088912   0.5038952   0.0034370   0.021715  -0.001170   0.015000   0.015000  0.0019000  0.0007000    0.005000    0.002000
1978   2  16  43555  -0.163088   0.091012   0.5004831   0.0033810   0.021642  -0.001302   0.015000   0.015000  0.0019000  0.0007000    0.005000    0.002000
1978   2  17  43556  -0.165787   0.093213   0.4971110   0.0033620   0.021703  -0.001368   0.015000   0.015000  0.0019000  0.0007000    0.005000    0.002000
1978   2  18  43557  -0.168487   0.095413   0.4937468   0.0033750   0.021977  -0.001372   0.015000   0.015000  0.0019000  0.0007000    0.005000    0.002000
1978   2  19  43558  -0.171087   0.097613   0.4903477   0.0034280   0.022321  -0.001362   0.015000   0.015000  0.0019000  0.0007000    0.005000    0.002000
1978   2  20  43559  -0.173586   0.099914   0.4868775   0.0035070   0.022549  -0.001388   0.015000   0.015000  0.0019000  0.0007000    0.005000    0.002000
1978   2  21  43560  -0.176086   0.102214   0.4833234   0.0035830   0.022662  -0.001472   0.015000   0.015000  0.0019000  0.0007000    0.005000    0.002000
1978   2  22  43561  -0.178486   0.104514   0.4797062   0.0036540   0.022801  -0.001590   0.015000   0.015000  0.0019000  0.0007000    0.005000    0.002000
1978   2  23  43562  -0.180886   0.106914   0.4760161   0.0037260   0.023009  -0.001684   0.015000   0.015000  0.0019000  0.0007000    0.005000    0.002000
1978   2  24  43563  -0.183185   0.109415   0.4722489   0.0037810   0.023165  -0.001707   0.015000   0.015000  0.0019000  0.0007000    0.005000    0.002000
1978   2  25  43564  -0.185485   0.111915   0.4684548   0.0038020   0.023159  -0.001668   0.015000   0.015000  0.0019000  0.0007000    0.005000    0.002000
1978   2  26  43565  -0.187685   0.114415   0.4646716   0.0037750   0.023043  -0.001622   0.015000   0.015000  0.0019000  0.0007000    0.005000    0.002000
1978   2  27  43566  -0.189885   0.117015   0.4609295   0.0037020   0.022939  -0.001613   0.015000   0.015000  0.0019000  0.0007000    0.005000    0.002000
1978   2  28  43567  -0.191984   0.119716   0.4572814   0.0036030   0.022881  -0.001638   0.015000   0.015000  0.0019000  0.0007000    0.005000    0.002000
1978   3   1  43568  -0.193984   0.122416   0.4537292   0.0034900   0.022805  -0.001678   0.015000   0.015000  0.0019000  0.0007000    0.005000    0.002000
1978   3   2  43569  -0.195984   0.125216   0.4502961   0.0033890   0.022667  -0.001753   0.015000   0.015000  0.0019000  0.0007000    0.005000    0.002000
1978   3   3  43570  -0.197983   0.128017   0.4469499   0.0033230   0.022502  -0.001909   0.015000   0.015000  0.0019000  0.0007000    0.005000    0.002000
1978   3   4  43571  -0.199883   0.130917   0.4436448   0.0033080   0.022379  -0.002135   0.015000   0.015000  0.0019000  0.0007000    0.005000    0.002000
1978   3   5  43572  -0.201683   0.133817   0.4403166   0.0033560   0.022341  -0.002303   0.015000   0.015000  0.0019000  0.0007000    0.005000    0.002000
1978   3   6  43573  -0.203483   0.136817   0.4369185   0.0034350   0.022390  -0.002272   0.015000   0.015000  0.0019000  0.0007000    0.005000    0.002000
1978   3   7  43574  -0.205282   0.139818   0.4334333   0.0035430   0.022510  -0.002061   0.015000   0.015000  0.0019000  0.0007000    0.005000    0.002000
1978   3   8  43575  -0.206982   0.142918   0.4298412   0.0036330   0.022678  -0.001875   0.015000   0.015000  0.0019000  0.0007000    0.005000    0.002000
1978   3   9  43576  -0.208582   0.146018   0.4261880   0.0036650   0.022846  -0.001922   0.015000   0.015000  0.0019000  0.0007000    0.005000    0.002000
1978   3  10  43577  -0.210181   0.149219   0.4225339   0.0036290   0.022948  -0.002204   0.015000   0.015000  0.0019000  0.0007000    0.005000    0.002000
1978   3  11  43578  -0.211681   0.152419   0.4189387   0.0035450   0.022945  -0.002526   0.015000   0.015000  0.0019000  0.0007000    0.005000    0.002000
1978   3  12  43579  -0.213081   0.155719   0.4154566   0.0034150   0.022859  -0.002698   0.015000   0.015000  0.0019000  0.0007000    0.005000    0.002000
1978   3  13  43580  -0.214481   0.159019   0.4121095   0.0032870   0.022734  -0.002698   0.015000   0.015000  0.0019000  0.0007000    0.005000    0.002000
1978   3  14  43581  -0.215780   0.162420   0.4088783   0.0031700   0.022587  -0.002652   0.015000   0.015000  0.0019000  0.0007000    0.005000    0.002000
1978   3  15  43582  -0.217080   0.165820   0.4057622   0.0030680   0.022443  -0.002681   0.015000   0.015000  0.0019000  0.0007000    0.005000    0.002000
1978   3  16  43583  -0.218180   0.169220   0.4027210   0.0030100   0.022395  -0.002791   0.015000   0.015000  0.0019000  0.0007000    0.005000    0.002000
1978   3  17  43584  -0.219280   0.172720   0.3997279   0.0029920   0.022567  -0.002900   0.015000   0.015000  0.0019000  0.0007000    0.005000    0.002000
1978   3  18  43585  -0.220379   0.176221   0.3967217   0.0030270   0.022961  -0.002937   0.015000   0.015000  0.0019000  0.0007000    0.005000    0.002000
1978   3  19  43586  -0.221279   0.179821   0.3936706   0.0030830   0.023400  -0.002917   0.015000   0.015000  0.0019000  0.0007000    0.005000    0.002000
1978   3  20  43587  -0.222179   0.183421   0.3905354   0.0031800   0.023673  -0.002922   0.015000   0.015000  0.0019000  0.0007000    0.005000    0.002000
1978   3  21  43588  -0.222978   0.187022   0.3872923   0.0033000   0.023732  -0.003005   0.015000   0.015000  0.0019000  0.0007000    0.005000    0.002000
1978   3  22  43589  -0.223678   0.190722   0.3839231   0.0034290   0.023705  -0.003120   0.015000   0.015000  0.0019000  0.0007000    0.005000    0.002000
1978   3  23  43590  -0.224378   0.194522   0.3804380   0.0035500   0.023727  -0.003158   0.015000   0.015000  0.0019000  0.0007000    0.005000    0.002000
1978   3  24  43591  -0.224978   0.198222   0.3768408   0.0036350   0.023803  -0.003070   0.015000   0.015000  0.0019000  0.0007000    0.005000    0.002000
1978   3  25  43592  -0.225477   0.202023   0.3731727   0.0036850   0.023855  -0.002932   0.015000   0.015000  0.0019000  0.0007000    0.005000    0.002000
1978   3  26  43593  -0.225877   0.205923   0.3694896   0.0036700   0.023840  -0.002887   0.015000   0.015000  0.0019000  0.0007000    0.005000    0.002000
1978   3  27  43594  -0.226277   0.209723   0.3658494   0.0036050   0.023782  -0.003001   0.015000   0.015000  0.0019000  0.0007000    0.005000    0.002000
1978   3  28  43595  -0.226577   0.213623   0.3622893   0.0035110   0.023716  -0.003199   0.015000   0.015000  0.0019000  0.0007000    0.005000    0.002000
1978   3  29  43596  -0.226776   0.217624   0.3588361   0.0034090   0.023628  -0.003349   0.015000   0.015000  0.0019000  0.0007000    0.005000    0.002000
1978   3  30  43597  -0.226876   0.221624   0.3554600   0.0033480   0.023489  -0.003397   0.015000   0.015000  0.0019000  0.0007000    0.005000    0.002000
1978   3  31  43598  -0.226976   0.225624   0.3521228   0.0033260   0.023333  -0.003411   0.015000   0.015000  0.0019000  0.0007000    0.005000    0.002000
1978   4   1  43599  -0.226975   0.229625   0.3487807   0.0033660   0.023277  -0.003466   0.015000   0.015000  0.0019000  0.0007000    0.005000    0.002000
1978   4   2  43600  -0.226975   0.233725   0.3453855   0.0034390   0.023424  -0.003538   0.015000   0.015000  0.0019000  0.0007000    0.005000    0.002000
1978   4   3  43601  -0.226875   0.237825   0.3418944   0.0035440   0.023752  -0.003529   0.015000   0.015000  0.0019000  0.0007000    0.005000    0.002000
1978   4   4  43602  -0.226675   0.242025   0.3383022   0.0036400   0.024093  -0.003405   0.015000   0.015000  0.0019000  0.0007000    0.005000    0.002000
1978   4   5  43603  -0.226474   0.246126   0.3346281   0.0036990   0.024261  -0.003263   0.015000   0.015000  0.0019000  0.0007000    0.005000    0.002000
1978   4   6  43604  -0.226274   0.250326   0.3309219   0.0037010   0.024208  -0.003251   0.015000   0.015000  0.0019000  0.0007000    0.005000    0.002000
1978   4   7  43605  -0.225974   0.254526   0.3272448   0.0036530   0.024055  -0.003417   0.015000   0.015000  0.0019000  0.0007000    0.005000    0.002000
1978   4   8  43606  -0.225574   0.258826   0.3236417   0.0035470   0.023962  -0.003655   0.015000   0.015000  0.0019000  0.0007000    0.005000    0.002000
1978   4   9  43607  -0.225173   0.263127   0.3201575   0.0034180   0.023961  -0.003807   0.015000   0.015000  0.0019000  0.0007000    0.005000    0.002000
1978   4  10  43608  -0.224773   0.267327   0.3168054   0.0032890   0.023951  -0.003807   0.015000   0.015000  0.0019000  0.0007000    0.005000    0.002000
1978   4  11  43609  -0.224273   0.271627   0.3135832   0.0031780   0.023852  -0.003733   0.015000   0.015000  0.0019000  0.0007000    0.005000    0.002000
1978   4  12  43610  -0.223772   0.276028   0.3104491   0.0030860   0.023720  -0.003712   0.015000   0.015000  0.0019000  0.0007000    0.005000    0.002000
1978   4  13  43611  -0.223172   0.280328   0.3073879   0.0030420   0.023686  -0.003797   0.015000   0.015000  0.0019000  0.0007000    0.005000    0.002000
1978   4  14  43612  -0.222572   0.284628   0.3043518   0.0030380   0.023817  -0.003929   0.015000   0.015000  0.0019000  0.0007000    0.005000    0.002000
1978   4  15  43613  -0.221972   0.288928   0.3013086   0.0030660   0.024076  -0.004010   0.015000   0.015000  0.0019000  0.0007000    0.005000    0.002000
1978   4  16  43614  -0.221271   0.293229   0.2982085   0.0031390   0.024369  -0.004006   0.015000   0.015000  0.0019000  0.0007000    0.005000    0.002000
1978   4  17  43615  -0.220571   0.297529   0.2950213   0.0032300   0.024593  -0.003981   0.015000   0.015000  0.0019000  0.0007000    0.005000    0.002000
1978   4  18  43616  -0.219771   0.301829   0.2917442   0.0033360   0.024654  -0.004018   0.015000   0.015000  0.0019000  0.0007000    0.005000    0.002000
1978   4  19  43617  -0.219071   0.306129   0.2883590   0.0034330   0.024521  -0.004113   0.015000   0.015000  0.0019000  0.0007000    0.005000    0.002000
1978   4  20  43618  -0.218270   0.310330   0.2848809   0.0035170   0.024288  -0.004151   0.015000   0.015000  0.0019000  0.0007000    0.005000    0.002000
1978   4  21  43619  -0.217370   0.314530   0.2813337   0.0035680   0.024126  -0.004029   0.015000   0.015000  0.0019000  0.0007000    0.005000    0.002000
1978   4  22  43620  -0.216570   0.318630   0.2777516   0.0035690   0.024120  -0.003805   0.015000   0.015000  0.0019000  0.0007000    0.005000    0.002000
1978   4  23  43621  -0.215669   0.322731   0.2742145   0.0035040   0.024179  -0.003684   0.015000   0.015000  0.0019000  0.0007000    0.005000    0.002000
1978   4  24  43622  -0.214669   0.326831   0.2707583   0.0034030   0.024153  -0.003819   0.015000   0.015000  0.0019000  0.0007000    0.005000    0.002000
1978   4  25  43623  -0.213769   0.330831   0.2674132   0.0032760   0.024004  -0.004139   0.015000   0.015000  0.0019000  0.0007000    0.005000    0.002000
1978   4  26  43624  -0.212769   0.334731   0.2641900   0.0031760   0.023810  -0.004396   0.015000   0.015000  0.0019000  0.0007000    0.005000    0.002000
1978   4  27  43625  -0.211768   0.338632   0.2610569   0.0031100   0.023629  -0.004419   0.015000   0.015000  0.0019000  0.0007000    0.005000    0.002000
1978   4  28  43626  -0.210668   0.342432   0.2579517   0.0031080   0.023457  -0.004260   0.015000   0.015000  0.0019000  0.0007000    0.005000    0.002000
1978   4  29  43627  -0.209668   0.346132   0.2548256   0.0031400   0.023316  -0.004099   0.015000   0.015000  0.0019000  0.0007000    0.005000    0.002000
1978   4  30  43628  -0.208568   0.349732   0.2516524   0.0032050   0.023309  -0.004045   0.015000   0.015000  0.0019000  0.0007000    0.005000    0.002000
1978   5   1  43629  -0.207467   0.353333   0.2484253   0.0032680   0.023521  -0.004063   0.015000   0.015000  0.0019000  0.0007000    0.005000    0.002000
1978   5   2  43630  -0.206267   0.356733   0.2451361   0.0033140   0.023868  -0.004072   0.015000   0.015000  0.0019000  0.0007000    0.005000    0.002000
1978   5   3  43631  -0.205067   0.360133   0.2418130   0.0033260   0.024114  -0.004041   0.015000   0.015000  0.0019000  0.0007000    0.005000    0.002000
1978   5   4  43632  -0.203866   0.363434   0.2384998   0.0032980   0.024074  -0.004004   0.015000   0.015000  0.0019000  0.0007000    0.005000    0.002000
1978   5   5  43633  -0.202666   0.366534   0.2352397   0.0032140   0.023809  -0.004001   0.015000   0.015000  0.0019000  0.0007000    0.005000    0.002000
1978   5   6  43634  -0.201466   0.369634   0.2320805   0.0031090   0.023548  -0.004032   0.015000   0.015000  0.0019000  0.0007000    0.005000    0.002000
1978   5   7  43635  -0.200166   0.372634   0.2290244   0.0029950   0.023443  -0.004074   0.015000   0.015000  0.0019000  0.0007000    0.005000    0.002000
1978   5   8  43636  -0.198865   0.375535   0.2260883   0.0028910   0.023447  -0.004107   0.015000   0.015000  0.0019000  0.0007000    0.005000    0.002000
1978   5   9  43637  -0.197465   0.378335   0.2232431   0.0028120   0.023453  -0.004135   0.015000   0.015000  0.0019000  0.0007000    0.005000    0.002000
1978   5  10  43638  -0.196065   0.381135   0.2204610   0.0027570   0.023449  -0.004181   0.015000   0.015000  0.0019000  0.0007000    0.005000    0.002000
1978   5  11  43639  -0.194665   0.383735   0.2177058   0.0027490   0.023472  -0.004267   0.015000   0.015000  0.0019000  0.0007000    0.005000    0.002000
1978   5  12  43640  -0.193264   0.386336   0.2149387   0.0027810   0.023500  -0.004384   0.015000   0.015000  0.0019000  0.0007000    0.005000    0.002000
1978   5  13  43641  -0.191764   0.388836   0.2121325   0.0028380   0.023497  -0.004483   0.015000   0.015000  0.0019000  0.0007000    0.005000    0.002000
1978   5  14  43642  -0.190164   0.391236   0.2092534   0.0029250   0.023528  -0.004509   0.015000   0.015000  0.0019000  0.0007000    0.005000    0.002000
1978   5  15  43643  -0.188563   0.393637   0.2062742   0.0030310   0.023688  -0.004462   0.015000   0.015000  0.0019000  0.0007000    0.005000    0.002000
1978   5  16  43644  -0.186963   0.395937   0.2031771   0.0031440   0.023892  -0.004411   0.015000   0.015000  0.0019000  0.0007000    0.005000    0.002000
1978   5  17  43645  -0.185263   0.398137   0.1999789   0.0032510   0.023877  -0.004415   0.015000   0.015000  0.0019000  0.0007000    0.005000    0.002000
1978   5  18  43646  -0.183563   0.400337   0.1966798   0.0033290   0.023520  -0.004428   0.015000   0.015000  0.0019000  0.0007000    0.005000    0.002000
1978   5  19  43647  -0.181662   0.402438   0.1933326   0.0033710   0.023052  -0.004326   0.015000   0.015000  0.0019000  0.0007000    0.005000    0.002000
1978   5  20  43648  -0.179862   0.404538   0.1899555   0.0033640   0.022792  -0.004080   0.015000   0.015000  0.0019000  0.0007000    0.005000    0.002000
1978   5  21  43649  -0.177862   0.406538   0.1866223   0.0033070   0.022763  -0.003861   0.015000   0.015000  0.0019000  0.0007000    0.005000    0.002000
1978   5  22  43650  -0.175862   0.408538   0.1833622   0.0032060   0.022734  -0.003900   0.015000   0.015000  0.0019000  0.0007000    0.005000    0.002000
1978   5  23  43651  -0.173761   0.410439   0.1802001   0.0031140   0.022568  -0.004197   0.015000   0.015000  0.0019000  0.0007000    0.005000    0.002000
1978   5  24  43652  -0.171661   0.412439   0.1771229   0.0030440   0.022354  -0.004477   0.015000   0.015000  0.0019000  0.0007000    0.005000    0.002000
1978   5  25  43653  -0.169461   0.414239   0.1740938   0.0030270   0.022210  -0.004485   0.015000   0.015000  0.0019000  0.0007000    0.005000    0.002000
1978   5  26  43654  -0.167160   0.416140   0.1710426   0.0030710   0.022112  -0.004247   0.015000   0.015000  0.0019000  0.0007000    0.005000    0.002000
1978   5  27  43655  -0.164760   0.417940   0.1679425   0.0031320   0.021968  -0.003989   0.015000   0.015000  0.0019000  0.0007000    0.005000    0.002000
1978   5  28  43656  -0.162260   0.419740   0.1647893   0.0031800   0.021765  -0.003875   0.015000   0.015000  0.0019000  0.0007000    0.005000    0.002000
1978   5  29  43657  -0.159660   0.421540   0.1616022   0.0031900   0.021613  -0.003903   0.015000   0.015000  0.0019000  0.0007000    0.005000    0.002000
1978   5  30  43658  -0.157059   0.423241   0.1584150   0.0031660   0.021635  -0.003998   0.015000   0.015000  0.0019000  0.0007000    0.005000    0.002000
1978   5  31  43659  -0.154359   0.424941   0.1552859   0.0030860   0.021802  -0.004098   0.015000   0.015000  0.0019000  0.0007000    0.005000    0.002000
1978   6   1  43660  -0.151559   0.426641   0.1522577   0.0029650   0.021912  -0.004152   0.015000   0.015000  0.0019000  0.0007000    0.005000    0.002000
1978   6   2  43661  -0.148658   0.428342   0.1493756   0.0028050   0.021785  -0.004126   0.015000   0.015000  0.0019000  0.0007000    0.005000    0.002000
1978   6   3  43662  -0.145758   0.430042   0.1466504   0.0026440   0.021456  -0.004043   0.015000   0.015000  0.0019000  0.0007000    0.005000    0.002000
1978   6   4  43663  -0.142658   0.431642   0.1440873   0.0024770   0.021120  -0.003985   0.015000   0.015000  0.0019000  0.0007000    0.005000    0.002000
1978   6   5  43664  -0.139558   0.433242   0.1416781   0.0023420   0.020933  -0.004025   0.015000   0.015000  0.0019000  0.0007000    0.005000    0.002000
1978   6   6  43665  -0.136457   0.434843   0.1393900   0.0022390   0.020923  -0.004144   0.015000   0.015000  0.0019000  0.0007000    0.005000    0.002000
1978   6   7  43666  -0.133157   0.436443   0.1371988   0.0021710   0.021032  -0.004251   0.015000   0.015000  0.0019000  0.0007000    0.005000    0.002000
1978   6   8  43667  -0.129857   0.438043   0.1350457   0.0021310   0.021148  -0.004291   0.015000   0.015000  0.0019000  0.0007000    0.005000    0.002000
1978   6   9  43668  -0.126557   0.439643   0.1329166   0.0021350   0.021135  -0.004305   0.015000   0.015000  0.0019000  0.0007000    0.005000    0.002000
1978   6  10  43669  -0.123156   0.441244   0.1307554   0.0021690   0.020947  -0.004344   0.015000   0.015000  0.0019000  0.0007000    0.005000    0.002000
1978   6  11  43670  -0.119756   0.442744   0.1285593   0.0022240   0.020754  -0.004389   0.015000   0.015000  0.0019000  0.0007000    0.005000    0.002000
1978   6  12  43671  -0.116256   0.444344   0.1263051   0.0022880   0.020808  -0.004369   0.015000   0.015000  0.0019000  0.0007000    0.005000    0.002000
1978   6  13  43672  -0.112755   0.445845   0.1239760   0.0023590   0.021100  -0.004271   0.015000   0.015000  0.0019000  0.0007000    0.005000    0.002000
1978   6  14  43673  -0.109255   0.447445   0.1215908   0.0024060   0.021249  -0.004169   0.015000   0.015000  0.0019000  0.0007000    0.005000    0.002000
1978   6  15  43674  -0.105755   0.448945   0.1191717   0.0024380   0.020907  -0.004112   0.015000   0.015000  0.0019000  0.0007000    0.005000    0.002000
1978   6  16  43675  -0.102155   0.450445   0.1167275   0.0024340   0.020207  -0.004035   0.015000   0.015000  0.0019000  0.0007000    0.005000    0.002000
1978   6  17  43676  -0.098654   0.451946   0.1143154   0.0023990   0.019608  -0.003850   0.015000   0.015000  0.0019000  0.0007000    0.005000    0.002000
1978   6  18  43677  -0.095054   0.453446   0.1119502   0.0023170   0.019341  -0.003630   0.015000   0.015000  0.0019000  0.0007000    0.005000    0.002000
1978   6  19  43678  -0.091554   0.454946   0.1096791   0.0022280   0.019241  -0.003583   0.015000   0.015000  0.0019000  0.0007000    0.005000    0.002000
1978   6  20  43679  -0.087954   0.456446   0.1074899   0.0021550   0.019101  -0.003778   0.015000   0.015000  0.0019000  0.0007000    0.005000    0.002000
1978   6  21  43680  -0.084453   0.457947   0.1053518   0.0021370   0.018931  -0.003993   0.015000   0.015000  0.0019000  0.0007000    0.005000    0.002000
1978   6  22  43681  -0.080853   0.459447   0.1032056   0.0021650   0.018829  -0.003981   0.015000   0.015000  0.0019000  0.0007000    0.005000    0.002000
1978   6  23  43682  -0.077353   0.460847   0.1009985   0.0022440   0.018803  -0.003767   0.015000   0.015000  0.0019000  0.0007000    0.005000    0.002000
1978   6  24  43683  -0.073852   0.462248   0.0987053   0.0023300   0.018751  -0.003579   0.015000   0.015000  0.0019000  0.0007000    0.005000    0.002000
1978   6  25  43684  -0.070352   0.463748   0.0963492   0.0023960   0.018546  -0.003535   0.015000   0.015000  0.0019000  0.0007000    0.005000    0.002000
1978   6  26  43685  -0.066852   0.465148   0.0939421   0.0024100   0.018163  -0.003577   0.015000   0.015000  0.0019000  0.0007000    0.005000    0.002000
1978   6  27  43686  -0.063452   0.466448   0.0915379   0.0023670   0.017788  -0.003644   0.015000   0.015000  0.0019000  0.0007000    0.005000    0.002000
1978   6  28  43687  -0.059951   0.467849   0.0892108   0.0022880   0.017686  -0.003753   0.015000   0.015000  0.0019000  0.0007000    0.005000    0.002000
1978   6  29  43688  -0.056551   0.469149   0.0869796   0.0021700   0.017858  -0.003897   0.015000   0.015000  0.0019000  0.0007000    0.005000    0.002000
1978   6  30  43689  -0.053151   0.470449   0.0848755   0.0020400   0.017987  -0.003991   0.015000   0.015000  0.0019000  0.0007000    0.005000    0.002000
1978   7   1  43690  -0.049651   0.471749   0.0828973   0.0019160   0.017789  -0.003976   0.015000   0.015000  0.0019000  0.0007000    0.005000    0.002000
1978   7   2  43691  -0.046250   0.472950   0.0810352   0.0018120   0.017333  -0.003918   0.015000   0.015000  0.0019000  0.0007000    0.005000    0.002000
1978   7   3  43692  -0.042750   0.474150   0.0792540   0.0017370   0.016928  -0.003931   0.015000   0.015000  0.0019000  0.0007000    0.005000    0.002000
1978   7   4  43693  -0.039350   0.475350   0.0775379   0.0016990   0.016802  -0.004033   0.015000   0.015000  0.0019000  0.0007000    0.005000    0.002000
1978   7   5  43694  -0.035849   0.476451   0.0758527   0.0016790   0.016936  -0.004107   0.015000   0.015000  0.0019000  0.0007000    0.005000    0.002000
1978   7   6  43695  -0.032349   0.477551   0.0741696   0.0016930   0.017132  -0.004056   0.015000   0.015000  0.0019000  0.0007000    0.005000    0.002000
1978   7   7  43696  -0.028849   0.478551   0.0724564   0.0017370   0.017173  -0.003935   0.015000   0.015000  0.0019000  0.0007000    0.005000    0.002000
1978   7   8  43697  -0.025349   0.479551   0.0706783   0.0018030   0.016985  -0.003883   0.015000   0.015000  0.0019000  0.0007000    0.005000    0.002000
1978   7   9  43698  -0.021748   0.480552   0.0688361   0.0018790   0.016715  -0.003941   0.015000   0.015000  0.0019000  0.0007000    0.005000    0.002000
1978   7  10  43699  -0.018148   0.481452   0.0669190   0.0019550   0.016629  -0.004012   0.015000   0.015000  0.0019000  0.0007000    0.005000    0.002000
1978   7  11  43700  -0.014448   0.482252   0.0649418   0.0020070   0.016814  -0.003987   0.015000   0.015000  0.0019000  0.0007000    0.005000    0.002000
1978   7  12  43701  -0.010748   0.483152   0.0629137   0.0020460   0.016994  -0.003881   0.015000   0.015000  0.0019000  0.0007000    0.005000    0.002000
1978   7  13  43702  -0.007047   0.483853   0.0608616   0.0020450   0.016783  -0.003783   0.015000   0.015000  0.0019000  0.0007000    0.005000    0.002000
1978   7  14  43703  -0.003247   0.484553   0.0588254   0.0020210   0.016137  -0.003722   0.015000   0.015000  0.0019000  0.0007000    0.005000    0.002000
1978   7  15  43704   0.000553   0.485253   0.0568393   0.0019560   0.015421  -0.003644   0.015000   0.015000  0.0019000  0.0007000    0.005000    0.002000
1978   7  16  43705   0.004454   0.485754   0.0549291   0.0018730   0.014976  -0.003548   0.015000   0.015000  0.0019000  0.0007000    0.005000    0.002000
1978   7  17  43706   0.008354   0.486354   0.0530820   0.0018040   0.014791  -0.003550   0.015000   0.015000  0.0019000  0.0007000    0.005000    0.002000
1978   7  18  43707   0.012354   0.486754   0.0513008   0.0017670   0.014675  -0.003697   0.015000   0.015000  0.0019000  0.0007000    0.005000    0.002000
1978   7  19  43708   0.016354   0.487154   0.0495287   0.0017950   0.014535  -0.003831   0.015000   0.015000  0.0019000  0.0007000    0.005000    0.002000
1978   7  20  43709   0.020355   0.487455   0.0477015   0.0018750   0.014414  -0.003772   0.015000   0.015000  0.0019000  0.0007000    0.005000    0.002000
1978   7  21  43710   0.024455   0.487755   0.0457694   0.0019830   0.014382  -0.003583   0.015000   0.015000  0.0019000  0.0007000    0.005000    0.002000
1978   7  22  43711   0.028555   0.487855   0.0437332   0.0020860   0.014435  -0.003488   0.015000   0.015000  0.0019000  0.0007000    0.005000    0.002000
1978   7  23  43712   0.032655   0.487955   0.0416131   0.0021380   0.014418  -0.003550   0.015000   0.015000  0.0019000  0.0007000    0.005000    0.002000
1978   7  24  43713   0.036756   0.487956   0.0394699   0.0021300   0.014120  -0.003612   0.015000   0.015000  0.0019000  0.0007000    0.005000    0.002000
1978   7  25  43714   0.040956   0.487856   0.0373758   0.0020560   0.013586  -0.003570   0.015000   0.015000  0.0019000  0.0007000    0.005000    0.002000
1978   7  26  43715   0.045156   0.487756   0.0353826   0.0019290   0.013198  -0.003522   0.015000   0.015000  0.0019000  0.0007000    0.005000    0.002000
1978   7  27  43716   0.049357   0.487457   0.0335155   0.0018040   0.013239  -0.003594   0.015000   0.015000  0.0019000  0.0007000    0.005000    0.002000
1978   7  28  43717   0.053557   0.487157   0.0317713   0.0016840   0.013503  -0.003756   0.015000   0.015000  0.0019000  0.0007000    0.005000    0.002000
1978   7  29  43718   0.057757   0.486757   0.0301502   0.0015830   0.013545  -0.003880   0.015000   0.015000  0.0019000  0.0007000    0.005000    0.002000
1978   7  30  43719   0.061857   0.486257   0.0286041   0.0015130   0.013234  -0.003916   0.015000   0.015000  0.0019000  0.0007000    0.005000    0.002000
1978   7  31  43720   0.066058   0.485658   0.0271009   0.0014910   0.012852  -0.003926   0.015000   0.015000  0.0019000  0.0007000    0.005000    0.002000
1978   8   1  43721   0.070158   0.485058   0.0256088   0.0015080   0.012709  -0.003956   0.015000   0.015000  0.0019000  0.0007000    0.005000    0.002000
1978   8   2  43722   0.074258   0.484258   0.0240816   0.0015630   0.012837  -0.003956   0.015000   0.015000  0.0019000  0.0007000    0.005000    0.002000
1978   8   3  43723   0.078258   0.483458   0.0224835   0.0016490   0.013046  -0.003852   0.015000   0.015000  0.0019000  0.0007000    0.005000    0.002000
1978   8   4  43724   0.082259   0.482559   0.0207753   0.0017590   0.013148  -0.003678   0.015000   0.015000  0.0019000  0.0007000    0.005000    0.002000
1978   8   5  43725   0.086259   0.481559   0.0189502   0.0018920   0.013077  -0.003564   0.015000   0.015000  0.0019000  0.0007000    0.005000    0.002000
1978   8   6  43726   0.090059   0.480459   0.0170000   0.0020160   0.012893  -0.003590   0.015000   0.015000  0.0019000  0.0007000    0.005000    0.002000
1978   8   7  43727   0.093960   0.479260   0.0149229   0.0021280   0.012731  -0.003698   0.015000   0.015000  0.0019000  0.0007000    0.005000    0.002000
1978   8   8  43728   0.097660   0.478060   0.0127447   0.0022250   0.012712  -0.003762   0.015000   0.015000  0.0019000  0.0007000    0.005000    0.002000
1978   8   9  43729   0.101360   0.476760   0.0104936   0.0022800   0.012799  -0.003732   0.015000   0.015000  0.0019000  0.0007000    0.005000    0.002000
1978   8  10  43730   0.104960   0.475360   0.0081834   0.0023120   0.012781  -0.003655   0.015000   0.015000  0.0019000  0.0007000    0.005000    0.002000
1978   8  11  43731   0.108561   0.473861   0.0058783   0.0023060   0.012493  -0.003595   0.015000   0.015000  0.0019000  0.0007000    0.005000    0.002000
1978   8  12  43732   0.111961   0.472361   0.0035871   0.0022740   0.012018  -0.003572   0.015000   0.015000  0.0019000  0.0007000    0.005000    0.002000
1978   8  13  43733   0.115361   0.470761   0.0013290   0.0022430   0.011592  -0.003597   0.015000   0.015000  0.0019000  0.0007000    0.005000    0.002000
1978   8  14  43734   0.118661   0.469061  -0.0009172   0.0022480   0.011348  -0.003709   0.015000   0.015000  0.0019000  0.0007000    0.005000    0.002000
1978   8  15  43735   0.121962   0.467362  -0.0031723   0.0022790   0.011231  -0.003882   0.015000   0.015000  0.0019000  0.0007000    0.005000    0.002000
1978   8  16  43736   0.125162   0.465562  -0.0055064   0.0023760   0.011128  -0.003968   0.015000   0.015000  0.0019000  0.0007000    0.005000    0.002000
1978   8  17  43737   0.128262   0.463762  -0.0079396   0.0025080   0.011007  -0.003844   0.015000   0.015000  0.0019000  0.0007000    0.005000    0.002000
1978   8  18  43738   0.131263   0.461863  -0.0105157   0.0026510   0.010949  -0.003609   0.015000   0.015000  0.0019000  0.0007000    0.005000    0.002000
1978   8  19  43739   0.134263   0.459963  -0.0132319   0.0027630   0.011046  -0.003500   0.015000   0.015000  0.0019000  0.0007000    0.005000    0.002000
1978   8  20  43740   0.137163   0.457963  -0.0160190   0.0028060   0.011207  -0.003582   0.015000   0.015000  0.0019000  0.0007000    0.005000    0.002000
1978   8  21  43741   0.139963   0.455963  -0.0188192   0.0027710   0.011148  -0.003663   0.015000   0.015000  0.0019000  0.0007000    0.005000    0.002000
1978   8  22  43742   0.142764   0.453864  -0.0215373   0.0026680   0.010733  -0.003564   0.015000   0.015000  0.0019000  0.0007000    0.005000    0.002000
1978   8  23  43743   0.145464   0.451864  -0.0241325   0.0025290   0.010235  -0.003355   0.015000   0.015000  0.0019000  0.0007000    0.005000    0.002000
1978   8  24  43744   0.148164   0.449664  -0.0266026   0.0023920   0.010054  -0.003249   0.015000   0.015000  0.0019000  0.0007000    0.005000    0.002000
1978   8  25  43745   0.150765   0.447565  -0.0289228   0.0022710   0.010224  -0.003345   0.015000   0.015000  0.0019000  0.0007000    0.005000    0.002000
1978   8  26  43746   0.153365   0.445365  -0.0311449   0.0021710   0.010420  -0.003550   0.015000   0.015000  0.0019000  0.0007000    0.005000    0.002000
1978   8  27  43747   0.155965   0.443065  -0.0332871   0.0021190   0.010413  -0.003723   0.015000   0.015000  0.0019000  0.0007000    0.005000    0.002000
1978   8  28  43748   0.158465   0.440865  -0.0353982   0.0021090   0.010313  -0.003807   0.015000   0.015000  0.0019000  0.0007000    0.005000    0.002000
1978   8  29  43749   0.160866   0.438566  -0.0375204   0.0021410   0.010324  -0.003830   0.015000   0.015000  0.0019000  0.0007000    0.005000    0.002000
1978   8  30  43750   0.163366   0.436266  -0.0396925   0.0021990   0.010457  -0.003813   0.015000   0.015000  0.0019000  0.0007000    0.005000    0.002000
1978   8  31  43751   0.165766   0.433966  -0.0419286   0.0022840   0.010584  -0.003747   0.015000   0.015000  0.0019000  0.0007000    0.005000    0.002000
1978   9   1  43752   0.168066   0.431666  -0.0442568   0.0023860   0.010638  -0.003631   0.015000   0.015000  0.0019000  0.0007000    0.005000    0.002000
1978   9   2  43753   0.170467   0.429267  -0.0466919   0.0024820   0.010640  -0.003504   0.015000   0.015000  0.0019000  0.0007000    0.005000    0.002000
1978   9   3  43754   0.172767   0.426967  -0.0492171   0.0025690   0.010595  -0.003417   0.015000   0.015000  0.0019000  0.0007000    0.005000    0.002000
1978   9   4  43755   0.174967   0.424567  -0.0518222   0.0026250   0.010480  -0.003383   0.015000   0.015000  0.0019000  0.0007000    0.005000    0.002000
1978   9   5  43756   0.177268   0.422168  -0.0544564   0.0026460   0.010347  -0.003383   0.015000   0.015000  0.0019000  0.0007000    0.005000    0.002000
1978   9   6  43757   0.179468   0.419768  -0.0571035   0.0026280   0.010314  -0.003390   0.015000   0.015000  0.0019000  0.0007000    0.005000    0.002000
1978   9   7  43758   0.181668   0.417268  -0.0597107   0.0025740   0.010409  -0.003387   0.015000   0.015000  0.0019000  0.0007000    0.005000    0.002000
1978   9   8  43759   0.183868   0.414868  -0.0622538   0.0024900   0.010489  -0.003370   0.015000   0.015000  0.0019000  0.0007000    0.005000    0.002000
1978   9   9  43760   0.185969   0.412369  -0.0647010   0.0024060   0.010398  -0.003358   0.015000   0.015000  0.0019000  0.0007000    0.005000    0.002000
1978   9  10  43761   0.188069   0.409969  -0.0670751   0.0023440   0.010152  -0.003398   0.015000   0.015000  0.0019000  0.0007000    0.005000    0.002000
1978   9  11  43762   0.190169   0.407469  -0.0694053   0.0023340   0.009914  -0.003529   0.015000   0.015000  0.0019000  0.0007000    0.005000    0.002000
1978   9  12  43763   0.192269   0.404969  -0.0717524   0.0023680   0.009811  -0.003701   0.015000   0.015000  0.0019000  0.0007000    0.005000    0.002000
1978   9  13  43764   0.194270   0.402370  -0.0741676   0.0024620   0.009826  -0.003765   0.015000   0.015000  0.0019000  0.0007000    0.005000    0.002000
1978   9  14  43765   0.196170   0.399870  -0.0766857   0.0025870   0.009867  -0.003613   0.015000   0.015000  0.0019000  0.0007000    0.005000    0.002000
1978   9  15  43766   0.198170   0.397270  -0.0793409   0.0027370   0.009913  -0.003332   0.015000   0.015000  0.0019000  0.0007000    0.005000    0.002000
1978   9  16  43767   0.200071   0.394671  -0.0821360   0.0028310   0.010031  -0.003148   0.015000   0.015000  0.0019000  0.0007000    0.005000    0.002000
1978   9  17  43768   0.201871   0.392071  -0.0849891   0.0028620   0.010220  -0.003173   0.015000   0.015000  0.0019000  0.0007000    0.005000    0.002000
1978   9  18  43769   0.203771   0.389471  -0.0878433   0.0028430   0.010320  -0.003275   0.015000   0.015000  0.0019000  0.0007000    0.005000    0.002000
1978   9  19  43770   0.205471   0.386771  -0.0906464   0.0027650   0.010171  -0.003245   0.015000   0.015000  0.0019000  0.0007000    0.005000    0.002000
1978   9  20  43771   0.207272   0.384072  -0.0933536   0.0026580   0.009858  -0.003046   0.015000   0.015000  0.0019000  0.0007000    0.005000    0.002000
1978   9  21  43772   0.208972   0.381372  -0.0959517   0.0025540   0.009650  -0.002849   0.015000   0.015000  0.0019000  0.0007000    0.005000    0.002000
1978   9  22  43773   0.210572   0.378572  -0.0984589   0.0024740   0.009710  -0.002838   0.015000   0.015000  0.0019000  0.0007000    0.005000    0.002000
1978   9  23  43774   0.212172   0.375772  -0.1009140   0.0024420   0.009962  -0.003031   0.015000   0.015000  0.0019000  0.0007000    0.005000    0.002000
1978   9  24  43775   0.213773   0.372973  -0.1033552   0.0024510   0.010253  -0.003291   0.015000   0.015000  0.0019000  0.0007000    0.005000    0.002000
1978   9  25  43776   0.215273   0.370073  -0.1058203   0.0024950   0.010525  -0.003477   0.015000   0.015000  0.0019000  0.0007000    0.005000    0.002000
1978   9  26  43777   0.216773   0.367073  -0.1083495   0.0025690   0.010773  -0.003546   0.015000   0.015000  0.0019000  0.0007000    0.005000    0.002000
1978   9  27  43778   0.218174   0.364074  -0.1109706   0.0026860   0.010948  -0.003546   0.015000   0.015000  0.0019000  0.0007000    0.005000    0.002000
1978   9  28  43779   0.219474   0.361074  -0.1137198   0.0028150   0.010999  -0.003530   0.015000   0.015000  0.0019000  0.0007000    0.005000    0.002000
1978   9  29  43780   0.220874   0.357974  -0.1166129   0.0029640   0.010975  -0.003487   0.015000   0.015000  0.0019000  0.0007000    0.005000    0.002000
1978   9  30  43781   0.222074   0.354874  -0.1196471   0.0030890   0.010981  -0.003365   0.015000   0.015000  0.0019000  0.0007000    0.005000    0.002000
1978  10   1  43782   0.223275   0.351675  -0.1227972   0.0031980   0.011031  -0.003137   0.015000   0.015000  0.0019000  0.0007000    0.005000    0.002000
1978  10   2  43783   0.224475   0.348475  -0.1260323   0.0032780   0.011035  -0.002862   0.015000   0.015000  0.0019000  0.0007000    0.005000    0.002000
1978  10   3  43784   0.225575   0.345175  -0.1293295   0.0032960   0.010955  -0.002660   0.015000   0.015000  0.0019000  0.0007000    0.005000    0.002000
1978  10   4  43785   0.226575   0.341875  -0.1326106   0.0032600   0.010892  -0.002621   0.015000   0.015000  0.0019000  0.0007000    0.005000    0.002000
1978  10   5  43786   0.227576   0.338476  -0.1358468   0.0032010   0.010965  -0.002717   0.015000   0.015000  0.0019000  0.0007000    0.005000    0.002000
1978  10   6  43787   0.228476   0.334976  -0.1390089   0.0031200   0.011138  -0.002832   0.015000   0.015000  0.0019000  0.0007000    0.005000    0.002000
1978  10   7  43788   0.229376   0.331476  -0.1420931   0.0030460   0.011242  -0.002872   0.015000   0.015000  0.0019000  0.0007000    0.005000    0.002000
1978  10   8  43789   0.230177   0.327977  -0.1451242   0.0030100   0.011178  -0.002849   0.015000   0.015000  0.0019000  0.0007000    0.005000    0.002000
1978  10   9  43790   0.230877   0.324377  -0.1481434   0.0030270   0.011029  -0.002845   0.015000   0.015000  0.0019000  0.0007000    0.005000    0.002000
1978  10  10  43791   0.231577   0.320777  -0.1511945   0.0030940   0.010979  -0.002889   0.015000   0.015000  0.0019000  0.0007000    0.005000    0.002000
1978  10  11  43792   0.232177   0.317077  -0.1543447   0.0031990   0.011122  -0.002902   0.015000   0.015000  0.0019000  0.0007000    0.005000    0.002000
1978  10  12  43793   0.232678   0.313378  -0.1575968   0.0033040   0.011383  -0.002783   0.015000   0.015000  0.0019000  0.0007000    0.005000    0.002000
1978  10  13  43794   0.233178   0.309578  -0.1609440   0.0033970   0.011620  -0.002551   0.015000   0.015000  0.0019000  0.0007000    0.005000    0.002000
1978  10  14  43795   0.233578   0.305778  -0.1643631   0.0034270   0.011762  -0.002357   0.015000   0.015000  0.0019000  0.0007000    0.005000    0.002000
1978  10  15  43796   0.233878   0.301978  -0.1677763   0.0033960   0.011840  -0.002323   0.015000   0.015000  0.0019000  0.0007000    0.005000    0.002000
1978  10  16  43797   0.234179   0.298079  -0.1711224   0.0032980   0.011908  -0.002408   0.015000   0.015000  0.0019000  0.0007000    0.005000    0.002000
1978  10  17  43798   0.234379   0.294279  -0.1743475   0.0031440   0.011966  -0.002453   0.015000   0.015000  0.0019000  0.0007000    0.005000    0.002000
1978  10  18  43799   0.234579   0.290379  -0.1774157   0.0029830   0.011993  -0.002357   0.015000   0.015000  0.0019000  0.0007000    0.005000    0.002000
1978  10  19  43800   0.234680   0.286480  -0.1803268   0.0028440   0.012016  -0.002187   0.015000   0.015000  0.0019000  0.0007000    0.005000    0.002000
1978  10  20  43801   0.234680   0.282680  -0.1831050   0.0027260   0.012117  -0.002109   0.015000   0.015000  0.0019000  0.0007000    0.005000    0.002000
1978  10  21  43802   0.234680   0.278780  -0.1858041   0.0026580   0.012383  -0.002213   0.015000   0.015000  0.0019000  0.0007000    0.005000    0.002000
1978  10  22  43803   0.234580   0.274980  -0.1884463   0.0026320   0.012811  -0.002436   0.015000   0.015000  0.0019000  0.0007000    0.005000    0.002000
1978  10  23  43804   0.234481   0.271081  -0.1910824   0.0026490   0.013289  -0.002628   0.015000   0.015000  0.0019000  0.0007000    0.005000    0.002000
1978  10  24  43805   0.234181   0.267281  -0.1937556   0.0027020   0.013665  -0.002699   0.015000   0.015000  0.0019000  0.0007000    0.005000    0.002000
1978  10  25  43806   0.233981   0.263481  -0.1964947   0.0027830   0.013859  -0.002672   0.015000   0.015000  0.0019000  0.0007000    0.005000    0.002000
1978  10  26  43807   0.233681   0.259781  -0.1993259   0.0028790   0.013904  -0.002621   0.015000   0.015000  0.0019000  0.0007000    0.005000    0.002000
1978  10  27  43808   0.233282   0.255982  -0.2022550   0.0029780   0.013893  -0.002571   0.015000   0.015000  0.0019000  0.0007000    0.005000    0.002000
1978  10  28  43809   0.232882   0.252382  -0.2052682   0.0030670   0.013894  -0.002450   0.015000   0.015000  0.0019000  0.0007000    0.005000    0.002000
1978  10  29  43810   0.232382   0.248682  -0.2083723   0.0031350   0.013916  -0.002175   0.015000   0.015000  0.0019000  0.0007000    0.005000    0.002000
1978  10  30  43811   0.231883   0.245083  -0.2115385   0.0031690   0.013931  -0.001778   0.015000   0.015000  0.0019000  0.0007000    0.005000    0.002000
1978  10  31  43812   0.231383   0.241583  -0.2147056   0.0031700   0.013936  -0.001438   0.015000   0.015000  0.0019000  0.0007000    0.005000    0.002000
1978  11   1  43813   0.230783   0.238083  -0.2178537   0.0031190   0.013951  -0.001347   0.015000   0.015000  0.0019000  0.0007000    0.005000    0.002000
1978  11   2  43814   0.230183   0.234683  -0.2209349   0.0030500   0.013996  -0.001529   0.015000   0.015000  0.0019000  0.0007000    0.005000    0.002000
1978  11   3  43815   0.229584   0.231284  -0.2239440   0.0029710   0.014047  -0.001801   0.015000   0.015000  0.0019000  0.0007000    0.005000    0.002000
1978  11   4  43816   0.228884   0.227984  -0.2268882   0.0029330   0.014053  -0.001931   0.015000   0.015000  0.0019000  0.0007000    0.005000    0.002000
1978  11   5  43817   0.228184   0.224684  -0.2298163   0.0029340   0.013984  -0.001839   0.015000   0.015000  0.0019000  0.0007000    0.005000    0.002000
1978  11   6  43818   0.227384   0.221484  -0.2327755   0.0029890   0.013875  -0.001638   0.015000   0.015000  0.0019000  0.0007000    0.005000    0.002000
1978  11   7  43819   0.226685   0.218385  -0.2358166   0.0030910   0.013829  -0.001484   0.015000   0.015000  0.0019000  0.0007000    0.005000    0.002000
1978  11   8  43820   0.225885   0.215285  -0.2389628   0.0032080   0.013938  -0.001416   0.015000   0.015000  0.0019000  0.0007000    0.005000    0.002000
1978  11   9  43821   0.225085   0.212185  -0.2422199   0.0033020   0.014186  -0.001371   0.015000   0.015000  0.0019000  0.0007000    0.005000    0.002000
1978  11  10  43822   0.224186   0.209186  -0.2455541   0.0033670   0.014437  -0.001298   0.015000   0.015000  0.0019000  0.0007000    0.005000    0.002000
1978  11  11  43823   0.223386   0.206186  -0.2489352   0.0033770   0.014538  -0.001227   0.015000   0.015000  0.0019000  0.0007000    0.005000    0.002000
1978  11  12  43824   0.222486   0.203286  -0.2522994   0.0033290   0.014474  -0.001214   0.015000   0.015000  0.0019000  0.0007000    0.005000    0.002000
1978  11  13  43825   0.221586   0.200386  -0.2555765   0.0032310   0.014396  -0.001253   0.015000   0.015000  0.0019000  0.0007000    0.005000    0.002000
1978  11  14  43826   0.220587   0.197487  -0.2587516   0.0031170   0.014463  -0.001268   0.015000   0.015000  0.0019000  0.0007000    0.005000    0.002000
1978  11  15  43827   0.219687   0.194587  -0.2617988   0.0029920   0.014672  -0.001198   0.015000   0.015000  0.0019000  0.0007000    0.005000    0.002000
1978  11  16  43828   0.218687   0.191787  -0.2647419   0.0028880   0.014887  -0.001070   0.015000   0.015000  0.0019000  0.0007000    0.005000    0.002000
1978  11  17  43829   0.217588   0.188988  -0.2675971   0.0028280   0.015047  -0.000979   0.015000   0.015000  0.0019000  0.0007000    0.005000    0.002000
1978  11  18  43830   0.216588   0.186188  -0.2704032   0.0027990   0.015245  -0.000999   0.015000   0.015000  0.0019000  0.0007000    0.005000    0.002000
1978  11  19  43831   0.215488   0.183388  -0.2732074   0.0028090   0.015579  -0.001111   0.015000   0.015000  0.0019000  0.0007000    0.005000    0.002000
1978  11  20  43832   0.214288   0.180588  -0.2760415   0.0028660   0.015978  -0.001230   0.015000   0.015000  0.0019000  0.0007000    0.005000    0.002000
1978  11  21  43833   0.213089   0.177789  -0.2789407   0.0029430   0.016275  -0.001271   0.015000   0.015000  0.0019000  0.0007000    0.005000    0.002000
1978  11  22  43834   0.211889   0.174989  -0.2819258   0.0030310   0.016417  -0.001218   0.015000   0.015000  0.0019000  0.0007000    0.005000    0.002000
1978  11  23  43835   0.210589   0.172289  -0.2850030   0.0031260   0.016499  -0.001119   0.015000   0.015000  0.0019000  0.0007000    0.005000    0.002000
1978  11  24  43836   0.209289   0.169489  -0.2881761   0.0032070   0.016587  -0.001030   0.015000   0.015000  0.0019000  0.0007000    0.005000    0.002000
1978  11  25  43837   0.207990   0.166690  -0.2914233   0.0032740   0.016606  -0.000938   0.015000   0.015000  0.0019000  0.0007000    0.005000    0.002000
1978  11  26  43838   0.206590   0.163990  -0.2947264   0.0033270   0.016488  -0.000767   0.015000   0.015000  0.0019000  0.0007000    0.005000    0.002000
1978  11  27  43839   0.205090   0.161190  -0.2980565   0.0033260   0.016325  -0.000477   0.015000   0.015000  0.0019000  0.0007000    0.005000    0.002000
1978  11  28  43840   0.203591   0.158491  -0.3013647   0.0032950   0.016278  -0.000168   0.015000   0.015000  0.0019000  0.0007000    0.005000    0.002000
1978  11  29  43841   0.202091   0.155791  -0.3046348   0.0032300   0.016362  -0.000047   0.015000   0.015000  0.0019000  0.0007000    0.005000    0.002000
1978  11  30  43842   0.200491   0.153091  -0.3078100   0.0031390   0.016444  -0.000230   0.015000   0.015000  0.0019000  0.0007000    0.005000    0.002000
1978  12   1  43843   0.198891   0.150391  -0.3109181   0.0030710   0.016421  -0.000571   0.015000   0.015000  0.0019000  0.0007000    0.005000    0.002000
1978  12   2  43844   0.197292   0.147792  -0.3139673   0.0030360   0.016314  -0.000764   0.015000   0.015000  0.0019000  0.0007000    0.005000    0.002000
1978  12   3  43845   0.195592   0.145192  -0.3170074   0.0030650   0.016197  -0.000640   0.015000   0.015000  0.0019000  0.0007000    0.005000    0.002000
1978  12   4  43846   0.193892   0.142592  -0.3201016   0.0031290   0.016116  -0.000318   0.015000   0.015000  0.0019000  0.0007000    0.005000    0.002000
1978  12   5  43847   0.192192   0.139992  -0.3232717   0.0032110   0.016088  -0.000043   0.015000   0.015000  0.0019000  0.0007000    0.005000    0.002000
1978  12   6  43848   0.190393   0.137493  -0.3265209   0.0032890   0.016109   0.000063   0.015000   0.015000  0.0019000  0.0007000    0.005000    0.002000
1978  12   7  43849   0.188593   0.134993  -0.3298280   0.0033170   0.016163   0.000043   0.015000   0.015000  0.0019000  0.0007000    0.005000    0.002000
1978  12   8  43850   0.186793   0.132493  -0.3331352   0.0032920   0.016217  -0.000031   0.015000   0.015000  0.0019000  0.0007000    0.005000    0.002000
1978  12   9  43851   0.184894   0.130094  -0.3364043   0.0032250   0.016219  -0.000129   0.015000   0.015000  0.0019000  0.0007000    0.005000    0.002000
1978  12  10  43852   0.182994   0.127694  -0.3395724   0.0031150   0.016140  -0.000231   0.015000   0.015000  0.0019000  0.0007000    0.005000    0.002000
1978  12  11  43853   0.181194   0.125394  -0.3426146   0.0029690   0.016039  -0.000286   0.015000   0.015000  0.0019000  0.0007000    0.005000    0.002000
1978  12  12  43854   0.179294   0.123094  -0.3455077   0.0028280   0.016041  -0.000250   0.015000   0.015000  0.0019000  0.0007000    0.005000    0.002000
1978  12  13  43855   0.177295   0.120895  -0.3482659   0.0026920   0.016187  -0.000140   0.015000   0.015000  0.0019000  0.0007000    0.005000    0.002000
1978  12  14  43856   0.175395   0.118695  -0.3509030   0.0025960   0.016372  -0.000028   0.015000   0.015000  0.0019000  0.0007000    0.005000    0.002000
1978  12  15  43857   0.173395   0.116495  -0.3534612   0.0025280   0.016491   0.000027   0.015000   0.015000  0.0019000  0.0007000    0.005000    0.002000
1978  12  16  43858   0.171495   0.114395  -0.3559803   0.0025070   0.016581   0.000018   0.015000   0.015000  0.0019000  0.0007000    0.005000    0.002000
1978  12  17  43859   0.169496   0.112296  -0.3584985   0.0025220   0.016742  -0.000028   0.015000   0.015000  0.0019000  0.0007000    0.005000    0.002000
1978  12  18  43860   0.167496   0.110296  -0.3610356   0.0025670   0.016958  -0.000088   0.015000   0.015000  0.0019000  0.0007000    0.005000    0.002000
1978  12  19  43861   0.165496   0.108296  -0.3636308   0.0026340   0.017119  -0.000138   0.015000   0.015000  0.0019000  0.0007000    0.005000    0.002000
1978  12  20  43862   0.163597   0.106297  -0.3663079   0.0027120   0.017205  -0.000144   0.015000   0.015000  0.0019000  0.0007000    0.005000    0.002000
1978  12  21  43863   0.161597   0.104397  -0.3690641   0.0027980   0.017325  -0.000090   0.015000   0.015000  0.0019000  0.0007000    0.005000    0.002000
1978  12  22  43864   0.159497   0.102497  -0.3718902   0.0028740   0.017493  -0.000015   0.015000   0.015000  0.0019000  0.0007000    0.005000    0.002000
1978  12  23  43865   0.157497   0.100597  -0.3748043   0.0029400   0.017522   0.000023   0.015000   0.015000  0.0019000  0.0007000    0.005000    0.002000
1978  12  24  43866   0.155498   0.098798  -0.3777635   0.0029710   0.017266   0.000035   0.015000   0.015000  0.0019000  0.0007000    0.005000    0.002000
1978  12  25  43867   0.153498   0.096998  -0.3807476   0.0029930   0.016898   0.000113   0.015000   0.015000  0.0019000  0.0007000    0.005000    0.002000
1978  12  26  43868   0.151398   0.095198  -0.3837288   0.0029730   0.016721   0.000308   0.015000   0.015000  0.0019000  0.0007000    0.005000    0.002000
1978  12  27  43869   0.149398   0.093398  -0.3866879   0.0029420   0.016767   0.000492   0.015000   0.015000  0.0019000  0.0007000    0.005000    0.002000
1978  12  28  43870   0.147299   0.091699  -0.3896031   0.0029110   0.016785   0.000457   0.015000   0.015000  0.0019000  0.0007000    0.005000    0.002000
1978  12  29  43871   0.145199   0.089999  -0.3925102   0.0029090   0.016636   0.000194   0.015000   0.015000  0.0019000  0.0007000    0.005000    0.002000
1978  12  30  43872   0.143099   0.088299  -0.3954394   0.0029590   0.016456  -0.000025   0.015000   0.015000  0.0019000  0.0007000    0.005000    0.002000
1978  12  31  43873   0.140900   0.086600  -0.3984455   0.0030620   0.016431   0.000053   0.015000   0.015000  0.0019000  0.0007000    0.005000    0.002000
