

                   INTERNATIONAL EARTH ROTATION AND REFERENCE SYSTEMS SERVICE
                        EARTH ORIENTATION PARAMETERS
                          EOP (IERS) 08 C04

  
             FORMAT(3(I4),I7,2(F11.6),2(F12.7),2(F11.6),2(F11.6),2(F11.7),2F12.6)
**********************************************************************************
  
      Date      MJD      x          y        UT1-UTC       LOD         dPsi      dEps       x Err     y Err   UT1-UTC Err  LOD Err    dPsi Err   dEpsilon Err
                         "          "           s           s            "         "        "          "          s           s            "         "
     (0h UTC)

2009   1   1  54832  -0.017026   0.146233   0.4071532   0.0010604  -0.062160  -0.004235   0.000052   0.000053  0.0000054  0.0000076    0.000496    0.000254
2009   1   2  54833  -0.020388   0.147429   0.4059738   0.0012279  -0.062251  -0.004208   0.000052   0.000053  0.0000077  0.0000076    0.000421    0.000214
2009   1   3  54834  -0.023244   0.149064   0.4046741   0.0013014  -0.062334  -0.004196   0.000053   0.000054  0.0000091  0.0000076    0.000346    0.000173
2009   1   4  54835  -0.025738   0.150615   0.4033460   0.0013085  -0.062421  -0.004246   0.000058   0.000058  0.0000065  0.0000077    0.000271    0.000133
2009   1   5  54836  -0.029045   0.152715   0.4020677   0.0012157  -0.062566  -0.004269   0.000060   0.000059  0.0000039  0.0000077    0.000196    0.000093
2009   1   6  54837  -0.033356   0.154434   0.4009121   0.0010530  -0.062833  -0.004126   0.000058   0.000057  0.0000013  0.0000077    0.000121    0.000052
2009   1   7  54838  -0.037535   0.156207   0.3999393   0.0008132  -0.063252  -0.003948   0.000058   0.000058  0.0000072  0.0000079    0.000116    0.000045
2009   1   8  54839  -0.041695   0.157963   0.3992078   0.0005971  -0.063649  -0.003937   0.000059   0.000059  0.0000119  0.0000080    0.000130    0.000045
2009   1   9  54840  -0.045888   0.159630   0.3986770   0.0005392  -0.063688  -0.004168   0.000060   0.000060  0.0000035  0.0000081    0.000144    0.000046
2009   1  10  54841  -0.049557   0.161119   0.3981529   0.0006209  -0.063209  -0.004386   0.000061   0.000061  0.0000072  0.0000081    0.000147    0.000048
2009   1  11  54842  -0.053093   0.162708   0.3974749   0.0008066  -0.062573  -0.004351   0.000062   0.000063  0.0000096  0.0000085    0.000146    0.000051
2009   1  12  54843  -0.056477   0.164329   0.3965287   0.0011128  -0.062171  -0.004194   0.000062   0.000063  0.0000066  0.0000089    0.000145    0.000054
2009   1  13  54844  -0.059584   0.166087   0.3952896   0.0013444  -0.061987  -0.004223   0.000060   0.000061  0.0000022  0.0000088    0.000144    0.000056
2009   1  14  54845  -0.062423   0.167618   0.3938420   0.0015018  -0.061761  -0.004350   0.000060   0.000061  0.0000014  0.0000090    0.000118    0.000046
2009   1  15  54846  -0.065311   0.169251   0.3923252   0.0015090  -0.061792  -0.004454   0.000060   0.000062  0.0000014  0.0000091    0.000146    0.000060
2009   1  16  54847  -0.068177   0.170273   0.3908856   0.0013764  -0.062140  -0.004371   0.000060   0.000061  0.0000014  0.0000089    0.000192    0.000082
2009   1  17  54848  -0.070698   0.171383   0.3896308   0.0011817  -0.062534  -0.004277   0.000061   0.000062  0.0000085  0.0000089    0.000233    0.000099
2009   1  18  54849  -0.073253   0.173035   0.3885626   0.0009515  -0.062735  -0.004320   0.000062   0.000062  0.0000122  0.0000089    0.000272    0.000114
2009   1  19  54850  -0.075679   0.174869   0.3877573   0.0006397  -0.062684  -0.004461   0.000062   0.000063  0.0000098  0.0000091    0.000311    0.000130
2009   1  20  54851  -0.078305   0.177004   0.3872517   0.0003783  -0.062557  -0.004571   0.000063   0.000063  0.0000058  0.0000093    0.000350    0.000145
2009   1  21  54852  -0.081110   0.179475   0.3869773   0.0002359  -0.062517  -0.004554   0.000063   0.000062  0.0000018  0.0000093    0.000158    0.000060
2009   1  22  54853  -0.084382   0.181843   0.3868427   0.0000944  -0.062482  -0.004629   0.000063   0.000062  0.0000012  0.0000092    0.000054    0.000021
2009   1  23  54854  -0.087489   0.184163   0.3867854   0.0000560  -0.062401  -0.004794   0.000064   0.000063  0.0000014  0.0000093    0.000194    0.000076
2009   1  24  54855  -0.090118   0.186680   0.3867486   0.0000907  -0.062231  -0.004845   0.000064   0.000063  0.0000055  0.0000093    0.000344    0.000126
2009   1  25  54856  -0.091529   0.189284   0.3866253   0.0002202  -0.062035  -0.004689   0.000062   0.000060  0.0000065  0.0000086    0.000471    0.000163
2009   1  26  54857  -0.093220   0.192201   0.3863484   0.0003723  -0.061820  -0.004391   0.000057   0.000056  0.0000055  0.0000078    0.000597    0.000200
2009   1  27  54858  -0.094450   0.194730   0.3858794   0.0005532  -0.061591  -0.004143   0.000056   0.000055  0.0000045  0.0000077    0.000724    0.000237
2009   1  28  54859  -0.095950   0.197451   0.3851993   0.0007342  -0.061503  -0.004133   0.000056   0.000055  0.0000119  0.0000076    0.000573    0.000188
2009   1  29  54860  -0.098095   0.199963   0.3843660   0.0009029  -0.061603  -0.004292   0.000057   0.000056  0.0000186  0.0000077    0.000349    0.000116
2009   1  30  54861  -0.100263   0.202563   0.3834176   0.0009660  -0.061835  -0.004474   0.000057   0.000056  0.0000137  0.0000078    0.000124    0.000044
2009   1  31  54862  -0.102853   0.205265   0.3824425   0.0009531  -0.062061  -0.004585   0.000057   0.000056  0.0000076  0.0000079    0.000099    0.000038
2009   2   1  54863  -0.105436   0.207970   0.3815574   0.0008615  -0.062215  -0.004627   0.000059   0.000059  0.0000078  0.0000080    0.000147    0.000057
2009   2   2  54864  -0.107468   0.210576   0.3807161   0.0007138  -0.062375  -0.004609   0.000059   0.000058  0.0000057  0.0000078    0.000195    0.000076
2009   2   3  54865  -0.108392   0.213529   0.3800434   0.0005599  -0.062663  -0.004530   0.000058   0.000057  0.0000022  0.0000076    0.000243    0.000096
2009   2   4  54866  -0.109017   0.216924   0.3795276   0.0004487  -0.063047  -0.004412   0.000058   0.000058  0.0000071  0.0000077    0.000128    0.000050
2009   2   5  54867  -0.110062   0.220680   0.3790909   0.0004244  -0.063333  -0.004452   0.000058   0.000057  0.0000111  0.0000078    0.000137    0.000068
2009   2   6  54868  -0.111650   0.224346   0.3786355   0.0004656  -0.063313  -0.004780   0.000058   0.000057  0.0000033  0.0000080    0.000193    0.000069
2009   2   7  54869  -0.113828   0.227919   0.3780940   0.0006428  -0.063092  -0.005178   0.000060   0.000059  0.0000051  0.0000081    0.000210    0.000070
2009   2   8  54870  -0.115884   0.231338   0.3773345   0.0008963  -0.062649  -0.005336   0.000061   0.000060  0.0000088  0.0000082    0.000213    0.000075
2009   2   9  54871  -0.118083   0.234383   0.3763042   0.0011683  -0.062163  -0.005220   0.000061   0.000060  0.0000068  0.0000082    0.000217    0.000080
2009   2  10  54872  -0.119683   0.237157   0.3750251   0.0013946  -0.061796  -0.005058   0.000059   0.000058  0.0000023  0.0000080    0.000220    0.000085
2009   2  11  54873  -0.120548   0.240364   0.3735715   0.0014568  -0.061659  -0.004901   0.000059   0.000058  0.0000014  0.0000080    0.000151    0.000072
2009   2  12  54874  -0.121362   0.244045   0.3721214   0.0013792  -0.061703  -0.004841   0.000059   0.000059  0.0000015  0.0000081    0.000121    0.000060
2009   2  13  54875  -0.122391   0.247675   0.3708727   0.0011380  -0.061718  -0.004960   0.000059   0.000058  0.0000015  0.0000081    0.000216    0.000071
2009   2  14  54876  -0.123653   0.251172   0.3699438   0.0008407  -0.062083  -0.005075   0.000059   0.000058  0.0000093  0.0000082    0.000237    0.000072
2009   2  15  54877  -0.125278   0.254913   0.3692238   0.0006171  -0.062400  -0.005202   0.000065   0.000064  0.0000106  0.0000091    0.000218    0.000068
2009   2  16  54878  -0.126776   0.258683   0.3686771   0.0004182  -0.062454  -0.005331   0.000068   0.000068  0.0000107  0.0000097    0.000199    0.000064
2009   2  17  54879  -0.128643   0.262097   0.3683074   0.0003025  -0.062397  -0.005407   0.000067   0.000066  0.0000100  0.0000095    0.000180    0.000060
2009   2  18  54880  -0.130462   0.264992   0.3680657   0.0001881  -0.062356  -0.005456   0.000067   0.000067  0.0000028  0.0000095    0.000161    0.000056
2009   2  19  54881  -0.132327   0.267942   0.3679031   0.0001367  -0.062334  -0.005806   0.000066   0.000067  0.0000014  0.0000097    0.000162    0.000063
2009   2  20  54882  -0.133348   0.270364   0.3677703   0.0001833  -0.062215  -0.005836   0.000065   0.000066  0.0000016  0.0000099    0.000165    0.000065
2009   2  21  54883  -0.133721   0.273036   0.3676093   0.0002297  -0.061964  -0.005898   0.000066   0.000067  0.0000106  0.0000099    0.000165    0.000062
2009   2  22  54884  -0.134150   0.275757   0.3673502   0.0003481  -0.061764  -0.005878   0.000064   0.000065  0.0000124  0.0000093    0.000165    0.000059
2009   2  23  54885  -0.133799   0.278669   0.3668739   0.0005866  -0.061641  -0.005700   0.000061   0.000062  0.0000188  0.0000085    0.000165    0.000055
2009   2  24  54886  -0.133128   0.282083   0.3661528   0.0008416  -0.061487  -0.005509   0.000059   0.000060  0.0000186  0.0000083    0.000164    0.000051
2009   2  25  54887  -0.133353   0.285612   0.3652169   0.0009993  -0.061311  -0.005448   0.000060   0.000062  0.0000042  0.0000085    0.000143    0.000067
2009   2  26  54888  -0.133537   0.288912   0.3640776   0.0011746  -0.061184  -0.005536   0.000061   0.000063  0.0000018  0.0000087    0.000196    0.000100
2009   2  27  54889  -0.133619   0.292518   0.3628267   0.0012627  -0.061191  -0.005670   0.000061   0.000063  0.0000027  0.0000087    0.000271    0.000136
2009   2  28  54890  -0.133962   0.296136   0.3615821   0.0012302  -0.061325  -0.005755   0.000061   0.000063  0.0000074  0.0000088    0.000254    0.000129
2009   3   1  54891  -0.134376   0.299803   0.3603504   0.0011620  -0.061488  -0.005785   0.000058   0.000059  0.0000075  0.0000084    0.000204    0.000107
2009   3   2  54892  -0.134761   0.303218   0.3592008   0.0010409  -0.061643  -0.005801   0.000052   0.000053  0.0000046  0.0000080    0.000153    0.000084
2009   3   3  54893  -0.134758   0.306334   0.3581947   0.0009295  -0.061818  -0.005853   0.000052   0.000052  0.0000016  0.0000078    0.000102    0.000062
2009   3   4  54894  -0.134163   0.309625   0.3573129   0.0007949  -0.061846  -0.005865   0.000051   0.000052  0.0000164  0.0000076    0.000124    0.000055
2009   3   5  54895  -0.133708   0.313199   0.3565351   0.0007200  -0.061933  -0.006149   0.000051   0.000052  0.0000276  0.0000077    0.000158    0.000069
2009   3   6  54896  -0.133424   0.316779   0.3557782   0.0008478  -0.061925  -0.006603   0.000052   0.000053  0.0000073  0.0000081    0.000189    0.000089
2009   3   7  54897  -0.133142   0.320718   0.3548753   0.0010233  -0.061723  -0.006985   0.000053   0.000054  0.0000074  0.0000082    0.000192    0.000090
2009   3   8  54898  -0.132980   0.324564   0.3537909   0.0012236  -0.061403  -0.007139   0.000054   0.000054  0.0000096  0.0000080    0.000185    0.000084
2009   3   9  54899  -0.132804   0.328801   0.3524025   0.0015402  -0.061078  -0.007005   0.000053   0.000054  0.0000137  0.0000076    0.000179    0.000078
2009   3  10  54900  -0.132483   0.332889   0.3507512   0.0017412  -0.060836  -0.006699   0.000052   0.000053  0.0000111  0.0000075    0.000172    0.000072
2009   3  11  54901  -0.132168   0.336768   0.3490103   0.0017690  -0.060737  -0.006435   0.000053   0.000053  0.0000031  0.0000075    0.000166    0.000066
2009   3  12  54902  -0.131939   0.340558   0.3473088   0.0016650  -0.060882  -0.006352   0.000053   0.000054  0.0000015  0.0000076    0.000162    0.000062
2009   3  13  54903  -0.131766   0.343848   0.3457145   0.0014812  -0.061209  -0.006454   0.000053   0.000054  0.0000016  0.0000076    0.000158    0.000059
2009   3  14  54904  -0.130842   0.346662   0.3442688   0.0012540  -0.061509  -0.006653   0.000054   0.000054  0.0000513  0.0000078    0.000150    0.000056
2009   3  15  54905  -0.130339   0.350164   0.3431809   0.0010070  -0.061667  -0.006825   0.000054   0.000054  0.0000343  0.0000078    0.000140    0.000053
2009   3  16  54906  -0.129449   0.353234   0.3423226   0.0008176  -0.061652  -0.006896   0.000053   0.000053  0.0000096  0.0000076    0.000130    0.000050
2009   3  17  54907  -0.128487   0.356583   0.3415509   0.0006310  -0.061520  -0.006893   0.000052   0.000053  0.0000023  0.0000074    0.000120    0.000046
2009   3  18  54908  -0.127700   0.359829   0.3408992   0.0005676  -0.061312  -0.006953   0.000053   0.000054  0.0000009  0.0000072    0.000150    0.000057
2009   3  19  54909  -0.127283   0.363318   0.3403170   0.0006039  -0.060993  -0.007144   0.000053   0.000054  0.0000011  0.0000072    0.000191    0.000070
2009   3  20  54910  -0.126833   0.366763   0.3396996   0.0006829  -0.060556  -0.007425   0.000053   0.000053  0.0000013  0.0000074    0.000231    0.000084
2009   3  21  54911  -0.125981   0.370089   0.3389350   0.0008860  -0.060144  -0.007590   0.000054   0.000053  0.0000071  0.0000076    0.000241    0.000085
2009   3  22  54912  -0.124870   0.373599   0.3379291   0.0011442  -0.059928  -0.007563   0.000053   0.000051  0.0000129  0.0000074    0.000240    0.000081
2009   3  23  54913  -0.123472   0.376826   0.3366747   0.0013601  -0.059948  -0.007390   0.000050   0.000049  0.0000098  0.0000069    0.000239    0.000078
2009   3  24  54914  -0.122080   0.380434   0.3352183   0.0015474  -0.060059  -0.007189   0.000050   0.000049  0.0000027  0.0000067    0.000237    0.000075
2009   3  25  54915  -0.120928   0.384333   0.3336227   0.0016415  -0.060232  -0.007234   0.000050   0.000049  0.0000066  0.0000067    0.000210    0.000074
2009   3  26  54916  -0.119883   0.387858   0.3319554   0.0016680  -0.060338  -0.007373   0.000051   0.000049  0.0000106  0.0000068    0.000176    0.000075
2009   3  27  54917  -0.119193   0.391571   0.3302926   0.0016216  -0.060189  -0.007247   0.000050   0.000049  0.0000037  0.0000068    0.000280    0.000092
2009   3  28  54918  -0.118481   0.394864   0.3287241   0.0014864  -0.060262  -0.007177   0.000051   0.000049  0.0000058  0.0000069    0.000282    0.000089
2009   3  29  54919  -0.118058   0.398167   0.3273515   0.0012536  -0.060492  -0.007198   0.000052   0.000050  0.0000096  0.0000069    0.000247    0.000078
2009   3  30  54920  -0.118377   0.400766   0.3262199   0.0009980  -0.060686  -0.007325   0.000051   0.000050  0.0000071  0.0000068    0.000212    0.000068
2009   3  31  54921  -0.118902   0.403571   0.3252903   0.0008295  -0.060683  -0.007518   0.000051   0.000050  0.0000019  0.0000069    0.000177    0.000057
2009   4   1  54922  -0.118802   0.405888   0.3244726   0.0007745  -0.060437  -0.007780   0.000051   0.000051  0.0000011  0.0000068    0.000224    0.000074
2009   4   2  54923  -0.117776   0.408352   0.3236769   0.0008241  -0.060067  -0.008050   0.000051   0.000050  0.0000014  0.0000067    0.000293    0.000097
2009   4   3  54924  -0.116440   0.410919   0.3228212   0.0009341  -0.059696  -0.008329   0.000052   0.000051  0.0000018  0.0000067    0.000361    0.000120
2009   4   4  54925  -0.115139   0.413656   0.3218308   0.0011101  -0.059540  -0.008542   0.000052   0.000051  0.0000058  0.0000068    0.000352    0.000117
2009   4   5  54926  -0.113249   0.416429   0.3206205   0.0013241  -0.059484  -0.008645   0.000051   0.000050  0.0000062  0.0000069    0.000313    0.000104
2009   4   6  54927  -0.110787   0.419496   0.3191573   0.0015817  -0.059462  -0.008572   0.000050   0.000048  0.0000041  0.0000068    0.000275    0.000092
2009   4   7  54928  -0.108458   0.423066   0.3174875   0.0017420  -0.059511  -0.008325   0.000049   0.000047  0.0000020  0.0000067    0.000236    0.000079
2009   4   8  54929  -0.106894   0.426086   0.3157162   0.0017759  -0.059191  -0.008118   0.000048   0.000048  0.0000021  0.0000066    0.000118    0.000038
2009   4   9  54930  -0.105304   0.428851   0.3139800   0.0016366  -0.059121  -0.008072   0.000049   0.000048  0.0000028  0.0000066    0.000316    0.000092
2009   4  10  54931  -0.103774   0.431642   0.3123980   0.0014649  -0.059135  -0.008157   0.000049   0.000048  0.0000074  0.0000066    0.000370    0.000110
2009   4  11  54932  -0.102264   0.434586   0.3110250   0.0012832  -0.059114  -0.008353   0.000049   0.000048  0.0000107  0.0000066    0.000336    0.000104
2009   4  12  54933  -0.100728   0.437077   0.3098687   0.0010353  -0.059100  -0.008522   0.000050   0.000049  0.0000122  0.0000068    0.000302    0.000097
2009   4  13  54934  -0.098550   0.439504   0.3089350   0.0008141  -0.059129  -0.008543   0.000050   0.000049  0.0000112  0.0000070    0.000268    0.000091
2009   4  14  54935  -0.096546   0.442421   0.3081615   0.0007093  -0.059166  -0.008454   0.000049   0.000049  0.0000066  0.0000072    0.000234    0.000084
2009   4  15  54936  -0.094045   0.445592   0.3074332   0.0007456  -0.059133  -0.008407   0.000049   0.000048  0.0000020  0.0000072    0.000200    0.000078
2009   4  16  54937  -0.091460   0.449119   0.3066438   0.0008242  -0.059018  -0.008542   0.000049   0.000049  0.0000015  0.0000071    0.000116    0.000048
2009   4  17  54938  -0.088941   0.452397   0.3057452   0.0009583  -0.058779  -0.008779   0.000049   0.000049  0.0000019  0.0000069    0.000175    0.000066
2009   4  18  54939  -0.086883   0.455329   0.3047251   0.0011086  -0.058471  -0.008951   0.000049   0.000049  0.0000076  0.0000069    0.000195    0.000074
2009   4  19  54940  -0.084807   0.458177   0.3035589   0.0012720  -0.058262  -0.008947   0.000050   0.000049  0.0000095  0.0000069    0.000181    0.000071
2009   4  20  54941  -0.082726   0.460810   0.3021841   0.0014870  -0.058285  -0.008838   0.000049   0.000049  0.0000064  0.0000069    0.000167    0.000068
2009   4  21  54942  -0.080436   0.463483   0.3005850   0.0016957  -0.058517  -0.008771   0.000049   0.000049  0.0000021  0.0000071    0.000153    0.000065
2009   4  22  54943  -0.078554   0.466315   0.2988224   0.0018210  -0.058651  -0.008728   0.000048   0.000049  0.0000052  0.0000071    0.000061    0.000024
2009   4  23  54944  -0.076920   0.469205   0.2970066   0.0017976  -0.058804  -0.008615   0.000048   0.000049  0.0000082  0.0000069    0.000137    0.000055
2009   4  24  54945  -0.075944   0.471575   0.2952532   0.0016793  -0.058948  -0.008390   0.000047   0.000048  0.0000036  0.0000067    0.000268    0.000109
2009   4  25  54946  -0.074955   0.473791   0.2936377   0.0015093  -0.059187  -0.008229   0.000047   0.000049  0.0000076  0.0000067    0.000284    0.000116
2009   4  26  54947  -0.073736   0.476110   0.2922383   0.0012948  -0.059601  -0.008277   0.000048   0.000049  0.0000103  0.0000067    0.000258    0.000104
2009   4  27  54948  -0.071956   0.478032   0.2910394   0.0011022  -0.059973  -0.008554   0.000046   0.000048  0.0000074  0.0000067    0.000232    0.000093
2009   4  28  54949  -0.069798   0.480081   0.2899723   0.0010164  -0.060024  -0.008899   0.000046   0.000047  0.0000026  0.0000067    0.000206    0.000082
2009   4  29  54950  -0.067611   0.482239   0.2889584   0.0010102  -0.059639  -0.009100   0.000046   0.000047  0.0000018  0.0000067    0.000268    0.000099
2009   4  30  54951  -0.065195   0.484330   0.2878976   0.0010917  -0.059139  -0.009144   0.000047   0.000048  0.0000019  0.0000068    0.000352    0.000123
2009   5   1  54952  -0.062325   0.486405   0.2866991   0.0013182  -0.058929  -0.009151   0.000047   0.000047  0.0000061  0.0000066    0.000378    0.000135
2009   5   2  54953  -0.059549   0.488641   0.2853024   0.0015137  -0.058960  -0.009195   0.000046   0.000047  0.0000118  0.0000065    0.000381    0.000141
2009   5   3  54954  -0.056722   0.490422   0.2836978   0.0017137  -0.059044  -0.009263   0.000047   0.000047  0.0000135  0.0000065    0.000385    0.000148
2009   5   4  54955  -0.053893   0.492381   0.2819388   0.0018121  -0.059074  -0.009285   0.000045   0.000047  0.0000099  0.0000066    0.000388    0.000154
2009   5   5  54956  -0.051521   0.494268   0.2801350   0.0017550  -0.059081  -0.009206   0.000045   0.000047  0.0000046  0.0000067    0.000392    0.000161
2009   5   6  54957  -0.048951   0.495831   0.2784187   0.0016525  -0.059009  -0.009021   0.000045   0.000047  0.0000027  0.0000067    0.000359    0.000144
2009   5   7  54958  -0.045745   0.497692   0.2768967   0.0014173  -0.058953  -0.008864   0.000045   0.000047  0.0000017  0.0000066    0.000316    0.000120
2009   5   8  54959  -0.042774   0.499752   0.2756332   0.0011192  -0.058958  -0.008889   0.000046   0.000047  0.0000057  0.0000065    0.000281    0.000104
2009   5   9  54960  -0.039632   0.502103   0.2746751   0.0008689  -0.058918  -0.009095   0.000046   0.000048  0.0000116  0.0000067    0.000249    0.000092
2009   5  10  54961  -0.036649   0.504331   0.2739520   0.0006759  -0.058877  -0.009350   0.000047   0.000049  0.0000108  0.0000067    0.000216    0.000079
2009   5  11  54962  -0.033652   0.506087   0.2733315   0.0005509  -0.058917  -0.009487   0.000046   0.000047  0.0000063  0.0000066    0.000184    0.000067
2009   5  12  54963  -0.031115   0.507823   0.2727717   0.0005195  -0.058998  -0.009457   0.000045   0.000046  0.0000019  0.0000065    0.000151    0.000054
2009   5  13  54964  -0.028533   0.509858   0.2722377   0.0005396  -0.058936  -0.009370   0.000045   0.000047  0.0000045  0.0000066    0.000101    0.000036
2009   5  14  54965  -0.025754   0.511783   0.2716476   0.0006260  -0.058765  -0.009369   0.000045   0.000047  0.0000071  0.0000067    0.000046    0.000017
2009   5  15  54966  -0.023085   0.513823   0.2709334   0.0007723  -0.058589  -0.009415   0.000045   0.000047  0.0000026  0.0000066    0.000159    0.000056
2009   5  16  54967  -0.020160   0.515387   0.2700967   0.0009203  -0.058425  -0.009430   0.000046   0.000047  0.0000116  0.0000065    0.000189    0.000067
2009   5  17  54968  -0.016638   0.516867   0.2691096   0.0010499  -0.058267  -0.009310   0.000045   0.000047  0.0000140  0.0000061    0.000168    0.000060
2009   5  18  54969  -0.013014   0.518493   0.2679802   0.0012090  -0.058231  -0.009145   0.000044   0.000046  0.0000086  0.0000058    0.000147    0.000052
2009   5  19  54970  -0.009424   0.520156   0.2666974   0.0013901  -0.058464  -0.009129   0.000044   0.000045  0.0000022  0.0000059    0.000126    0.000045
2009   5  20  54971  -0.005985   0.521612   0.2652524   0.0014993  -0.058928  -0.009326   0.000044   0.000046  0.0000010  0.0000059    0.000164    0.000074
2009   5  21  54972  -0.002666   0.522672   0.2637560   0.0014593  -0.059301  -0.009456   0.000044   0.000046  0.0000013  0.0000059    0.000185    0.000079
2009   5  22  54973   0.000620   0.523974   0.2623645   0.0013205  -0.059525  -0.009342   0.000044   0.000046  0.0000016  0.0000059    0.000197    0.000074
2009   5  23  54974   0.003594   0.525267   0.2611852   0.0011381  -0.059767  -0.009066   0.000045   0.000046  0.0000093  0.0000059    0.000199    0.000078
2009   5  24  54975   0.007038   0.526202   0.2601485   0.0009745  -0.060099  -0.008938   0.000046   0.000046  0.0000114  0.0000062    0.000197    0.000086
2009   5  25  54976   0.010778   0.527475   0.2592689   0.0008006  -0.060338  -0.009080   0.000045   0.000045  0.0000106  0.0000063    0.000195    0.000093
2009   5  26  54977   0.013818   0.528760   0.2585174   0.0007101  -0.060275  -0.009297   0.000044   0.000044  0.0000075  0.0000063    0.000193    0.000101
2009   5  27  54978   0.016539   0.530081   0.2577756   0.0007570  -0.060001  -0.009405   0.000044   0.000044  0.0000030  0.0000062    0.000174    0.000072
2009   5  28  54979   0.019348   0.531510   0.2569233   0.0009230  -0.059837  -0.009400   0.000043   0.000043  0.0000021  0.0000063    0.000207    0.000088
2009   5  29  54980   0.021764   0.532668   0.2558760   0.0011795  -0.059926  -0.009377   0.000043   0.000043  0.0000021  0.0000063    0.000253    0.000116
2009   5  30  54981   0.024565   0.533316   0.2546206   0.0014001  -0.060133  -0.009314   0.000043   0.000044  0.0000094  0.0000061    0.000250    0.000115
2009   5  31  54982   0.027812   0.533683   0.2531717   0.0014742  -0.060382  -0.009230   0.000045   0.000044  0.0000142  0.0000063    0.000228    0.000102
2009   6   1  54983   0.031535   0.533537   0.2516920   0.0014088  -0.060552  -0.009144   0.000045   0.000044  0.0000118  0.0000065    0.000206    0.000089
2009   6   2  54984   0.035464   0.533702   0.2503358   0.0013081  -0.060581  -0.009075   0.000044   0.000043  0.0000071  0.0000065    0.000184    0.000076
2009   6   3  54985   0.039537   0.534397   0.2491572   0.0011076  -0.060544  -0.009022   0.000044   0.000043  0.0000024  0.0000066    0.000162    0.000063
2009   6   4  54986   0.043736   0.535186   0.2481729   0.0008673  -0.060660  -0.009051   0.000044   0.000043  0.0000026  0.0000066    0.000326    0.000129
2009   6   5  54987   0.048062   0.536525   0.2474159   0.0006185  -0.060862  -0.009151   0.000044   0.000044  0.0000041  0.0000066    0.000538    0.000215
2009   6   6  54988   0.051732   0.537781   0.2468993   0.0004565  -0.060998  -0.009293   0.000045   0.000045  0.0000096  0.0000067    0.000516    0.000205
2009   6   7  54989   0.055268   0.538780   0.2465075   0.0003309  -0.061087  -0.009499   0.000046   0.000046  0.0000137  0.0000069    0.000408    0.000159
2009   6   8  54990   0.058578   0.539462   0.2462060   0.0002418  -0.061161  -0.009649   0.000046   0.000046  0.0000097  0.0000069    0.000300    0.000113
2009   6   9  54991   0.061730   0.540018   0.2459633   0.0002549  -0.061199  -0.009600   0.000045   0.000045  0.0000025  0.0000067    0.000192    0.000067
2009   6  10  54992   0.064314   0.540476   0.2456803   0.0003423  -0.061143  -0.009430   0.000044   0.000045  0.0000011  0.0000067    0.000171    0.000057
2009   6  11  54993   0.067535   0.540332   0.2452545   0.0004712  -0.061073  -0.009270   0.000044   0.000046  0.0000013  0.0000068    0.000173    0.000056
2009   6  12  54994   0.071053   0.540545   0.2446278   0.0006675  -0.061125  -0.009204   0.000044   0.000045  0.0000091  0.0000068    0.000178    0.000058
2009   6  13  54995   0.074727   0.541057   0.2439131   0.0008190  -0.061234  -0.009182   0.000045   0.000046  0.0000174  0.0000069    0.000183    0.000062
2009   6  14  54996   0.078517   0.541492   0.2430881   0.0008913  -0.061284  -0.009101   0.000044   0.000045  0.0000177  0.0000064    0.000188    0.000066
2009   6  15  54997   0.082228   0.541830   0.2421333   0.0009555  -0.061304  -0.008998   0.000041   0.000042  0.0000122  0.0000056    0.000193    0.000070
2009   6  16  54998   0.085567   0.541783   0.2411510   0.0010437  -0.061500  -0.009043   0.000039   0.000041  0.0000035  0.0000053    0.000199    0.000075
2009   6  17  54999   0.088599   0.541716   0.2401387   0.0010327  -0.062018  -0.009254   0.000039   0.000041  0.0000018  0.0000053    0.000208    0.000080
2009   6  18  55000   0.091196   0.541130   0.2391674   0.0008946  -0.062673  -0.009448   0.000040   0.000041  0.0000017  0.0000054    0.000219    0.000087
2009   6  19  55001   0.094095   0.540663   0.2383457   0.0007265  -0.063221  -0.009374   0.000040   0.000041  0.0000017  0.0000055    0.000230    0.000093
2009   6  20  55002   0.097209   0.540446   0.2377553   0.0005304  -0.063542  -0.009106   0.000041   0.000041  0.0000105  0.0000055    0.000215    0.000087
2009   6  21  55003   0.100328   0.540313   0.2373540   0.0003335  -0.063699  -0.008924   0.000043   0.000043  0.0000150  0.0000058    0.000191    0.000078
2009   6  22  55004   0.103112   0.539769   0.2371243   0.0001630  -0.063639  -0.008981   0.000044   0.000045  0.0000104  0.0000061    0.000167    0.000068
2009   6  23  55005   0.105991   0.539071   0.2369988   0.0001071  -0.063332  -0.009118   0.000044   0.000045  0.0000030  0.0000061    0.000143    0.000058
2009   6  24  55006   0.109206   0.538389   0.2368338   0.0002076  -0.062994  -0.009114   0.000044   0.000045  0.0000055  0.0000061    0.000180    0.000079
2009   6  25  55007   0.112448   0.537943   0.2365280   0.0003864  -0.062824  -0.009021   0.000044   0.000045  0.0000085  0.0000061    0.000206    0.000086
2009   6  26  55008   0.115387   0.537508   0.2360354   0.0005628  -0.062872  -0.008988   0.000044   0.000045  0.0000037  0.0000062    0.000223    0.000087
2009   6  27  55009   0.118040   0.537241   0.2353693   0.0007108  -0.063222  -0.009009   0.000045   0.000045  0.0000121  0.0000063    0.000224    0.000086
2009   6  28  55010   0.120853   0.536607   0.2346512   0.0007477  -0.063791  -0.008922   0.000048   0.000049  0.0000210  0.0000067    0.000220    0.000083
2009   6  29  55011   0.123684   0.535899   0.2339571   0.0006267  -0.064461  -0.008751   0.000051   0.000051  0.0000155  0.0000070    0.000215    0.000081
2009   6  30  55012   0.126851   0.534671   0.2333904   0.0004070  -0.065003  -0.008682   0.000054   0.000055  0.0000038  0.0000069    0.000211    0.000078
2009   7   1  55013   0.130423   0.533636   0.2330772   0.0001644  -0.064885  -0.008699   0.000059   0.000061  0.0000017  0.0000069    0.000229    0.000089
2009   7   2  55014   0.134330   0.532557   0.2330230  -0.0000389  -0.064530  -0.008761   0.000058   0.000059  0.0000020  0.0000067    0.000253    0.000102
2009   7   3  55015   0.138470   0.531598   0.2331606  -0.0001930  -0.064654  -0.008868   0.000057   0.000058  0.0000061  0.0000067    0.000251    0.000102
2009   7   4  55016   0.142489   0.531005   0.2334340  -0.0003033  -0.065093  -0.008992   0.000057   0.000058  0.0000116  0.0000067    0.000239    0.000096
2009   7   5  55017   0.146001   0.530399   0.2337840  -0.0004276  -0.065729  -0.009201   0.000031   0.000033  0.0000035  0.0000075    0.000155    0.000067
2009   7   6  55018   0.149173   0.529511   0.2342126  -0.0004424  -0.066083  -0.009364   0.000030   0.000030  0.0000024  0.0000069    0.000147    0.000063
2009   7   7  55019   0.152128   0.528739   0.2346211  -0.0003852  -0.066243  -0.009352   0.000029   0.000029  0.0000008  0.0000069    0.000139    0.000058
2009   7   8  55020   0.154863   0.527582   0.2349410  -0.0002750  -0.065979  -0.009018   0.000029   0.000029  0.0000041  0.0000069    0.000140    0.000054
2009   7   9  55021   0.157258   0.526742   0.2351319  -0.0001313  -0.065631  -0.008589   0.000029   0.000029  0.0000048  0.0000070    0.000143    0.000051
2009   7  10  55022   0.159892   0.525679   0.2351873  -0.0000108  -0.065806  -0.008581   0.000030   0.000030  0.0000018  0.0000071    0.000258    0.000106
2009   7  11  55023   0.162796   0.524951   0.2351208   0.0001419  -0.066072  -0.008637   0.000030   0.000032  0.0000026  0.0000072    0.000280    0.000117
2009   7  12  55024   0.165855   0.524105   0.2349017   0.0003022  -0.066265  -0.008684   0.000033   0.000034  0.0000037  0.0000077    0.000254    0.000104
2009   7  13  55025   0.169046   0.523415   0.2345945   0.0003194  -0.066350  -0.008713   0.000034   0.000035  0.0000029  0.0000082    0.000228    0.000091
2009   7  14  55026   0.171976   0.522268   0.2342887   0.0003109  -0.066434  -0.008773   0.000033   0.000035  0.0000011  0.0000082    0.000202    0.000078
2009   7  15  55027   0.175583   0.521216   0.2339906   0.0002704  -0.066669  -0.008992   0.000033   0.000034  0.0000019  0.0000081    0.000224    0.000089
2009   7  16  55028   0.179216   0.520084   0.2337893   0.0001054  -0.067108  -0.009228   0.000033   0.000034  0.0000022  0.0000082    0.000258    0.000106
2009   7  17  55029   0.182712   0.518884   0.2337383  -0.0000025  -0.067584  -0.009284   0.000033   0.000034  0.0000013  0.0000083    0.000293    0.000123
2009   7  18  55030   0.185928   0.518288   0.2338017  -0.0001015  -0.067970  -0.009129   0.000034   0.000034  0.0000026  0.0000084    0.000340    0.000128
2009   7  19  55031   0.188851   0.517302   0.2339424  -0.0001601  -0.068126  -0.008988   0.000034   0.000034  0.0000037  0.0000080    0.000391    0.000130
2009   7  20  55032   0.191912   0.515932   0.2340881  -0.0001175  -0.067993  -0.009001   0.000033   0.000033  0.0000070  0.0000075    0.000443    0.000131
2009   7  21  55033   0.194980   0.514829   0.2341632  -0.0000162  -0.067694  -0.009041   0.000033   0.000033  0.0000075  0.0000076    0.000494    0.000132
2009   7  22  55034   0.197932   0.513566   0.2340957   0.0001457  -0.067159  -0.008906   0.000033   0.000033  0.0000017  0.0000078    0.000179    0.000057
2009   7  23  55035   0.200684   0.512191   0.2338050   0.0003733  -0.067150  -0.008785   0.000033   0.000033  0.0000008  0.0000078    0.000303    0.000088
2009   7  24  55036   0.203114   0.510605   0.2332777   0.0006050  -0.067385  -0.008836   0.000033   0.000033  0.0000012  0.0000076    0.000250    0.000089
2009   7  25  55037   0.205442   0.508752   0.2325739   0.0007691  -0.067620  -0.008968   0.000033   0.000033  0.0000021  0.0000077    0.000214    0.000083
2009   7  26  55038   0.207845   0.506883   0.2318094   0.0007433  -0.068020  -0.008929   0.000032   0.000032  0.0000032  0.0000079    0.000221    0.000082
2009   7  27  55039   0.210591   0.504746   0.2311011   0.0006427  -0.068710  -0.008713   0.000031   0.000031  0.0000029  0.0000076    0.000228    0.000081
2009   7  28  55040   0.213268   0.502760   0.2305498   0.0004626  -0.069384  -0.008585   0.000031   0.000031  0.0000013  0.0000073    0.000235    0.000079
2009   7  29  55041   0.215576   0.500227   0.2302332   0.0001998  -0.069636  -0.008666   0.000031   0.000031  0.0000048  0.0000071    0.000165    0.000055
2009   7  30  55042   0.217632   0.497830   0.2301654  -0.0000381  -0.069465  -0.008867   0.000031   0.000032  0.0000055  0.0000074    0.000076    0.000025
2009   7  31  55043   0.219531   0.495524   0.2303055  -0.0002025  -0.069184  -0.008914   0.000031   0.000032  0.0000019  0.0000076    0.000147    0.000050
2009   8   1  55044   0.221792   0.492923   0.2305787  -0.0003097  -0.069152  -0.008929   0.000031   0.000031  0.0000026  0.0000075    0.000177    0.000065
2009   8   2  55045   0.223944   0.490345   0.2309104  -0.0003274  -0.069309  -0.008963   0.000031   0.000031  0.0000037  0.0000077    0.000173    0.000071
2009   8   3  55046   0.225966   0.487592   0.2312048  -0.0002444  -0.069432  -0.009019   0.000031   0.000031  0.0000029  0.0000076    0.000168    0.000077
2009   8   4  55047   0.227933   0.485019   0.2313918  -0.0001239  -0.069423  -0.008998   0.000031   0.000031  0.0000012  0.0000076    0.000164    0.000083
2009   8   5  55048   0.230050   0.482345   0.2314553   0.0000116  -0.069426  -0.008742   0.000031   0.000031  0.0000049  0.0000076    0.000151    0.000074
2009   8   6  55049   0.232024   0.479957   0.2313484   0.0001927  -0.069463  -0.008394   0.000031   0.000031  0.0000055  0.0000075    0.000136    0.000061
2009   8   7  55050   0.234228   0.477553   0.2310498   0.0003811  -0.069604  -0.008189   0.000031   0.000031  0.0000017  0.0000074    0.000121    0.000048
2009   8   8  55051   0.236336   0.475320   0.2305894   0.0005315  -0.069753  -0.008241   0.000031   0.000031  0.0000025  0.0000074    0.000140    0.000053
2009   8   9  55052   0.238383   0.473143   0.2300025   0.0006263  -0.069939  -0.008448   0.000031   0.000032  0.0000037  0.0000074    0.000171    0.000065
2009   8  10  55053   0.240424   0.470729   0.2293462   0.0006562  -0.070078  -0.008629   0.000031   0.000032  0.0000030  0.0000073    0.000202    0.000076
2009   8  11  55054   0.242407   0.468239   0.2287030   0.0006052  -0.070105  -0.008712   0.000031   0.000031  0.0000017  0.0000073    0.000234    0.000088
2009   8  12  55055   0.244502   0.465695   0.2281579   0.0004723  -0.070424  -0.008812   0.000031   0.000031  0.0000022  0.0000076    0.000233    0.000088
2009   8  13  55056   0.246661   0.463298   0.2277799   0.0002665  -0.070945  -0.008915   0.000031   0.000032  0.0000021  0.0000075    0.000224    0.000084
2009   8  14  55057   0.248526   0.461311   0.2275979   0.0000965  -0.071575  -0.008986   0.000031   0.000032  0.0000010  0.0000074    0.000216    0.000081
2009   8  15  55058   0.249925   0.459130   0.2275859  -0.0000438  -0.071741  -0.008963   0.000031   0.000032  0.0000025  0.0000075    0.000204    0.000077
2009   8  16  55059   0.251517   0.456834   0.2276722  -0.0001012  -0.071513  -0.008973   0.000032   0.000034  0.0000037  0.0000081    0.000191    0.000073
2009   8  17  55060   0.252845   0.454384   0.2277355   0.0000032  -0.071011  -0.009055   0.000032   0.000034  0.0000029  0.0000082    0.000177    0.000068
2009   8  18  55061   0.253997   0.452002   0.2276255   0.0002454  -0.070429  -0.009067   0.000032   0.000033  0.0000012  0.0000080    0.000164    0.000064
2009   8  19  55062   0.254997   0.449598   0.2272283   0.0005222  -0.070506  -0.008952   0.000033   0.000033  0.0000048  0.0000081    0.000223    0.000077
2009   8  20  55063   0.256243   0.447094   0.2265517   0.0007535  -0.070972  -0.008780   0.000033   0.000034  0.0000058  0.0000081    0.000300    0.000095
2009   8  21  55064   0.257976   0.444758   0.2256682   0.0009403  -0.071470  -0.008741   0.000033   0.000035  0.0000026  0.0000082    0.000377    0.000112
2009   8  22  55065   0.259756   0.442490   0.2246725   0.0010055  -0.071562  -0.008778   0.000034   0.000035  0.0000029  0.0000083    0.000354    0.000107
2009   8  23  55066   0.260862   0.440344   0.2237111   0.0008776  -0.071630  -0.008722   0.000034   0.000034  0.0000037  0.0000083    0.000293    0.000094
2009   8  24  55067   0.261931   0.438015   0.2229052   0.0006860  -0.072013  -0.008518   0.000033   0.000033  0.0000029  0.0000080    0.000231    0.000081
2009   8  25  55068   0.263063   0.435816   0.2223086   0.0004776  -0.072498  -0.008342   0.000033   0.000033  0.0000013  0.0000080    0.000170    0.000067
2009   8  26  55069   0.264246   0.433528   0.2219229   0.0002829  -0.072451  -0.008369   0.000033   0.000033  0.0000049  0.0000080    0.000177    0.000059
2009   8  27  55070   0.265376   0.431155   0.2217158   0.0001287  -0.072125  -0.008601   0.000032   0.000033  0.0000064  0.0000079    0.000335    0.000093
2009   8  28  55071   0.266423   0.428725   0.2216264   0.0000463  -0.071703  -0.008782   0.000031   0.000033  0.0000042  0.0000078    0.000532    0.000140
2009   8  29  55072   0.267604   0.426162   0.2215794   0.0000492  -0.071372  -0.008736   0.000031   0.000033  0.0000037  0.0000078    0.000507    0.000135
2009   8  30  55073   0.268851   0.423540   0.2215106   0.0000916  -0.071251  -0.008609   0.000032   0.000034  0.0000037  0.0000081    0.000391    0.000109
2009   8  31  55074   0.269882   0.420780   0.2213846   0.0001701  -0.071226  -0.008526   0.000032   0.000034  0.0000028  0.0000082    0.000275    0.000083
2009   9   1  55075   0.270459   0.417975   0.2211624   0.0002869  -0.071204  -0.008446   0.000032   0.000033  0.0000010  0.0000080    0.000158    0.000057
2009   9   2  55076   0.270935   0.414840   0.2207856   0.0004648  -0.071274  -0.008335   0.000033   0.000034  0.0000048  0.0000081    0.000116    0.000043
2009   9   3  55077   0.271354   0.411714   0.2202289   0.0006418  -0.071381  -0.008178   0.000033   0.000034  0.0000056  0.0000081    0.000093    0.000031
2009   9   4  55078   0.272163   0.408816   0.2194976   0.0008180  -0.071473  -0.008147   0.000033   0.000033  0.0000019  0.0000080    0.000187    0.000066
2009   9   5  55079   0.272701   0.406249   0.2186242   0.0009346  -0.071550  -0.008190   0.000033   0.000034  0.0000026  0.0000080    0.000240    0.000082
2009   9   6  55080   0.272833   0.403537   0.2176658   0.0009869  -0.071713  -0.008310   0.000034   0.000035  0.0000037  0.0000080    0.000262    0.000086
2009   9   7  55081   0.272462   0.400599   0.2167135   0.0009255  -0.071937  -0.008397   0.000034   0.000034  0.0000037  0.0000080    0.000285    0.000090
2009   9   8  55082   0.272373   0.397444   0.2158568   0.0007957  -0.072090  -0.008348   0.000033   0.000033  0.0000028  0.0000080    0.000308    0.000093
2009   9   9  55083   0.272124   0.394524   0.2151561   0.0006167  -0.072116  -0.008474   0.000033   0.000034  0.0000009  0.0000082    0.000135    0.000047
2009   9  10  55084   0.271906   0.391746   0.2146433   0.0004433  -0.072148  -0.008448   0.000034   0.000035  0.0000008  0.0000081    0.000163    0.000064
2009   9  11  55085   0.271502   0.388949   0.2142932   0.0003043  -0.072224  -0.008452   0.000035   0.000035  0.0000011  0.0000078    0.000243    0.000097
2009   9  12  55086   0.271629   0.385881   0.2140291   0.0002678  -0.072215  -0.008524   0.000035   0.000035  0.0000027  0.0000079    0.000234    0.000093
2009   9  13  55087   0.271947   0.382744   0.2137366   0.0003579  -0.072062  -0.008681   0.000035   0.000035  0.0000037  0.0000081    0.000192    0.000076
2009   9  14  55088   0.272512   0.379736   0.2133134   0.0005316  -0.071773  -0.008861   0.000034   0.000034  0.0000028  0.0000081    0.000150    0.000059
2009   9  15  55089   0.273197   0.376527   0.2126861   0.0007459  -0.071500  -0.008923   0.000033   0.000033  0.0000009  0.0000081    0.000108    0.000042
2009   9  16  55090   0.274191   0.373662   0.2118060   0.0009970  -0.071534  -0.008773   0.000034   0.000033  0.0000018  0.0000079    0.000151    0.000066
2009   9  17  55091   0.275194   0.370984   0.2106584   0.0012598  -0.071795  -0.008478   0.000034   0.000033  0.0000022  0.0000077    0.000217    0.000101
2009   9  18  55092   0.275613   0.368385   0.2093245   0.0013574  -0.072039  -0.008225   0.000034   0.000034  0.0000014  0.0000075    0.000283    0.000136
2009   9  19  55093   0.275553   0.365755   0.2079675   0.0013206  -0.072051  -0.008167   0.000035   0.000034  0.0000027  0.0000075    0.000274    0.000131
2009   9  20  55094   0.274916   0.363265   0.2066982   0.0011871  -0.072031  -0.008214   0.000036   0.000034  0.0000040  0.0000078    0.000239    0.000111
2009   9  21  55095   0.274102   0.360494   0.2056254   0.0009377  -0.072237  -0.008258   0.000036   0.000035  0.0000033  0.0000082    0.000203    0.000091
2009   9  22  55096   0.273437   0.357593   0.2048303   0.0006430  -0.072592  -0.008302   0.000036   0.000035  0.0000014  0.0000083    0.000167    0.000070
2009   9  23  55097   0.272770   0.354482   0.2042914   0.0004419  -0.072651  -0.008289   0.000036   0.000035  0.0000056  0.0000078    0.000165    0.000060
2009   9  24  55098   0.272000   0.351347   0.2039125   0.0003375  -0.072261  -0.008251   0.000035   0.000035  0.0000063  0.0000075    0.000171    0.000052
2009   9  25  55099   0.271198   0.347963   0.2036100   0.0002875  -0.071679  -0.008145   0.000035   0.000035  0.0000018  0.0000081    0.000160    0.000055
2009   9  26  55100   0.270262   0.345017   0.2033428   0.0002726  -0.071240  -0.008039   0.000036   0.000035  0.0000025  0.0000086    0.000145    0.000055
2009   9  27  55101   0.269160   0.341956   0.2030644   0.0003044  -0.071002  -0.007976   0.000037   0.000035  0.0000037  0.0000086    0.000131    0.000054
2009   9  28  55102   0.268277   0.338955   0.2026854   0.0004693  -0.070916  -0.007988   0.000036   0.000035  0.0000028  0.0000085    0.000118    0.000052
2009   9  29  55103   0.267575   0.336639   0.2020959   0.0007184  -0.070959  -0.008039   0.000036   0.000036  0.0000008  0.0000084    0.000105    0.000050
2009   9  30  55104   0.266535   0.334075   0.2012333   0.0009770  -0.070935  -0.008041   0.000035   0.000036  0.0000047  0.0000082    0.000129    0.000056
2009  10   1  55105   0.265675   0.331321   0.2001343   0.0011874  -0.070923  -0.008007   0.000033   0.000034  0.0000056  0.0000076    0.000164    0.000064
2009  10   2  55106   0.265022   0.328386   0.1988914   0.0012589  -0.070876  -0.008002   0.000034   0.000034  0.0000021  0.0000075    0.000198    0.000073
2009  10   3  55107   0.264676   0.325631   0.1975984   0.0013031  -0.070856  -0.008091   0.000035   0.000035  0.0000027  0.0000080    0.000206    0.000080
2009  10   4  55108   0.264198   0.322972   0.1962804   0.0013134  -0.070893  -0.008203   0.000035   0.000035  0.0000037  0.0000071    0.000204    0.000086
2009  10   5  55109   0.263722   0.320331   0.1950163   0.0012087  -0.071025  -0.008240   0.000035   0.000035  0.0000030  0.0000070    0.000202    0.000092
2009  10   6  55110   0.263126   0.317878   0.1939101   0.0010064  -0.071196  -0.008169   0.000034   0.000034  0.0000015  0.0000076    0.000200    0.000099
2009  10   7  55111   0.262443   0.315500   0.1929824   0.0008438  -0.071514  -0.007968   0.000033   0.000033  0.0000050  0.0000076    0.000314    0.000121
2009  10   8  55112   0.261957   0.313379   0.1922225   0.0006954  -0.071533  -0.007755   0.000034   0.000034  0.0000055  0.0000079    0.000121    0.000041
2009  10   9  55113   0.261996   0.310883   0.1915873   0.0006141  -0.071072  -0.007684   0.000034   0.000034  0.0000016  0.0000080    0.000137    0.000052
2009  10  10  55114   0.261775   0.308539   0.1910048   0.0005874  -0.070592  -0.007751   0.000034   0.000033  0.0000025  0.0000080    0.000163    0.000063
2009  10  11  55115   0.261108   0.305922   0.1903993   0.0006563  -0.070150  -0.007900   0.000035   0.000033  0.0000037  0.0000079    0.000155    0.000059
2009  10  12  55116   0.260139   0.303650   0.1896713   0.0008256  -0.069753  -0.008074   0.000034   0.000033  0.0000070  0.0000073    0.000146    0.000055
2009  10  13  55117   0.258821   0.301333   0.1887291   0.0010772  -0.069474  -0.008186   0.000033   0.000033  0.0000075  0.0000074    0.000137    0.000050
2009  10  14  55118   0.257125   0.299087   0.1875474   0.0012913  -0.069358  -0.008145   0.000033   0.000033  0.0000017  0.0000080    0.000129    0.000046
2009  10  15  55119   0.254964   0.296167   0.1861674   0.0014304  -0.069650  -0.007900   0.000034   0.000033  0.0000006  0.0000080    0.000108    0.000040
2009  10  16  55120   0.253558   0.293040   0.1846803   0.0014844  -0.069862  -0.007648   0.000034   0.000033  0.0000007  0.0000081    0.000169    0.000064
2009  10  17  55121   0.252771   0.290508   0.1832068   0.0014297  -0.069883  -0.007425   0.000035   0.000034  0.0000025  0.0000081    0.000220    0.000081
2009  10  18  55122   0.251873   0.287923   0.1818745   0.0012198  -0.069858  -0.007342   0.000036   0.000036  0.0000037  0.0000082    0.000258    0.000090
2009  10  19  55123   0.250974   0.285545   0.1807696   0.0009736  -0.069892  -0.007413   0.000036   0.000036  0.0000031  0.0000084    0.000295    0.000100
2009  10  20  55124   0.249980   0.283393   0.1798943   0.0007846  -0.069974  -0.007544   0.000035   0.000035  0.0000020  0.0000084    0.000333    0.000110
2009  10  21  55125   0.249101   0.281490   0.1791843   0.0006445  -0.070403  -0.007586   0.000035   0.000035  0.0000057  0.0000078    0.000203    0.000062
2009  10  22  55126   0.247976   0.279230   0.1785729   0.0005697  -0.070234  -0.007651   0.000035   0.000036  0.0000063  0.0000081    0.000216    0.000073
2009  10  23  55127   0.247296   0.276612   0.1780188   0.0005598  -0.069667  -0.007656   0.000035   0.000037  0.0000021  0.0000088    0.000284    0.000106
2009  10  24  55128   0.246089   0.273910   0.1774942   0.0005405  -0.069086  -0.007525   0.000036   0.000037  0.0000029  0.0000085    0.000271    0.000103
2009  10  25  55129   0.244790   0.271020   0.1769243   0.0006314  -0.068582  -0.007419   0.000037   0.000038  0.0000040  0.0000084    0.000227    0.000087
2009  10  26  55130   0.243954   0.268768   0.1762193   0.0008043  -0.068241  -0.007384   0.000037   0.000039  0.0000027  0.0000084    0.000183    0.000070
2009  10  27  55131   0.242999   0.266601   0.1753322   0.0009887  -0.068117  -0.007354   0.000037   0.000038  0.0000008  0.0000081    0.000139    0.000054
2009  10  28  55132   0.241819   0.264243   0.1742713   0.0011316  -0.068234  -0.007313   0.000037   0.000037  0.0000020  0.0000083    0.000143    0.000059
2009  10  29  55133   0.240682   0.262163   0.1730948   0.0012121  -0.068468  -0.007282   0.000036   0.000037  0.0000024  0.0000087    0.000160    0.000069
2009  10  30  55134   0.239407   0.259767   0.1718509   0.0012519  -0.068689  -0.007310   0.000035   0.000037  0.0000010  0.0000080    0.000177    0.000079
2009  10  31  55135   0.237654   0.257600   0.1705661   0.0012937  -0.068731  -0.007400   0.000037   0.000038  0.0000028  0.0000081    0.000174    0.000078
2009  11   1  55136   0.235685   0.255643   0.1693264   0.0011763  -0.068629  -0.007435   0.000038   0.000038  0.0000040  0.0000087    0.000164    0.000072
2009  11   2  55137   0.234532   0.253364   0.1682011   0.0010440  -0.068483  -0.007344   0.000036   0.000037  0.0000028  0.0000085    0.000154    0.000066
2009  11   3  55138   0.234399   0.251609   0.1672180   0.0009272  -0.068361  -0.007180   0.000036   0.000036  0.0000010  0.0000084    0.000143    0.000061
2009  11   4  55139   0.233955   0.250083   0.1663897   0.0007541  -0.068245  -0.007001   0.000035   0.000036  0.0000054  0.0000085    0.000141    0.000059
2009  11   5  55140   0.233327   0.248236   0.1656813   0.0006720  -0.068068  -0.006895   0.000035   0.000037  0.0000062  0.0000088    0.000142    0.000057
2009  11   6  55141   0.231948   0.246238   0.1650281   0.0006786  -0.067792  -0.006845   0.000035   0.000037  0.0000017  0.0000089    0.000142    0.000056
2009  11   7  55142   0.229755   0.243695   0.1643564   0.0007271  -0.067555  -0.006842   0.000035   0.000037  0.0000027  0.0000089    0.000153    0.000060
2009  11   8  55143   0.227157   0.241061   0.1635998   0.0008317  -0.067391  -0.006876   0.000037   0.000039  0.0000042  0.0000093    0.000168    0.000066
2009  11   9  55144   0.224981   0.238631   0.1627213   0.0009749  -0.067317  -0.006950   0.000039   0.000041  0.0000032  0.0000093    0.000183    0.000071
2009  11  10  55145   0.222837   0.236396   0.1616847   0.0011436  -0.067301  -0.007026   0.000040   0.000041  0.0000012  0.0000093    0.000198    0.000077
2009  11  11  55146   0.220643   0.234356   0.1604640   0.0012830  -0.067269  -0.007118   0.000040   0.000041  0.0000052  0.0000096    0.000342    0.000109
2009  11  12  55147   0.218065   0.232236   0.1591258   0.0013386  -0.067083  -0.006946   0.000037   0.000040  0.0000063  0.0000096    0.000428    0.000128
2009  11  13  55148   0.215700   0.230219   0.1578047   0.0012875  -0.066818  -0.006537   0.000037   0.000040  0.0000024  0.0000095    0.000260    0.000109
2009  11  14  55149   0.212865   0.228335   0.1566409   0.0010714  -0.066849  -0.006235   0.000039   0.000041  0.0000031  0.0000096    0.000181    0.000092
2009  11  15  55150   0.209699   0.226629   0.1556948   0.0008398  -0.066998  -0.006126   0.000041   0.000042  0.0000042  0.0000094    0.000163    0.000080
2009  11  16  55151   0.206224   0.225135   0.1549652   0.0006431  -0.067069  -0.006223   0.000041   0.000042  0.0000031  0.0000091    0.000145    0.000068
2009  11  17  55152   0.203234   0.223707   0.1544069   0.0005016  -0.067035  -0.006445   0.000040   0.000042  0.0000009  0.0000091    0.000127    0.000055
2009  11  18  55153   0.200528   0.222344   0.1539458   0.0004313  -0.066739  -0.006509   0.000041   0.000042  0.0000038  0.0000094    0.000164    0.000057
2009  11  19  55154   0.198074   0.220896   0.1535646   0.0003452  -0.066432  -0.006491   0.000040   0.000041  0.0000071  0.0000093    0.000080    0.000023
2009  11  20  55155   0.195719   0.219416   0.1532142   0.0003623  -0.066385  -0.006388   0.000040   0.000041  0.0000086  0.0000094    0.000230    0.000060
2009  11  21  55156   0.193596   0.218018   0.1527721   0.0005224  -0.066036  -0.006218   0.000041   0.000041  0.0000067  0.0000097    0.000269    0.000075
2009  11  22  55157   0.191473   0.216755   0.1521420   0.0007244  -0.065585  -0.006125   0.000039   0.000039  0.0000040  0.0000092    0.000234    0.000072
2009  11  23  55158   0.189707   0.215259   0.1513051   0.0009319  -0.065318  -0.006127   0.000037   0.000037  0.0000028  0.0000085    0.000199    0.000069
2009  11  24  55159   0.187816   0.214006   0.1502920   0.0010631  -0.065294  -0.006125   0.000037   0.000037  0.0000010  0.0000083    0.000164    0.000066
2009  11  25  55160   0.185876   0.212822   0.1491494   0.0011856  -0.065606  -0.006067   0.000037   0.000037  0.0000047  0.0000082    0.000536    0.000129
2009  11  26  55161   0.183584   0.212417   0.1478948   0.0012834  -0.065989  -0.005996   0.000037   0.000037  0.0000052  0.0000084    0.000483    0.000130
2009  11  27  55162   0.180912   0.211904   0.1465551   0.0013498  -0.066366  -0.006032   0.000036   0.000037  0.0000030  0.0000086    0.000234    0.000102
2009  11  28  55163   0.178024   0.211051   0.1452079   0.0013069  -0.066570  -0.006191   0.000036   0.000038  0.0000036  0.0000088    0.000202    0.000088
2009  11  29  55164   0.174969   0.210078   0.1439482   0.0011818  -0.066617  -0.006241   0.000037   0.000038  0.0000040  0.0000086    0.000171    0.000075
2009  11  30  55165   0.172186   0.209479   0.1428495   0.0010013  -0.066473  -0.006078   0.000036   0.000036  0.0000027  0.0000083    0.000139    0.000062
2009  12   1  55166   0.168820   0.208712   0.1419521   0.0007969  -0.066210  -0.005817   0.000035   0.000035  0.0000008  0.0000076    0.000108    0.000049
2009  12   2  55167   0.165198   0.207651   0.1412390   0.0006561  -0.065890  -0.005692   0.000034   0.000035  0.0000046  0.0000074    0.000077    0.000034
2009  12   3  55168   0.161827   0.206174   0.1406117   0.0006345  -0.065543  -0.005723   0.000033   0.000035  0.0000059  0.0000078    0.000045    0.000018
2009  12   4  55169   0.158982   0.204743   0.1399516   0.0007337  -0.065282  -0.005796   0.000033   0.000035  0.0000030  0.0000079    0.000343    0.000178
2009  12   5  55170   0.156642   0.203291   0.1391706   0.0008865  -0.065165  -0.005769   0.000034   0.000036  0.0000034  0.0000083    0.000389    0.000200
2009  12   6  55171   0.154450   0.202123   0.1382308   0.0010321  -0.065207  -0.005742   0.000038   0.000040  0.0000045  0.0000092    0.000301    0.000151
2009  12   7  55172   0.152197   0.201226   0.1371163   0.0012208  -0.065304  -0.005811   0.000041   0.000043  0.0000035  0.0000098    0.000212    0.000101
2009  12   8  55173   0.149703   0.200522   0.1358307   0.0013625  -0.065322  -0.005913   0.000040   0.000043  0.0000009  0.0000087    0.000124    0.000052
2009  12   9  55174   0.147236   0.199623   0.1344300   0.0014239  -0.065108  -0.005806   0.000040   0.000043  0.0000020  0.0000085    0.000210    0.000069
2009  12  10  55175   0.145104   0.198562   0.1330319   0.0013527  -0.064947  -0.005694   0.000040   0.000042  0.0000023  0.0000087    0.000223    0.000078
2009  12  11  55176   0.142583   0.197687   0.1317700   0.0011580  -0.064917  -0.005551   0.000041   0.000042  0.0000010  0.0000088    0.000200    0.000078
2009  12  12  55177   0.140327   0.196743   0.1307345   0.0009203  -0.065079  -0.005408   0.000041   0.000043  0.0000031  0.0000096    0.000177    0.000071
2009  12  13  55178   0.138305   0.196159   0.1298967   0.0007620  -0.065316  -0.005354   0.000041   0.000043  0.0000047  0.0000098    0.000155    0.000062
2009  12  14  55179   0.136196   0.195912   0.1292026   0.0006489  -0.065446  -0.005427   0.000041   0.000043  0.0000035  0.0000099    0.000133    0.000052
2009  12  15  55180   0.133234   0.195621   0.1286057   0.0005608  -0.065390  -0.005599   0.000041   0.000043  0.0000010  0.0000095    0.000111    0.000042
2009  12  16  55181   0.130516   0.195108   0.1280351   0.0005798  -0.064952  -0.005573   0.000041   0.000042  0.0000051  0.0000094    0.000128    0.000050
2009  12  17  55182   0.127836   0.194647   0.1274354   0.0006311  -0.064639  -0.005477   0.000042   0.000040  0.0000063  0.0000095    0.000136    0.000051
2009  12  18  55183   0.125412   0.193979   0.1267714   0.0007050  -0.064640  -0.005307   0.000042   0.000041  0.0000024  0.0000095    0.000272    0.000119
2009  12  19  55184   0.123406   0.193670   0.1260170   0.0008202  -0.064430  -0.005082   0.000042   0.000042  0.0000030  0.0000095    0.000284    0.000128
2009  12  20  55185   0.121745   0.193592   0.1251151   0.0009917  -0.064152  -0.004945   0.000042   0.000041  0.0000042  0.0000093    0.000235    0.000108
2009  12  21  55186   0.120039   0.193554   0.1240491   0.0011416  -0.064041  -0.004956   0.000039   0.000040  0.0000031  0.0000091    0.000186    0.000087
2009  12  22  55187   0.118103   0.193169   0.1228445   0.0012610  -0.064133  -0.005029   0.000038   0.000041  0.0000010  0.0000092    0.000136    0.000066
2009  12  23  55188   0.116014   0.192900   0.1215344   0.0013331  -0.064217  -0.004999   0.000039   0.000041  0.0000009  0.0000091    0.000226    0.000102
2009  12  24  55189   0.113872   0.192455   0.1202182   0.0012784  -0.064415  -0.005011   0.000038   0.000041  0.0000022  0.0000090    0.000251    0.000112
2009  12  25  55190   0.112080   0.192049   0.1189566   0.0012219  -0.064673  -0.005169   0.000039   0.000041  0.0000030  0.0000091    0.000239    0.000106
2009  12  26  55191   0.110403   0.191817   0.1177904   0.0010946  -0.064983  -0.005427   0.000041   0.000041  0.0000036  0.0000092    0.000227    0.000100
2009  12  27  55192   0.108657   0.191751   0.1167661   0.0009457  -0.065278  -0.005562   0.000041   0.000042  0.0000045  0.0000097    0.000214    0.000094
2009  12  28  55193   0.106800   0.191802   0.1159196   0.0007594  -0.065471  -0.005411   0.000042   0.000042  0.0000036  0.0000100    0.000202    0.000088
2009  12  29  55194   0.104835   0.191866   0.1152888   0.0005220  -0.065562  -0.005114   0.000042   0.000042  0.0000012  0.0000100    0.000190    0.000082
2009  12  30  55195   0.102809   0.191975   0.1148664   0.0003730  -0.065077  -0.004904   0.000043   0.000042  0.0000020  0.0000096    0.000340    0.000140
2009  12  31  55196   0.100710   0.192257   0.1145165   0.0003994  -0.064653  -0.005016   0.000043   0.000042  0.0000067  0.0000093    0.000355    0.000145
