

                   INTERNATIONAL EARTH ROTATION AND REFERENCE SYSTEMS SERVICE
                        EARTH ORIENTATION PARAMETERS
                          EOP (IERS) 08 C04

  
             FORMAT(3(I4),I7,2(F11.6),2(F12.7),2(F11.6),2(F11.6),2(F11.7),2F12.6)
**********************************************************************************
  
      Date      MJD      x          y        UT1-UTC       LOD         dPsi      dEps       x Err     y Err   UT1-UTC Err  LOD Err    dPsi Err   dEpsilon Err
                         "          "           s           s            "         "        "          "          s           s            "         "
     (0h UTC)

1995   1   1  49718  -0.153165   0.417896   0.3986810   0.0026491  -0.022889  -0.004642   0.000263   0.000320  0.0000012  0.0000190    0.000444    0.000171
1995   1   2  49719  -0.150187   0.420906   0.3959660   0.0027738  -0.022861  -0.004391   0.000307   0.000384  0.0000013  0.0000313    0.000439    0.000170
1995   1   3  49720  -0.148866   0.423992   0.3931318   0.0029165  -0.022806  -0.004130   0.000249   0.000326  0.0000013  0.0000418    0.000434    0.000169
1995   1   4  49721  -0.146696   0.426796   0.3901814   0.0029952  -0.022643  -0.004057   0.000168   0.000223  0.0000013  0.0000399    0.000429    0.000168
1995   1   5  49722  -0.144834   0.428891   0.3871639   0.0030071  -0.022536  -0.004107   0.000170   0.000180  0.0000016  0.0000375    0.000446    0.000185
1995   1   6  49723  -0.143388   0.431037   0.3841550   0.0029650  -0.022703  -0.004135   0.000240   0.000251  0.0000020  0.0000344    0.000470    0.000207
1995   1   7  49724  -0.141525   0.433518   0.3812301   0.0028813  -0.023041  -0.004102   0.000296   0.000355  0.0000024  0.0000319    0.000494    0.000229
1995   1   8  49725  -0.140591   0.435641   0.3784450   0.0027295  -0.023260  -0.004078   0.000329   0.000419  0.0000028  0.0000307    0.000519    0.000251
1995   1   9  49726  -0.139065   0.437313   0.3758276   0.0025465  -0.023266  -0.004117   0.000263   0.000281  0.0000031  0.0000295    0.000543    0.000273
1995   1  10  49727  -0.137169   0.439252   0.3733802   0.0023532  -0.023192  -0.004199   0.000202   0.000167  0.0000035  0.0000264    0.000567    0.000295
1995   1  11  49728  -0.135704   0.441756   0.3710836   0.0022410  -0.023174  -0.004302   0.000158   0.000130  0.0000017  0.0000246    0.000455    0.000194
1995   1  12  49729  -0.133580   0.444572   0.3689036   0.0021565  -0.023042  -0.004329   0.000146   0.000148  0.0000013  0.0000264    0.000438    0.000170
1995   1  13  49730  -0.132170   0.446935   0.3667972   0.0020810  -0.022767  -0.004283   0.000182   0.000189  0.0000013  0.0000289    0.000456    0.000174
1995   1  14  49731  -0.131102   0.448996   0.3647200   0.0020670  -0.022478  -0.004192   0.000189   0.000222  0.0000014  0.0000295    0.000474    0.000178
1995   1  15  49732  -0.129870   0.451326   0.3626302   0.0021181  -0.022310  -0.004113   0.000216   0.000250  0.0000014  0.0000295    0.000491    0.000182
1995   1  16  49733  -0.128385   0.454425   0.3604904   0.0021759  -0.022241  -0.004134   0.000195   0.000214  0.0000014  0.0000289    0.000509    0.000185
1995   1  17  49734  -0.128479   0.456771   0.3582658   0.0022671  -0.022164  -0.004313   0.000132   0.000166  0.0000015  0.0000301    0.000527    0.000189
1995   1  18  49735  -0.127752   0.459000   0.3559257   0.0023932  -0.022084  -0.004605   0.000110   0.000130  0.0000015  0.0000319    0.000545    0.000193
1995   1  19  49736  -0.127631   0.461054   0.3534486   0.0025356  -0.022188  -0.004913   0.000123   0.000130  0.0000015  0.0000319    0.000813    0.000286
1995   1  20  49737  -0.125616   0.462831   0.3508318   0.0026832  -0.022429  -0.005033   0.000166   0.000174  0.0000014  0.0000307    0.000876    0.000313
1995   1  21  49738  -0.125081   0.464109   0.3480953   0.0028028  -0.022690  -0.004922   0.000251   0.000225  0.0000014  0.0000307    0.000772    0.000285
1995   1  22  49739  -0.123471   0.465737   0.3452796   0.0028549  -0.022852  -0.004650   0.000372   0.000290  0.0000014  0.0000319    0.000668    0.000257
1995   1  23  49740  -0.122012   0.467491   0.3424342   0.0028626  -0.022902  -0.004305   0.000331   0.000260  0.0000013  0.0000326    0.000563    0.000228
1995   1  24  49741  -0.120989   0.470244   0.3396056   0.0028117  -0.022958  -0.003990   0.000152   0.000138  0.0000013  0.0000326    0.000459    0.000200
1995   1  25  49742  -0.119393   0.472454   0.3368260   0.0027289  -0.023125  -0.003843   0.000087   0.000086  0.0000011  0.0000313    0.000408    0.000154
1995   1  26  49743  -0.117826   0.475312   0.3341069   0.0026700  -0.023432  -0.003997   0.000168   0.000137  0.0000015  0.0000301    0.000485    0.000175
1995   1  27  49744  -0.116743   0.477814   0.3314401   0.0026447  -0.023765  -0.004445   0.000199   0.000165  0.0000021  0.0000289    0.000601    0.000219
1995   1  28  49745  -0.115778   0.479963   0.3287937   0.0026491  -0.024000  -0.004979   0.000221   0.000214  0.0000021  0.0000289    0.000784    0.000297
1995   1  29  49746  -0.115445   0.481511   0.3261154   0.0027146  -0.024101  -0.005233   0.000358   0.000399  0.0000021  0.0000295    0.000973    0.000377
1995   1  30  49747  -0.114643   0.483158   0.3233616   0.0027935  -0.024056  -0.005057   0.000361   0.000440  0.0000021  0.0000301    0.001162    0.000458
1995   1  31  49748  -0.114601   0.484649   0.3205261   0.0028720  -0.023879  -0.004628   0.000256   0.000317  0.0000021  0.0000301    0.001351    0.000539
1995   2   1  49749  -0.115704   0.486310   0.3176454   0.0029136  -0.023558  -0.004146   0.000187   0.000209  0.0000017  0.0000301    0.000723    0.000262
1995   2   2  49750  -0.115783   0.488026   0.3147758   0.0029004  -0.023478  -0.004049   0.000151   0.000162  0.0000070  0.0000301    0.000915    0.000490
1995   2   3  49751  -0.115866   0.489365   0.3119120   0.0028392  -0.023603  -0.004370   0.000106   0.000116  0.0000042  0.0000295    0.000682    0.000330
1995   2   4  49752  -0.115325   0.490817   0.3090713   0.0027606  -0.023765  -0.004746   0.000209   0.000205  0.0000009  0.0000295    0.000432    0.000146
1995   2   5  49753  -0.113992   0.491902   0.3063062   0.0026832  -0.023847  -0.004982   0.000385   0.000380  0.0000010  0.0000289    0.000429    0.000149
1995   2   6  49754  -0.112074   0.493351   0.3036581   0.0025908  -0.023856  -0.005104   0.000307   0.000315  0.0000010  0.0000289    0.000425    0.000151
1995   2   7  49755  -0.109368   0.494972   0.3011464   0.0024779  -0.023885  -0.005167   0.000179   0.000196  0.0000010  0.0000295    0.000421    0.000153
1995   2   8  49756  -0.106329   0.497249   0.2987642   0.0023414  -0.023989  -0.005225   0.000131   0.000136  0.0000011  0.0000289    0.000418    0.000156
1995   2   9  49757  -0.102988   0.499695   0.2964859   0.0022194  -0.024148  -0.005285   0.000139   0.000136  0.0000011  0.0000307    0.000484    0.000187
1995   2  10  49758  -0.099444   0.502502   0.2942785   0.0021567  -0.024286  -0.005299   0.000197   0.000186  0.0000012  0.0000350    0.000573    0.000227
1995   2  11  49759  -0.097793   0.504319   0.2921071   0.0021702  -0.024410  -0.005260   0.000256   0.000203  0.0000013  0.0000375    0.000663    0.000267
1995   2  12  49760  -0.096310   0.506734   0.2899339   0.0022024  -0.024521  -0.005235   0.000239   0.000226  0.0000014  0.0000381    0.000752    0.000307
1995   2  13  49761  -0.095181   0.508472   0.2877135   0.0022721  -0.024486  -0.005309   0.000193   0.000212  0.0000014  0.0000375    0.000842    0.000348
1995   2  14  49762  -0.094389   0.509482   0.2853922   0.0024033  -0.024129  -0.005485   0.000172   0.000139  0.0000015  0.0000375    0.000931    0.000388
1995   2  15  49763  -0.092989   0.510777   0.2829189   0.0025722  -0.023247  -0.005593   0.000134   0.000105  0.0000016  0.0000387    0.000589    0.000212
1995   2  16  49764  -0.091029   0.511784   0.2802655   0.0027141  -0.022622  -0.005694   0.000136   0.000110  0.0000027  0.0000418    0.000518    0.000232
1995   2  17  49765  -0.089076   0.513548   0.2774580   0.0028047  -0.022184  -0.005606   0.000165   0.000145  0.0000030  0.0000455    0.000533    0.000254
1995   2  18  49766  -0.087209   0.514588   0.2745712   0.0028484  -0.022021  -0.005410   0.000214   0.000180  0.0000027  0.0000461    0.000539    0.000241
1995   2  19  49767  -0.085362   0.516724   0.2717003   0.0028230  -0.022154  -0.005268   0.000255   0.000202  0.0000024  0.0000436    0.000546    0.000228
1995   2  20  49768  -0.083614   0.517908   0.2689270   0.0027322  -0.022474  -0.005233   0.000232   0.000222  0.0000021  0.0000418    0.000552    0.000215
1995   2  21  49769  -0.082237   0.519291   0.2662916   0.0026410  -0.022953  -0.005281   0.000182   0.000206  0.0000018  0.0000418    0.000558    0.000202
1995   2  22  49770  -0.080422   0.520076   0.2637818   0.0025256  -0.023611  -0.005393   0.000148   0.000153  0.0000015  0.0000418    0.000565    0.000189
1995   2  23  49771  -0.079374   0.521516   0.2613437   0.0024452  -0.024482  -0.005630   0.000214   0.000170  0.0000016  0.0000430    0.000740    0.000269
1995   2  24  49772  -0.076752   0.522854   0.2589051   0.0024421  -0.025264  -0.005965   0.000261   0.000206  0.0000018  0.0000442    0.000972    0.000382
1995   2  25  49773  -0.074230   0.524671   0.2564026   0.0025094  -0.025500  -0.006231   0.000226   0.000196  0.0000022  0.0000442    0.000960    0.000384
1995   2  26  49774  -0.070639   0.526885   0.2537986   0.0026383  -0.025221  -0.006287   0.000230   0.000233  0.0000027  0.0000430    0.000925    0.000375
1995   2  27  49775  -0.067107   0.528919   0.2510822   0.0027625  -0.024609  -0.006061   0.000211   0.000253  0.0000032  0.0000424    0.000890    0.000366
1995   2  28  49776  -0.063475   0.530287   0.2482599   0.0028460  -0.023990  -0.005688   0.000164   0.000235  0.0000036  0.0000467    0.000855    0.000358
1995   3   1  49777  -0.060013   0.532309   0.2453451   0.0029496  -0.023620  -0.005440   0.000142   0.000203  0.0000041  0.0000522    0.000820    0.000349
1995   3   2  49778  -0.056016   0.533290   0.2423527   0.0030619  -0.023676  -0.005539   0.000155   0.000194  0.0000037  0.0000534    0.000832    0.000316
1995   3   3  49779  -0.053195   0.535243   0.2393031   0.0030584  -0.023873  -0.005937   0.000180   0.000224  0.0000031  0.0000473    0.000860    0.000275
1995   3   4  49780  -0.050053   0.536286   0.2362346   0.0030253  -0.023778  -0.006387   0.000210   0.000269  0.0000025  0.0000412    0.000746    0.000244
1995   3   5  49781  -0.046548   0.537542   0.2332085   0.0029718  -0.023613  -0.006691   0.000213   0.000313  0.0000019  0.0000399    0.000626    0.000213
1995   3   6  49782  -0.042847   0.538526   0.2302876   0.0028711  -0.023501  -0.006791   0.000175   0.000259  0.0000013  0.0000387    0.000506    0.000182
1995   3   7  49783  -0.040195   0.540020   0.2275038   0.0027377  -0.023492  -0.006782   0.000129   0.000151  0.0000007  0.0000375    0.000386    0.000151
1995   3   8  49784  -0.036995   0.541372   0.2248373   0.0026279  -0.023730  -0.006761   0.000103   0.000103  0.0000009  0.0000375    0.000417    0.000156
1995   3   9  49785  -0.034618   0.542500   0.2222206   0.0026257  -0.023760  -0.006825   0.000154   0.000150  0.0000011  0.0000387    0.000447    0.000168
1995   3  10  49786  -0.032031   0.543547   0.2195815   0.0026667  -0.023593  -0.006891   0.000181   0.000199  0.0000012  0.0000393    0.000473    0.000182
1995   3  11  49787  -0.029802   0.544781   0.2168750   0.0027429  -0.023315  -0.006885   0.000206   0.000228  0.0000014  0.0000399    0.000499    0.000195
1995   3  12  49788  -0.027833   0.545026   0.2140876   0.0028261  -0.023015  -0.006853   0.000219   0.000225  0.0000015  0.0000412    0.000524    0.000209
1995   3  13  49789  -0.026050   0.545604   0.2112232   0.0029165  -0.022762  -0.006906   0.000166   0.000181  0.0000017  0.0000424    0.000550    0.000223
1995   3  14  49790  -0.024497   0.545642   0.2082811   0.0030161  -0.022557  -0.007072   0.000130   0.000126  0.0000018  0.0000418    0.000575    0.000236
1995   3  15  49791  -0.022614   0.545742   0.2052455   0.0031065  -0.022402  -0.007185   0.000108   0.000088  0.0000018  0.0000399    0.000642    0.000225
1995   3  16  49792  -0.019653   0.546335   0.2020949   0.0031984  -0.022127  -0.007126   0.000128   0.000113  0.0000017  0.0000387    0.000640    0.000215
1995   3  17  49793  -0.016935   0.547187   0.1988353   0.0032751  -0.021833  -0.006869   0.000158   0.000146  0.0000016  0.0000381    0.000612    0.000208
1995   3  18  49794  -0.013971   0.547937   0.1955193   0.0033025  -0.021694  -0.006602   0.000177   0.000153  0.0000015  0.0000375    0.000584    0.000200
1995   3  19  49795  -0.011408   0.548877   0.1922391   0.0032190  -0.021781  -0.006561   0.000178   0.000138  0.0000014  0.0000375    0.000556    0.000192
1995   3  20  49796  -0.008990   0.549833   0.1890970   0.0030300  -0.022009  -0.006784   0.000169   0.000147  0.0000013  0.0000381    0.000528    0.000185
1995   3  21  49797  -0.007694   0.550792   0.1861657   0.0028086  -0.022249  -0.007102   0.000144   0.000141  0.0000012  0.0000381    0.000499    0.000177
1995   3  22  49798  -0.005279   0.551379   0.1834581   0.0026165  -0.022465  -0.007340   0.000102   0.000102  0.0000011  0.0000375    0.000471    0.000169
1995   3  23  49799  -0.003539   0.552395   0.1809200   0.0025017  -0.022754  -0.007466   0.000104   0.000113  0.0000014  0.0000362    0.000436    0.000169
1995   3  24  49800  -0.000964   0.552558   0.1784509   0.0025068  -0.023036  -0.007587   0.000112   0.000107  0.0000019  0.0000362    0.000399    0.000172
1995   3  25  49801   0.002154   0.552953   0.1759459   0.0025648  -0.023061  -0.007778   0.000187   0.000138  0.0000021  0.0000375    0.000445    0.000192
1995   3  26  49802   0.006892   0.553181   0.1733381   0.0026680  -0.022762  -0.007948   0.000225   0.000182  0.0000022  0.0000393    0.000552    0.000224
1995   3  27  49803   0.011800   0.554133   0.1706136   0.0027628  -0.022328  -0.007957   0.000151   0.000145  0.0000023  0.0000399    0.000660    0.000257
1995   3  28  49804   0.017674   0.555124   0.1677968   0.0028555  -0.022062  -0.007779   0.000125   0.000118  0.0000024  0.0000387    0.000767    0.000289
1995   3  29  49805   0.021521   0.557026   0.1649257   0.0029013  -0.022383  -0.007436   0.000108   0.000099  0.0000020  0.0000393    0.000653    0.000236
1995   3  30  49806   0.025632   0.557682   0.1620323   0.0028699  -0.022817  -0.007308   0.000101   0.000103  0.0000020  0.0000430    0.000631    0.000242
1995   3  31  49807   0.028468   0.558486   0.1591498   0.0028087  -0.023118  -0.007449   0.000109   0.000113  0.0000021  0.0000455    0.000646    0.000270
1995   4   1  49808   0.032070   0.558258   0.1563157   0.0027606  -0.023143  -0.007768   0.000164   0.000166  0.0000023  0.0000424    0.000661    0.000297
1995   4   2  49809   0.034454   0.558299   0.1535663   0.0026897  -0.022953  -0.008104   0.000220   0.000209  0.0000024  0.0000381    0.000676    0.000325
1995   4   3  49810   0.038211   0.557847   0.1509256   0.0026045  -0.022705  -0.008328   0.000185   0.000161  0.0000026  0.0000362    0.000690    0.000353
1995   4   4  49811   0.041596   0.558442   0.1483922   0.0025132  -0.022489  -0.008432   0.000137   0.000126  0.0000027  0.0000350    0.000705    0.000380
1995   4   5  49812   0.044408   0.557803   0.1459348   0.0024432  -0.022291  -0.008400   0.000114   0.000103  0.0000014  0.0000344    0.000507    0.000208
1995   4   6  49813   0.047662   0.557714   0.1435010   0.0024216  -0.022327  -0.008503   0.000118   0.000114  0.0000012  0.0000350    0.000479    0.000174
1995   4   7  49814   0.051056   0.557312   0.1410449   0.0024743  -0.022565  -0.008653   0.000158   0.000145  0.0000013  0.0000356    0.000512    0.000190
1995   4   8  49815   0.054035   0.558146   0.1385395   0.0025488  -0.022820  -0.008712   0.000208   0.000211  0.0000015  0.0000362    0.000545    0.000206
1995   4   9  49816   0.057009   0.557468   0.1359673   0.0026175  -0.022845  -0.008642   0.000338   0.000532  0.0000016  0.0000362    0.000578    0.000221
1995   4  10  49817   0.060466   0.557710   0.1333042   0.0027226  -0.022563  -0.008541   0.000412   0.000660  0.0000018  0.0000356    0.000611    0.000237
1995   4  11  49818   0.062691   0.558202   0.1305140   0.0028734  -0.022133  -0.008528   0.000295   0.000357  0.0000019  0.0000356    0.000644    0.000252
1995   4  12  49819   0.065896   0.558012   0.1275638   0.0030226  -0.021576  -0.008490   0.000141   0.000130  0.0000018  0.0000362    0.000555    0.000227
1995   4  13  49820   0.069020   0.557615   0.1244545   0.0031346  -0.021136  -0.008359   0.000132   0.000136  0.0000023  0.0000369    0.000355    0.000177
1995   4  14  49821   0.071592   0.557066   0.1213008   0.0031648  -0.021140  -0.008218   0.000195   0.000187  0.0000020  0.0000362    0.000894    0.000407
1995   4  15  49822   0.075405   0.556492   0.1181605   0.0031344  -0.021310  -0.008002   0.000263   0.000205  0.0000018  0.0000356    0.001042    0.000467
1995   4  16  49823   0.078790   0.556446   0.1150665   0.0030429  -0.021681  -0.007987   0.000484   0.000603  0.0000016  0.0000362    0.000910    0.000405
1995   4  17  49824   0.082058   0.555903   0.1120641   0.0029252  -0.022128  -0.008279   0.000525   0.000758  0.0000014  0.0000393    0.000778    0.000343
1995   4  18  49825   0.085643   0.555899   0.1091908   0.0028102  -0.022394  -0.008662   0.000329   0.000370  0.0000012  0.0000418    0.000646    0.000281
1995   4  19  49826   0.088587   0.555822   0.1064492   0.0026946  -0.022377  -0.008885   0.000166   0.000139  0.0000010  0.0000412    0.000513    0.000219
1995   4  20  49827   0.091811   0.555975   0.1037914   0.0026577  -0.021971  -0.008921   0.000093   0.000090  0.0000010  0.0000387    0.000662    0.000294
1995   4  21  49828   0.094595   0.555633   0.1011308   0.0026684  -0.021909  -0.008861   0.000083   0.000078  0.0000013  0.0000350    0.000599    0.000260
1995   4  22  49829   0.097914   0.554988   0.0984219   0.0027197  -0.022099  -0.008801   0.000121   0.000095  0.0000015  0.0000338    0.000484    0.000207
1995   4  23  49830   0.101752   0.554385   0.0956561   0.0027945  -0.022256  -0.008759   0.000187   0.000158  0.0000017  0.0000350    0.000443    0.000196
1995   4  24  49831   0.105697   0.553001   0.0928272   0.0028879  -0.022243  -0.008713   0.000209   0.000160  0.0000019  0.0000362    0.000401    0.000184
1995   4  25  49832   0.109273   0.552724   0.0899379   0.0029358  -0.022021  -0.008648   0.000157   0.000106  0.0000021  0.0000369    0.000360    0.000173
1995   4  26  49833   0.113907   0.551357   0.0870132   0.0029219  -0.021573  -0.008594   0.000094   0.000067  0.0000019  0.0000369    0.000507    0.000221
1995   4  27  49834   0.117705   0.549979   0.0841101   0.0028530  -0.021466  -0.008474   0.000122   0.000082  0.0000020  0.0000362    0.000545    0.000229
1995   4  28  49835   0.121811   0.548851   0.0812946   0.0027422  -0.021645  -0.008355   0.000154   0.000123  0.0000021  0.0000356    0.000547    0.000224
1995   4  29  49836   0.125856   0.547747   0.0786152   0.0026003  -0.021946  -0.008332   0.000221   0.000145  0.0000023  0.0000356    0.000549    0.000218
1995   4  30  49837   0.130206   0.545307   0.0760838   0.0024673  -0.022236  -0.008459   0.000285   0.000231  0.0000024  0.0000350    0.000550    0.000213
1995   5   1  49838   0.132606   0.544560   0.0736729   0.0023994  -0.022407  -0.008703   0.000236   0.000262  0.0000025  0.0000338    0.000552    0.000207
1995   5   2  49839   0.136767   0.542655   0.0713293   0.0023521  -0.022370  -0.008984   0.000152   0.000169  0.0000027  0.0000332    0.000554    0.000202
1995   5   3  49840   0.140207   0.541879   0.0689967   0.0023409  -0.022014  -0.009301   0.000101   0.000107  0.0000015  0.0000332    0.000525    0.000226
1995   5   4  49841   0.143771   0.540186   0.0666348   0.0023836  -0.021717  -0.009545   0.000097   0.000096  0.0000013  0.0000319    0.000520    0.000235
1995   5   5  49842   0.147175   0.539087   0.0642224   0.0024487  -0.021600  -0.009697   0.000108   0.000102  0.0000013  0.0000301    0.000522    0.000238
1995   5   6  49843   0.150870   0.536874   0.0617495   0.0025253  -0.021572  -0.009682   0.000107   0.000105  0.0000014  0.0000283    0.000525    0.000241
1995   5   7  49844   0.154818   0.535614   0.0592038   0.0025999  -0.021412  -0.009462   0.000177   0.000159  0.0000015  0.0000184    0.000528    0.000244
1995   5   8  49845   0.159153   0.533804   0.0565642   0.0026674  -0.021078  -0.009155   0.000220   0.000217  0.0000015  0.0000098    0.000530    0.000247
1995   5   9  49846   0.163682   0.532983   0.0538074   0.0027801  -0.020861  -0.008975   0.000219   0.000216  0.0000016  0.0000104    0.000533    0.000250
1995   5  10  49847   0.167942   0.531034   0.0509255   0.0029078  -0.021053  -0.009008   0.000199   0.000172  0.0000016  0.0000111    0.000535    0.000253
1995   5  11  49848   0.171197   0.529803   0.0479404   0.0030148  -0.021500  -0.009116   0.000240   0.000227  0.0000016  0.0000111    0.000664    0.000324
1995   5  12  49849   0.174986   0.527841   0.0449059   0.0030424  -0.022022  -0.009040   0.000316   0.000261  0.0000016  0.0000117    0.000693    0.000338
1995   5  13  49850   0.177775   0.526300   0.0418927   0.0029874  -0.022455  -0.008809   0.000319   0.000237  0.0000015  0.0000123    0.000652    0.000312
1995   5  14  49851   0.180677   0.524373   0.0389632   0.0028689  -0.022805  -0.008692   0.000307   0.000261  0.0000015  0.0000129    0.000611    0.000286
1995   5  15  49852   0.183748   0.522725   0.0361509   0.0027490  -0.023061  -0.008823   0.000254   0.000268  0.0000014  0.0000141    0.000570    0.000261
1995   5  16  49853   0.186783   0.521560   0.0334521   0.0026310  -0.023099  -0.009023   0.000194   0.000224  0.0000014  0.0000147    0.000529    0.000235
1995   5  17  49854   0.189739   0.519769   0.0308337   0.0025619  -0.022815  -0.009046   0.000149   0.000145  0.0000013  0.0000154    0.000487    0.000210
1995   5  18  49855   0.191538   0.518278   0.0282513   0.0025274  -0.022198  -0.008880   0.000176   0.000162  0.0000013  0.0000160    0.000490    0.000211
1995   5  19  49856   0.193625   0.516138   0.0256693   0.0025343  -0.021419  -0.008685   0.000208   0.000184  0.0000014  0.0000154    0.000507    0.000221
1995   5  20  49857   0.195540   0.514090   0.0230766   0.0025678  -0.020780  -0.008546   0.000243   0.000191  0.0000015  0.0000147    0.000524    0.000231
1995   5  21  49858   0.196870   0.511767   0.0204900   0.0025895  -0.020569  -0.008446   0.000293   0.000260  0.0000016  0.0000141    0.000542    0.000241
1995   5  22  49859   0.199145   0.509169   0.0179462   0.0025624  -0.020827  -0.008397   0.000310   0.000297  0.0000017  0.0000135    0.000559    0.000251
1995   5  23  49860   0.201402   0.506084   0.0154847   0.0024815  -0.021367  -0.008454   0.000329   0.000278  0.0000018  0.0000135    0.000576    0.000261
1995   5  24  49861   0.203444   0.503899   0.0131298   0.0023537  -0.022043  -0.008609   0.000241   0.000210  0.0000018  0.0000135    0.000593    0.000270
1995   5  25  49862   0.205496   0.501887   0.0108822   0.0022393  -0.022975  -0.008770   0.000150   0.000135  0.0000018  0.0000141    0.000628    0.000253
1995   5  26  49863   0.207455   0.499720   0.0087237   0.0021411  -0.023914  -0.008855   0.000175   0.000169  0.0000017  0.0000135    0.000625    0.000240
1995   5  27  49864   0.209448   0.497127   0.0066353   0.0020552  -0.024644  -0.008911   0.000246   0.000241  0.0000016  0.0000123    0.000599    0.000235
1995   5  28  49865   0.211662   0.494223   0.0046085   0.0019716  -0.024951  -0.009029   0.000280   0.000322  0.0000015  0.0000117    0.000574    0.000229
1995   5  29  49866   0.213293   0.492054   0.0026422   0.0019202  -0.024733  -0.009195   0.000237   0.000398  0.0000014  0.0000111    0.000548    0.000224
1995   5  30  49867   0.215614   0.489223   0.0007306   0.0018795  -0.024129  -0.009287   0.000213   0.000313  0.0000014  0.0000117    0.000522    0.000219
1995   5  31  49868   0.217301   0.485987  -0.0011481   0.0018710  -0.023454  -0.009236   0.000167   0.000160  0.0000013  0.0000123    0.000497    0.000214
1995   6   1  49869   0.219754   0.483400  -0.0030345   0.0018860  -0.023102  -0.009115   0.000094   0.000085  0.0000011  0.0000123    0.000377    0.000178
1995   6   2  49870   0.221996   0.480067  -0.0049782   0.0019717  -0.023215  -0.009086   0.000133   0.000115  0.0000011  0.0000123    0.000357    0.000175
1995   6   3  49871   0.225190   0.476999  -0.0070208   0.0021112  -0.023634  -0.009166   0.000195   0.000172  0.0000012  0.0000123    0.000402    0.000193
1995   6   4  49872   0.227783   0.473940  -0.0091832   0.0022451  -0.023965  -0.009232   0.000265   0.000230  0.0000014  0.0000117    0.000448    0.000211
1995   6   5  49873   0.231583   0.470498  -0.0114643   0.0023334  -0.023937  -0.009184   0.000314   0.000280  0.0000015  0.0000111    0.000493    0.000229
1995   6   6  49874   0.234613   0.467461  -0.0138437   0.0023896  -0.023710  -0.009044   0.000299   0.000280  0.0000017  0.0000111    0.000539    0.000246
1995   6   7  49875   0.237310   0.464222  -0.0162855   0.0024246  -0.023679  -0.008870   0.000245   0.000218  0.0000018  0.0000111    0.000584    0.000264
1995   6   8  49876   0.240223   0.462074  -0.0187432   0.0024587  -0.023838  -0.008663   0.000130   0.000123  0.0000019  0.0000111    0.000379    0.000183
1995   6   9  49877   0.243248   0.459096  -0.0211660   0.0024405  -0.024403  -0.008224   0.000156   0.000147  0.0000019  0.0000111    0.000435    0.000204
1995   6  10  49878   0.245705   0.456229  -0.0235108   0.0023488  -0.024790  -0.007767   0.000270   0.000243  0.0000018  0.0000111    0.000530    0.000238
1995   6  11  49879   0.248850   0.452984  -0.0257542   0.0022129  -0.024819  -0.007617   0.000289   0.000254  0.0000017  0.0000111    0.000530    0.000235
1995   6  12  49880   0.250321   0.450730  -0.0279015   0.0020901  -0.024741  -0.007877   0.000233   0.000193  0.0000016  0.0000117    0.000529    0.000231
1995   6  13  49881   0.251939   0.447265  -0.0299864   0.0020086  -0.024708  -0.008342   0.000180   0.000143  0.0000016  0.0000123    0.000528    0.000228
1995   6  14  49882   0.253984   0.444131  -0.0320589   0.0020221  -0.024802  -0.008696   0.000141   0.000107  0.0000015  0.0000123    0.000528    0.000224
1995   6  15  49883   0.256313   0.440835  -0.0341652   0.0020972  -0.025164  -0.008894   0.000126   0.000104  0.0000020  0.0000123    0.001176    0.000389
1995   6  16  49884   0.258563   0.437306  -0.0363286   0.0021682  -0.025268  -0.008946   0.000160   0.000148  0.0000025  0.0000129    0.001325    0.000435
1995   6  17  49885   0.260833   0.434325  -0.0385433   0.0022148  -0.025180  -0.008912   0.000195   0.000204  0.0000029  0.0000129    0.001114    0.000394
1995   6  18  49886   0.263103   0.430937  -0.0407799   0.0022458  -0.025275  -0.008770   0.000237   0.000217  0.0000034  0.0000123    0.000903    0.000354
1995   6  19  49887   0.265304   0.428062  -0.0430001   0.0022543  -0.025652  -0.008560   0.000215   0.000167  0.0000038  0.0000117    0.000692    0.000313
1995   6  20  49888   0.267345   0.424475  -0.0451683   0.0021711  -0.026026  -0.008439   0.000206   0.000149  0.0000043  0.0000104    0.000482    0.000272
1995   6  21  49889   0.269450   0.421123  -0.0472541   0.0020557  -0.026349  -0.008597   0.000248   0.000193  0.0000051  0.0000104    0.000690    0.000277
1995   6  22  49890   0.270960   0.417102  -0.0492269   0.0019118  -0.026246  -0.008719   0.000206   0.000172  0.0000049  0.0000104    0.000784    0.000292
1995   6  23  49891   0.272212   0.413668  -0.0510522   0.0017078  -0.026171  -0.008706   0.000159   0.000139  0.0000043  0.0000104    0.000841    0.000310
1995   6  24  49892   0.273297   0.410140  -0.0526966   0.0014837  -0.026346  -0.008583   0.000188   0.000161  0.0000038  0.0000104    0.000897    0.000328
1995   6  25  49893   0.274100   0.406543  -0.0541440   0.0013193  -0.026620  -0.008482   0.000220   0.000207  0.0000032  0.0000098    0.000953    0.000345
1995   6  26  49894   0.274351   0.403276  -0.0554115   0.0012256  -0.026784  -0.008486   0.000222   0.000269  0.0000026  0.0000098    0.001009    0.000363
1995   6  27  49895   0.275241   0.399633  -0.0565552   0.0011638  -0.026789  -0.008537   0.000197   0.000240  0.0000020  0.0000092    0.001065    0.000381
1995   6  28  49896   0.276356   0.396101  -0.0576573   0.0011465  -0.027138  -0.008553   0.000140   0.000153  0.0000015  0.0000092    0.000699    0.000261
1995   6  29  49897   0.277375   0.392169  -0.0588008   0.0011956  -0.026933  -0.008577   0.000095   0.000104  0.0000012  0.0000098    0.000405    0.000185
1995   6  30  49898   0.278807   0.388407  -0.0600470   0.0012819  -0.026945  -0.008630   0.000117   0.000151  0.0000014  0.0000098    0.000365    0.000174
1995   7   1  49899   0.280249   0.384586  -0.0614260   0.0013849  -0.027305  -0.008742   0.000190   0.000215  0.0000019  0.0000098    0.000432    0.000185
1995   7   2  49900   0.281150   0.380827  -0.0629396   0.0015187  -0.027743  -0.008828   0.000228   0.000236  0.0000024  0.0000098    0.000499    0.000197
1995   7   3  49901   0.281808   0.376724  -0.0645679   0.0016678  -0.028033  -0.008761   0.000240   0.000260  0.0000028  0.0000098    0.000567    0.000209
1995   7   4  49902   0.282646   0.372314  -0.0662757   0.0017757  -0.028107  -0.008534   0.000262   0.000275  0.0000033  0.0000098    0.000634    0.000221
1995   7   5  49903   0.283474   0.368348  -0.0680191   0.0017870  -0.028126  -0.008252   0.000257   0.000250  0.0000038  0.0000098    0.000702    0.000232
1995   7   6  49904   0.285112   0.363896  -0.0697529   0.0017407  -0.028261  -0.008015   0.000188   0.000171  0.0000042  0.0000098    0.000769    0.000244
1995   7   7  49905   0.285578   0.360324  -0.0714375   0.0016717  -0.028425  -0.007884   0.000147   0.000137  0.0000040  0.0000092    0.000723    0.000227
1995   7   8  49906   0.286290   0.356305  -0.0730454   0.0015877  -0.028499  -0.007895   0.000183   0.000191  0.0000037  0.0000092    0.000640    0.000201
1995   7   9  49907   0.286529   0.352429  -0.0745675   0.0015090  -0.028457  -0.008111   0.000207   0.000229  0.0000033  0.0000092    0.000557    0.000175
1995   7  10  49908   0.286792   0.348354  -0.0760182   0.0014234  -0.028440  -0.008478   0.000199   0.000209  0.0000029  0.0000092    0.000473    0.000149
1995   7  11  49909   0.287426   0.344276  -0.0774367   0.0013983  -0.028652  -0.008757   0.000210   0.000216  0.0000025  0.0000098    0.000390    0.000123
1995   7  12  49910   0.287385   0.340888  -0.0788793   0.0014398  -0.029402  -0.008634   0.000183   0.000180  0.0000021  0.0000098    0.000604    0.000204
1995   7  13  49911   0.287706   0.336942  -0.0803999   0.0015354  -0.030039  -0.008438   0.000146   0.000129  0.0000024  0.0000104    0.000499    0.000174
1995   7  14  49912   0.287677   0.333685  -0.0820269   0.0016564  -0.030327  -0.008318   0.000180   0.000139  0.0000029  0.0000111    0.000368    0.000134
1995   7  15  49913   0.287783   0.330225  -0.0837482   0.0017415  -0.030300  -0.008362   0.000209   0.000158  0.0000034  0.0000111    0.000284    0.000109
1995   7  16  49914   0.287878   0.326481  -0.0855138   0.0017673  -0.030289  -0.008463   0.000207   0.000185  0.0000039  0.0000111    0.000201    0.000083
1995   7  17  49915   0.288096   0.322512  -0.0872539   0.0017082  -0.030537  -0.008429   0.000242   0.000221  0.0000043  0.0000104    0.000378    0.000203
1995   7  18  49916   0.288085   0.318523  -0.0889029   0.0016068  -0.030915  -0.008334   0.000251   0.000204  0.0000048  0.0000104    0.000607    0.000350
1995   7  19  49917   0.287940   0.314850  -0.0904150   0.0014742  -0.031252  -0.008404   0.000192   0.000150  0.0000028  0.0000104    0.000628    0.000247
1995   7  20  49918   0.287673   0.311173  -0.0917692   0.0013095  -0.031367  -0.008469   0.000169   0.000139  0.0000022  0.0000104    0.006005    0.000199
1995   7  21  49919   0.287583   0.307200  -0.0929661   0.0011618  -0.031500  -0.008496   0.000172   0.000159  0.0000021  0.0000111    0.009724    0.000170
1995   7  22  49920   0.287607   0.303381  -0.0940231   0.0009984  -0.031782  -0.008480   0.000190   0.000198  0.0000020  0.0000111    0.007337    0.000141
1995   7  23  49921   0.286892   0.299332  -0.0949697   0.0008634  -0.032112  -0.008476   0.000253   0.000277  0.0000019  0.0000111    0.004951    0.000112
1995   7  24  49922   0.286035   0.295322  -0.0958427   0.0007958  -0.032248  -0.008529   0.000214   0.000247  0.0000018  0.0000104    0.002564    0.000083
1995   7  25  49923   0.285511   0.291446  -0.0966789   0.0007984  -0.032137  -0.008590   0.000157   0.000177  0.0000016  0.0000098    0.000178    0.000054
1995   7  26  49924   0.285308   0.287634  -0.0975102   0.0008565  -0.032051  -0.008642   0.000161   0.000168  0.0000015  0.0000098    0.000668    0.000261
1995   7  27  49925   0.284534   0.283706  -0.0983644   0.0009329  -0.031796  -0.008497   0.000191   0.000186  0.0000016  0.0000104    0.000797    0.000336
1995   7  28  49926   0.283521   0.279880  -0.0992719   0.0009894  -0.031521  -0.008268   0.000238   0.000224  0.0000017  0.0000104    0.000804    0.000366
1995   7  29  49927   0.282831   0.276112  -0.1002689   0.0010487  -0.031380  -0.008078   0.000236   0.000251  0.0000018  0.0000104    0.000810    0.000395
1995   7  30  49928   0.281153   0.273278  -0.1013910   0.0011607  -0.031478  -0.007974   0.000211   0.000248  0.0000019  0.0000104    0.000817    0.000425
1995   7  31  49929   0.280315   0.268955  -0.1026569   0.0013055  -0.031791  -0.007947   0.000225   0.000232  0.0000020  0.0000098    0.000823    0.000455
1995   8   1  49930   0.279395   0.264855  -0.1040530   0.0014153  -0.032184  -0.007979   0.000224   0.000244  0.0000021  0.0000098    0.000830    0.000485
1995   8   2  49931   0.279054   0.260847  -0.1055316   0.0014726  -0.032698  -0.008188   0.000166   0.000186  0.0000022  0.0000098    0.000663    0.000272
1995   8   3  49932   0.278144   0.256757  -0.1070265   0.0014697  -0.033164  -0.008265   0.000155   0.000155  0.0000025  0.0000104    0.000683    0.000270
1995   8   4  49933   0.277507   0.252860  -0.1084772   0.0014002  -0.033642  -0.008250   0.000172   0.000179  0.0000030  0.0000111    0.000779    0.000357
1995   8   5  49934   0.276611   0.249247  -0.1098503   0.0013264  -0.034057  -0.008258   0.000191   0.000203  0.0000034  0.0000111    0.000874    0.000444
1995   8   6  49935   0.276046   0.244656  -0.1111495   0.0012869  -0.034241  -0.008389   0.000238   0.000266  0.0000038  0.0000104    0.000970    0.000531
1995   8   7  49936   0.274410   0.241805  -0.1124144   0.0013088  -0.034152  -0.008632   0.000300   0.000280  0.0000043  0.0000098    0.001066    0.000617
1995   8   8  49937   0.273436   0.237661  -0.1137095   0.0013820  -0.033961  -0.008801   0.000323   0.000262  0.0000047  0.0000104    0.001161    0.000703
1995   8   9  49938   0.272668   0.234035  -0.1151037   0.0014734  -0.033710  -0.008795   0.000236   0.000202  0.0000021  0.0000104    0.000719    0.000324
1995   8  10  49939   0.270274   0.230705  -0.1166426   0.0016133  -0.034056  -0.008436   0.000200   0.000191  0.0000059  0.0000104    0.001339    0.000537
1995   8  11  49940   0.269034   0.226746  -0.1183214   0.0017479  -0.034289  -0.008109   0.000235   0.000245  0.0000072  0.0000104    0.001555    0.000624
1995   8  12  49941   0.267361   0.223462  -0.1200905   0.0018107  -0.034260  -0.008042   0.000249   0.000281  0.0000062  0.0000098    0.001389    0.000548
1995   8  13  49942   0.266302   0.220095  -0.1218797   0.0017711  -0.034243  -0.008181   0.000236   0.000283  0.0000051  0.0000098    0.001223    0.000471
1995   8  14  49943   0.264605   0.216424  -0.1236257   0.0016791  -0.034442  -0.008349   0.000181   0.000207  0.0000041  0.0000098    0.001057    0.000395
1995   8  15  49944   0.262844   0.212972  -0.1252894   0.0015787  -0.034806  -0.008423   0.000153   0.000154  0.0000031  0.0000098    0.000891    0.000318
1995   8  16  49945   0.260083   0.209892  -0.1268569   0.0014966  -0.035086  -0.008419   0.000130   0.000124  0.0000021  0.0000098    0.000725    0.000242
1995   8  17  49946   0.257676   0.206200  -0.1283290   0.0014270  -0.035292  -0.008375   0.000111   0.000099  0.0000017  0.0000098    0.000609    0.000222
1995   8  18  49947   0.255108   0.203568  -0.1297146   0.0013658  -0.035314  -0.008411   0.000126   0.000121  0.0000016  0.0000098    0.000575    0.000217
1995   8  19  49948   0.253256   0.200177  -0.1310357   0.0013195  -0.035293  -0.008514   0.000191   0.000195  0.0000016  0.0000098    0.000573    0.000210
1995   8  20  49949   0.251078   0.197372  -0.1323301   0.0013124  -0.035284  -0.008618   0.000193   0.000181  0.0000015  0.0000098    0.000571    0.000203
1995   8  21  49950   0.248904   0.195152  -0.1336425   0.0013443  -0.035235  -0.008675   0.000134   0.000135  0.0000014  0.0000092    0.000569    0.000196
1995   8  22  49951   0.247429   0.191983  -0.1350111   0.0013930  -0.035175  -0.008660   0.000116   0.000130  0.0000013  0.0000092    0.000567    0.000189
1995   8  23  49952   0.245280   0.189103  -0.1364588   0.0014704  -0.035157  -0.008583   0.000112   0.000106  0.0000012  0.0000098    0.000565    0.000182
1995   8  24  49953   0.242789   0.186301  -0.1379981   0.0015922  -0.035354  -0.008444   0.000111   0.000097  0.0000011  0.0000098    0.000741    0.000282
1995   8  25  49954   0.240366   0.183600  -0.1396387   0.0017308  -0.035224  -0.008340   0.000123   0.000105  0.0000010  0.0000098    0.000725    0.000293
1995   8  26  49955   0.238064   0.180316  -0.1414397   0.0018715  -0.034895  -0.008294   0.000144   0.000120  0.0000010  0.0000098    0.000798    0.000355
1995   8  27  49956   0.236040   0.177422  -0.1433915   0.0019829  -0.034777  -0.008240   0.000148   0.000129  0.0000010  0.0000098    0.000705    0.000297
1995   8  28  49957   0.233933   0.174801  -0.1454502   0.0020719  -0.035140  -0.008170   0.000119   0.000117  0.0000010  0.0000092    0.000606    0.000248
1995   8  29  49958   0.232042   0.172343  -0.1475894   0.0021237  -0.035769  -0.008145   0.000118   0.000103  0.0000010  0.0000086    0.000831    0.000397
1995   8  30  49959   0.230013   0.169652  -0.1497049   0.0021125  -0.036342  -0.008159   0.000114   0.000093  0.0000012  0.0000086    0.000630    0.000256
1995   8  31  49960   0.227411   0.166878  -0.1517248   0.0020664  -0.036715  -0.008127   0.000119   0.000090  0.0000101  0.0000092    0.001326    0.000430
1995   9   1  49961   0.224803   0.164180  -0.1536812   0.0019955  -0.036613  -0.008028   0.000156   0.000108  0.0000126  0.0000098    0.001004    0.000329
1995   9   2  49962   0.221821   0.161725  -0.1556353   0.0019600  -0.036457  -0.008019   0.000165   0.000120  0.0000105  0.0000098    0.000579    0.000200
1995   9   3  49963   0.219562   0.159233  -0.1576220   0.0019721  -0.036450  -0.008197   0.000183   0.000177  0.0000083  0.0000098    0.000572    0.000201
1995   9   4  49964   0.217065   0.157152  -0.1596467   0.0020146  -0.036482  -0.008509   0.000200   0.000235  0.0000062  0.0000092    0.000566    0.000202
1995   9   5  49965   0.215252   0.154724  -0.1617098   0.0020741  -0.036494  -0.008783   0.000201   0.000230  0.0000041  0.0000086    0.000560    0.000204
1995   9   6  49966   0.212666   0.152928  -0.1638254   0.0021638  -0.036455  -0.008810   0.000169   0.000175  0.0000019  0.0000092    0.000554    0.000205
1995   9   7  49967   0.210147   0.151169  -0.1660150   0.0022417  -0.036331  -0.008492   0.000139   0.000115  0.0000025  0.0000098    0.000480    0.000216
1995   9   8  49968   0.206621   0.148903  -0.1682883   0.0022976  -0.036113  -0.008078   0.000191   0.000184  0.0000030  0.0000098    0.000487    0.000222
1995   9   9  49969   0.203830   0.146158  -0.1706194   0.0023374  -0.035842  -0.007817   0.000213   0.000241  0.0000029  0.0000098    0.000545    0.000225
1995   9  10  49970   0.200745   0.143492  -0.1729499   0.0023224  -0.035643  -0.007803   0.000217   0.000275  0.0000028  0.0000098    0.000603    0.000227
1995   9  11  49971   0.197272   0.141032  -0.1752167   0.0022128  -0.035654  -0.007958   0.000228   0.000281  0.0000026  0.0000098    0.000661    0.000230
1995   9  12  49972   0.193999   0.138363  -0.1773784   0.0020795  -0.035900  -0.008133   0.000197   0.000241  0.0000025  0.0000098    0.000719    0.000232
1995   9  13  49973   0.190978   0.135038  -0.1794273   0.0019677  -0.036257  -0.008253   0.000179   0.000221  0.0000024  0.0000098    0.000777    0.000235
1995   9  14  49974   0.188372   0.132960  -0.1813817   0.0018731  -0.036554  -0.008343   0.000237   0.000270  0.0000022  0.0000104    0.000734    0.000222
1995   9  15  49975   0.185677   0.131006  -0.1832687   0.0018296  -0.036658  -0.008456   0.000281   0.000327  0.0000019  0.0000104    0.000657    0.000205
1995   9  16  49976   0.182840   0.128882  -0.1851123   0.0018341  -0.036541  -0.008583   0.000302   0.000362  0.0000017  0.0000104    0.000580    0.000187
1995   9  17  49977   0.179717   0.127490  -0.1869324   0.0018411  -0.036267  -0.008654   0.000304   0.000357  0.0000014  0.0000104    0.000503    0.000169
1995   9  18  49978   0.177253   0.126118  -0.1887547   0.0018654  -0.035954  -0.008612   0.000223   0.000241  0.0000011  0.0000104    0.000426    0.000152
1995   9  19  49979   0.174274   0.123476  -0.1906205   0.0019230  -0.035715  -0.008493   0.000134   0.000140  0.0000009  0.0000111    0.000349    0.000134
1995   9  20  49980   0.171205   0.121791  -0.1925848   0.0020450  -0.035442  -0.008318   0.000115   0.000103  0.0000015  0.0000117    0.000606    0.000225
1995   9  21  49981   0.168637   0.119620  -0.1947009   0.0022233  -0.035518  -0.008407   0.000134   0.000123  0.0000016  0.0000123    0.000625    0.000264
1995   9  22  49982   0.164803   0.118113  -0.1969888   0.0023963  -0.035682  -0.008611   0.000136   0.000131  0.0000016  0.0000123    0.000554    0.000282
1995   9  23  49983   0.161844   0.116543  -0.1994348   0.0025256  -0.035579  -0.008599   0.000163   0.000171  0.0000015  0.0000129    0.000536    0.000266
1995   9  24  49984   0.158013   0.114912  -0.2020107   0.0026053  -0.035473  -0.008348   0.000198   0.000240  0.0000014  0.0000129    0.000523    0.000247
1995   9  25  49985   0.155274   0.113885  -0.2046752   0.0026608  -0.035511  -0.007952   0.000210   0.000250  0.0000014  0.0000123    0.000510    0.000227
1995   9  26  49986   0.152807   0.112856  -0.2073697   0.0026664  -0.035714  -0.007632   0.000191   0.000194  0.0000013  0.0000117    0.000497    0.000207
1995   9  27  49987   0.149581   0.110849  -0.2100208   0.0026032  -0.036182  -0.007595   0.000159   0.000152  0.0000021  0.0000111    0.000683    0.000246
1995   9  28  49988   0.146912   0.110146  -0.2125608   0.0024883  -0.036327  -0.007743   0.000162   0.000166  0.0000023  0.0000117    0.000700    0.000249
1995   9  29  49989   0.144031   0.109094  -0.2149688   0.0023736  -0.036152  -0.007909   0.000178   0.000190  0.0000022  0.0000117    0.000653    0.000238
1995   9  30  49990   0.140998   0.108119  -0.2172836   0.0023064  -0.035811  -0.007970   0.000215   0.000235  0.0000022  0.0000111    0.000606    0.000227
1995  10   1  49991   0.137704   0.107102  -0.2195805   0.0022990  -0.035486  -0.007934   0.000270   0.000265  0.0000021  0.0000111    0.000559    0.000216
1995  10   2  49992   0.134396   0.105974  -0.2219302   0.0023681  -0.035300  -0.007890   0.000242   0.000248  0.0000020  0.0000111    0.000512    0.000204
1995  10   3  49993   0.130439   0.105089  -0.2243667   0.0024718  -0.035238  -0.007881   0.000146   0.000166  0.0000020  0.0000111    0.000465    0.000193
1995  10   4  49994   0.126530   0.103985  -0.2268829   0.0025673  -0.035341  -0.007754   0.000110   0.000105  0.0000015  0.0000111    0.000504    0.000198
1995  10   5  49995   0.122199   0.103226  -0.2294514   0.0026344  -0.035307  -0.007771   0.000154   0.000146  0.0000013  0.0000111    0.000504    0.000209
1995  10   6  49996   0.119027   0.101997  -0.2320858   0.0026660  -0.035220  -0.007826   0.000174   0.000161  0.0000013  0.0000111    0.000485    0.000220
1995  10   7  49997   0.114622   0.100398  -0.2347961   0.0026630  -0.035195  -0.007756   0.000238   0.000208  0.0000015  0.0000111    0.000550    0.000248
1995  10   8  49998   0.110945   0.099369  -0.2375079   0.0026044  -0.035193  -0.007695   0.000278   0.000276  0.0000017  0.0000111    0.000623    0.000278
1995  10   9  49999   0.106336   0.097937  -0.2401079   0.0025083  -0.035169  -0.007642   0.000214   0.000244  0.0000018  0.0000098    0.000696    0.000308
1995  10  10  50000   0.102291   0.096084  -0.2425320   0.0024052  -0.035130  -0.007554   0.000195   0.000192  0.0000020  0.0000086    0.000769    0.000338
1995  10  11  50001   0.098190   0.094414  -0.2448095   0.0022580  -0.035152  -0.007456   0.000175   0.000165  0.0000023  0.0000080    0.000729    0.000286
1995  10  12  50002   0.093813   0.093042  -0.2470295   0.0021017  -0.035113  -0.007374   0.000171   0.000169  0.0000056  0.0000080    0.001375    0.000463
1995  10  13  50003   0.090761   0.091379  -0.2490458   0.0019735  -0.034862  -0.007410   0.000149   0.000148  0.0000020  0.0000086    0.000617    0.000266
1995  10  14  50004   0.087627   0.090808  -0.2508813   0.0019150  -0.034416  -0.007537   0.000229   0.000324  0.0000013  0.0000086    0.000463    0.000211
1995  10  15  50005   0.084578   0.090684  -0.2526923   0.0019106  -0.033905  -0.007706   0.000334   0.000441  0.0000013  0.0000086    0.000442    0.000191
1995  10  16  50006   0.081058   0.089495  -0.2546018   0.0019315  -0.033558  -0.007807   0.000258   0.000285  0.0000012  0.0000080    0.000420    0.000171
1995  10  17  50007   0.076649   0.088972  -0.2566595   0.0020164  -0.033458  -0.007781   0.000216   0.000227  0.0000012  0.0000074    0.000399    0.000150
1995  10  18  50008   0.073314   0.087413  -0.2588411   0.0021307  -0.033493  -0.007680   0.000168   0.000161  0.0000011  0.0000080    0.000377    0.000130
1995  10  19  50009   0.069091   0.087172  -0.2610945   0.0022142  -0.033540  -0.007612   0.000136   0.000134  0.0000013  0.0000080    0.000396    0.000133
1995  10  20  50010   0.066609   0.086078  -0.2633877   0.0022973  -0.033591  -0.007612   0.000170   0.000174  0.0000015  0.0000074    0.000429    0.000143
1995  10  21  50011   0.064464   0.085861  -0.2657191   0.0024044  -0.033675  -0.007581   0.000214   0.000200  0.0000017  0.0000074    0.000461    0.000154
1995  10  22  50012   0.062474   0.085193  -0.2680985   0.0024592  -0.033738  -0.007388   0.000218   0.000222  0.0000020  0.0000074    0.000494    0.000164
1995  10  23  50013   0.059005   0.085318  -0.2705238   0.0024575  -0.033683  -0.007051   0.000157   0.000176  0.0000022  0.0000074    0.000526    0.000175
1995  10  24  50014   0.055277   0.085523  -0.2729694   0.0024425  -0.033508  -0.006769   0.000140   0.000155  0.0000024  0.0000074    0.000559    0.000185
1995  10  25  50015   0.051285   0.085031  -0.2753928   0.0024167  -0.033313  -0.006740   0.000129   0.000147  0.0000026  0.0000080    0.000564    0.000248
1995  10  26  50016   0.047011   0.084242  -0.2777548   0.0023550  -0.033210  -0.006909   0.000140   0.000140  0.0000024  0.0000086    0.000549    0.000253
1995  10  27  50017   0.042032   0.083616  -0.2800460   0.0022801  -0.033219  -0.007066   0.000198   0.000177  0.0000022  0.0000086    0.000526    0.000239
1995  10  28  50018   0.038542   0.082259  -0.2822974   0.0022520  -0.033281  -0.007055   0.000248   0.000222  0.0000019  0.0000086    0.000504    0.000224
1995  10  29  50019   0.034932   0.082379  -0.2845690   0.0022946  -0.033303  -0.006912   0.000303   0.000322  0.0000017  0.0000080    0.000481    0.000210
1995  10  30  50020   0.031671   0.081862  -0.2869264   0.0023987  -0.033220  -0.006773   0.000263   0.000301  0.0000014  0.0000074    0.000459    0.000195
1995  10  31  50021   0.028082   0.082723  -0.2894145   0.0025426  -0.033026  -0.006712   0.000163   0.000167  0.0000012  0.0000080    0.000436    0.000181
1995  11   1  50022   0.024690   0.082749  -0.2920403   0.0026923  -0.032755  -0.006711   0.000122   0.000110  0.0000010  0.0000092    0.000414    0.000166
1995  11   2  50023   0.021992   0.083071  -0.2947703   0.0027767  -0.032473  -0.006742   0.000113   0.000114  0.0000010  0.0000104    0.000420    0.000167
1995  11   3  50024   0.018639   0.083401  -0.2975419   0.0027508  -0.032274  -0.006791   0.000163   0.000145  0.0000011  0.0000111    0.000436    0.000173
1995  11   4  50025   0.015101   0.083483  -0.3002830   0.0026521  -0.032224  -0.006850   0.000175   0.000156  0.0000012  0.0000111    0.000452    0.000179
1995  11   5  50026   0.011466   0.084109  -0.3029309   0.0025428  -0.032272  -0.006882   0.000184   0.000246  0.0000013  0.0000111    0.000468    0.000185
1995  11   6  50027   0.007285   0.084275  -0.3054457   0.0024466  -0.032284  -0.006837   0.000238   0.000307  0.0000015  0.0000111    0.000484    0.000191
1995  11   7  50028   0.003809   0.084926  -0.3078133   0.0023426  -0.032199  -0.006684   0.000229   0.000257  0.0000016  0.0000111    0.000500    0.000197
1995  11   8  50029   0.000023   0.085188  -0.3100427   0.0022350  -0.032081  -0.006444   0.000146   0.000162  0.0000017  0.0000111    0.000516    0.000203
1995  11   9  50030  -0.003797   0.085686  -0.3121589   0.0021142  -0.031972  -0.006152   0.000157   0.000127  0.0000018  0.0000117    0.000568    0.000196
1995  11  10  50031  -0.007410   0.085694  -0.3141957   0.0020087  -0.031788  -0.005928   0.000234   0.000180  0.0000018  0.0000117    0.000633    0.000186
1995  11  11  50032  -0.011188   0.085719  -0.3161912   0.0019612  -0.031444  -0.005904   0.000248   0.000182  0.0000019  0.0000117    0.000641    0.000194
1995  11  12  50033  -0.015297   0.086743  -0.3181868   0.0019997  -0.031037  -0.006077   0.000280   0.000224  0.0000019  0.0000111    0.000608    0.000215
1995  11  13  50034  -0.018720   0.086762  -0.3202300   0.0020722  -0.030763  -0.006312   0.000261   0.000253  0.0000020  0.0000098    0.000575    0.000235
1995  11  14  50035  -0.022288   0.087516  -0.3223736   0.0022103  -0.030667  -0.006454   0.000216   0.000189  0.0000021  0.0000098    0.000542    0.000256
1995  11  15  50036  -0.025318   0.087994  -0.3246658   0.0024040  -0.030552  -0.006346   0.000167   0.000128  0.0000013  0.0000098    0.000428    0.000185
1995  11  16  50037  -0.028737   0.089604  -0.3271341   0.0025773  -0.030436  -0.006192   0.000204   0.000164  0.0000013  0.0000098    0.000300    0.000119
1995  11  17  50038  -0.033283   0.090829  -0.3297719   0.0026838  -0.030415  -0.006096   0.000199   0.000167  0.0000016  0.0000098    0.000167    0.000055
1995  11  18  50039  -0.037285   0.092112  -0.3325422   0.0027716  -0.030568  -0.006068   0.000169   0.000160  0.0000019  0.0000098    0.000225    0.000087
1995  11  19  50040  -0.041845   0.093423  -0.3353931   0.0028476  -0.030822  -0.005977   0.000232   0.000268  0.0000022  0.0000098    0.000300    0.000128
1995  11  20  50041  -0.045655   0.094943  -0.3382721   0.0028790  -0.030898  -0.005747   0.000221   0.000266  0.0000025  0.0000098    0.000376    0.000169
1995  11  21  50042  -0.050110   0.096086  -0.3411329   0.0028408  -0.030689  -0.005511   0.000163   0.000164  0.0000027  0.0000098    0.000452    0.000210
1995  11  22  50043  -0.054046   0.097167  -0.3439385   0.0027622  -0.030392  -0.005471   0.000122   0.000126  0.0000021  0.0000104    0.000492    0.000218
1995  11  23  50044  -0.058799   0.097602  -0.3466689   0.0026796  -0.030173  -0.005689   0.000162   0.000159  0.0000019  0.0000111    0.000586    0.000245
1995  11  24  50045  -0.061790   0.098890  -0.3493299   0.0026527  -0.030176  -0.005931   0.000237   0.000263  0.0000018  0.0000111    0.000699    0.000279
1995  11  25  50046  -0.065589   0.100798  -0.3519555   0.0026792  -0.030370  -0.006001   0.000469   0.000539  0.0000016  0.0000111    0.000811    0.000313
1995  11  26  50047  -0.068360   0.101643  -0.3545944   0.0027031  -0.030552  -0.005944   0.000599   0.000686  0.0000015  0.0000111    0.000924    0.000347
1995  11  27  50048  -0.071715   0.103272  -0.3572883   0.0027265  -0.030529  -0.005896   0.000365   0.000465  0.0000014  0.0000117    0.001037    0.000381
1995  11  28  50049  -0.076042   0.105983  -0.3600535   0.0027669  -0.030348  -0.005854   0.000250   0.000269  0.0000013  0.0000117    0.001150    0.000415
1995  11  29  50050  -0.079804   0.106651  -0.3628755   0.0028088  -0.030242  -0.005735   0.000214   0.000169  0.0000012  0.0000111    0.000601    0.000258
1995  11  30  50051  -0.084986   0.109439  -0.3657166   0.0027811  -0.030418  -0.005503   0.000232   0.000165  0.0000012  0.0000117    0.000459    0.000216
1995  12   1  50052  -0.090100   0.110284  -0.3685268   0.0026998  -0.030774  -0.005277   0.000668   0.000223  0.0000013  0.0000117    0.000454    0.000214
1995  12   2  50053  -0.094799   0.112442  -0.3712530   0.0026134  -0.031115  -0.005138   0.001132   0.000286  0.0000014  0.0000111    0.000448    0.000211
1995  12   3  50054  -0.099607   0.113882  -0.3738467   0.0025193  -0.031312  -0.005060   0.000817   0.000325  0.0000014  0.0000111    0.000443    0.000209
1995  12   4  50055  -0.104162   0.115633  -0.3762774   0.0024075  -0.031288  -0.004995   0.000352   0.000284  0.0000015  0.0000104    0.000438    0.000207
1995  12   5  50056  -0.109099   0.117824  -0.3785471   0.0022862  -0.031023  -0.004964   0.000317   0.000210  0.0000016  0.0000098    0.000433    0.000204
1995  12   6  50057  -0.112851   0.119215  -0.3806953   0.0021735  -0.030606  -0.005024   0.000213   0.000131  0.0000016  0.0000098    0.000427    0.000202
1995  12   7  50058  -0.116347   0.121754  -0.3827837   0.0021010  -0.029996  -0.005221   0.000176   0.000153  0.0000018  0.0000098    0.000407    0.000136
1995  12   8  50059  -0.119882   0.123082  -0.3848678   0.0020774  -0.029789  -0.005360   0.000163   0.000141  0.0000020  0.0000104    0.000414    0.000175
1995  12   9  50060  -0.122418   0.125905  -0.3869801   0.0021165  -0.029685  -0.005399   0.000134   0.000127  0.0000020  0.0000111    0.000416    0.000210
1995  12  10  50061  -0.125565   0.127265  -0.3891389   0.0021944  -0.029517  -0.005398   0.000187   0.000184  0.0000017  0.0000111    0.000404    0.000196
1995  12  11  50062  -0.128432   0.129604  -0.3913656   0.0022821  -0.029427  -0.005409   0.000188   0.000179  0.0000014  0.0000111    0.000391    0.000182
1995  12  12  50063  -0.132151   0.131247  -0.3936905   0.0023796  -0.029372  -0.005415   0.000214   0.000215  0.0000012  0.0000104    0.000378    0.000168
1995  12  13  50064  -0.136076   0.133875  -0.3961360   0.0024919  -0.029211  -0.005355   0.000181   0.000185  0.0000009  0.0000098    0.000365    0.000154
1995  12  14  50065  -0.138797   0.136407  -0.3986939   0.0025868  -0.028898  -0.005270   0.000135   0.000112  0.0000013  0.0000098    0.000595    0.000260
1995  12  15  50066  -0.140658   0.139319  -0.4013204   0.0026281  -0.028690  -0.005175   0.000157   0.000121  0.0000017  0.0000098    0.000673    0.000303
1995  12  16  50067  -0.143315   0.142242  -0.4039688   0.0026299  -0.028838  -0.005133   0.000159   0.000130  0.0000021  0.0000098    0.000633    0.000293
1995  12  17  50068  -0.145590   0.145940  -0.4066150   0.0026422  -0.029252  -0.005089   0.000257   0.000220  0.0000024  0.0000098    0.000593    0.000284
1995  12  18  50069  -0.147339   0.149203  -0.4092526   0.0026512  -0.029568  -0.004932   0.000351   0.000298  0.0000028  0.0000098    0.000553    0.000274
1995  12  19  50070  -0.150358   0.152454  -0.4118749   0.0026243  -0.029561  -0.004727   0.000297   0.000234  0.0000031  0.0000098    0.000513    0.000265
1995  12  20  50071  -0.152571   0.154522  -0.4144622   0.0025608  -0.029290  -0.004713   0.000199   0.000146  0.0000024  0.0000098    0.000557    0.000247
1995  12  21  50072  -0.155302   0.157918  -0.4169915   0.0024487  -0.029041  -0.004947   0.000146   0.000128  0.0000021  0.0000104    0.000551    0.000234
1995  12  22  50073  -0.157197   0.160002  -0.4194689   0.0023797  -0.028942  -0.005202   0.000191   0.000146  0.0000019  0.0000111    0.000527    0.000223
1995  12  23  50074  -0.159298   0.164221  -0.4219405   0.0024639  -0.029013  -0.005228   0.000332   0.000278  0.0000017  0.0000111    0.000503    0.000211
1995  12  24  50075  -0.160613   0.167052  -0.4244700   0.0026256  -0.029135  -0.005073   0.000440   0.000553  0.0000016  0.0000104    0.000480    0.000200
1995  12  25  50076  -0.162358   0.171370  -0.4271008   0.0027624  -0.029109  -0.004960   0.000537   0.000750  0.0000014  0.0000098    0.000456    0.000188
1995  12  26  50077  -0.164704   0.174752  -0.4298283   0.0028150  -0.028934  -0.004938   0.000589   0.000752  0.0000012  0.0000098    0.000432    0.000177
1995  12  27  50078  -0.166496   0.177582  -0.4325980   0.0027693  -0.028883  -0.004866   0.000336   0.000405  0.0000011  0.0000092    0.000408    0.000166
1995  12  28  50079  -0.168731   0.180776  -0.4353287   0.0026617  -0.029142  -0.004698   0.000126   0.000113  0.0000011  0.0000092    0.000420    0.000169
1995  12  29  50080  -0.170656   0.183428  -0.4379413   0.0025158  -0.029523  -0.004574   0.000144   0.000153  0.0000012  0.0000098    0.000444    0.000178
1995  12  30  50081  -0.172582   0.185999  -0.4403801   0.0023337  -0.029718  -0.004609   0.000192   0.000181  0.0000013  0.0000104    0.000468    0.000187
1995  12  31  50082  -0.174334   0.188903  -0.4426184   0.0021438  -0.029688  -0.004728   0.000580   0.000694  0.0000014  0.0000111    0.000492    0.000196
