

                   INTERNATIONAL EARTH ROTATION AND REFERENCE SYSTEMS SERVICE
                        EARTH ORIENTATION PARAMETERS
                          EOP (IERS) 08 C04

  
             FORMAT(3(I4),I7,2(F11.6),2(F12.7),2(F11.6),2(F11.6),2(F11.7),2F12.6)
**********************************************************************************
  
      Date      MJD      x          y        UT1-UTC       LOD         dPsi      dEps       x Err     y Err   UT1-UTC Err  LOD Err    dPsi Err   dEpsilon Err
                         "          "           s           s            "         "        "          "          s           s            "         "
     (0h UTC)

1987   1   1  46796   0.145582   0.312506  -0.1382459   0.0011075  -0.002335   0.002695   0.000834   0.000800  0.0000148  0.0000128    0.000699    0.000271
1987   1   2  46797   0.145822   0.311610  -0.1394517   0.0013186  -0.002103   0.002942   0.004043   0.003570  0.0000108  0.0000127    0.000645    0.000166
1987   1   3  46798   0.146197   0.310928  -0.1408933   0.0015678  -0.002066   0.003006   0.000984   0.000952  0.0000107  0.0000108    0.000642    0.000163
1987   1   4  46799   0.146506   0.309874  -0.1425668   0.0017698  -0.002055   0.002966   0.000495   0.000482  0.0000107  0.0000107    0.000642    0.000163
1987   1   5  46800   0.146521   0.308029  -0.1443938   0.0018666  -0.002142   0.003069   0.000663   0.000640  0.0000107  0.0000107    0.000642    0.000163
1987   1   6  46801   0.146431   0.306205  -0.1462580   0.0018418  -0.002440   0.003311   0.001762   0.001570  0.0000107  0.0000110    0.000642    0.000163
1987   1   7  46802   0.146352   0.305095  -0.1480436   0.0017102  -0.002784   0.003451   0.003245   0.002666  0.0000113  0.0000110    0.000635    0.000160
1987   1   8  46803   0.145982   0.304172  -0.1496575   0.0015007  -0.002870   0.003383   0.001096   0.000996  0.0000114  0.0000114    0.000634    0.000160
1987   1   9  46804   0.145104   0.302805  -0.1510364   0.0012469  -0.002560   0.003266   0.000551   0.000504  0.0000114  0.0000114    0.000634    0.000160
1987   1  10  46805   0.143895   0.301269  -0.1521533   0.0009894  -0.001919   0.003279   0.000696   0.000636  0.0000114  0.0000114    0.000634    0.000160
1987   1  11  46806   0.142226   0.300210  -0.1530261   0.0007739  -0.001144   0.003377   0.001926   0.001710  0.0000114  0.0000134    0.000634    0.000160
1987   1  12  46807   0.140309   0.299553  -0.1537197   0.0006408  -0.000541   0.003378   0.002677   0.002042  0.0000153  0.0000136    0.000918    0.000217
1987   1  13  46808   0.139110   0.298297  -0.1543318   0.0006069  -0.000446   0.003210   0.000733   0.000548  0.0000158  0.0000154    0.000935    0.000224
1987   1  14  46809   0.139396   0.295776  -0.1549602   0.0006546  -0.000960   0.003003   0.000677   0.000558  0.0000154  0.0000149    0.000795    0.000223
1987   1  15  46810   0.140784   0.292811  -0.1556667   0.0007451  -0.001768   0.002922   0.000561   0.000640  0.0000141  0.0000144    0.000552    0.000220
1987   1  16  46811   0.141571   0.291565  -0.1564714   0.0008608  -0.002273   0.003023   0.000688   0.000921  0.0000134  0.0000137    0.000474    0.000218
1987   1  17  46812   0.141238   0.291674  -0.1574013   0.0010193  -0.002193   0.003174   0.001726   0.001658  0.0000133  0.0000136    0.000481    0.000220
1987   1  18  46813   0.140582   0.290874  -0.1585126   0.0012319  -0.001717   0.003228   0.001332   0.000836  0.0000139  0.0000141    0.001005    0.000263
1987   1  19  46814   0.140096   0.288399  -0.1598567   0.0014671  -0.001170   0.003181   0.000902   0.000615  0.0000150  0.0000181    0.000783    0.000258
1987   1  20  46815   0.139681   0.285355  -0.1614286   0.0016549  -0.000708   0.003126   0.000667   0.000507  0.0000224  0.0000225    0.000516    0.000236
1987   1  21  46816   0.138926   0.283785  -0.1631403   0.0017298   0.000004   0.003296   0.000672   0.000555  0.0000300  0.0000240    0.000489    0.000213
1987   1  22  46817   0.137600   0.282396  -0.1648569   0.0016743   0.000409   0.003421   0.000948   0.000821  0.0000256  0.0000232    0.000530    0.000204
1987   1  23  46818   0.136607   0.281158  -0.1664568   0.0015139   0.000085   0.003370   0.000864   0.001063  0.0000164  0.0000205    0.000727    0.000222
1987   1  24  46819   0.136557   0.280861  -0.1678586   0.0012905  -0.000750   0.003357   0.000441   0.000694  0.0000154  0.0000159    0.000803    0.000227
1987   1  25  46820   0.136398   0.279661  -0.1690275   0.0010551  -0.001722   0.003477   0.000413   0.000662  0.0000154  0.0000154    0.000803    0.000227
1987   1  26  46821   0.135627   0.277417  -0.1699827   0.0008712  -0.002480   0.003539   0.001526   0.002105  0.0000154  0.0000157    0.000803    0.000228
1987   1  27  46822   0.134840   0.275737  -0.1708095   0.0008060  -0.002705   0.003366   0.006023   0.003223  0.0000160  0.0000157    0.000767    0.000290
1987   1  28  46823   0.134888   0.275508  -0.1716499   0.0008975  -0.002342   0.003054   0.000781   0.000650  0.0000160  0.0000162    0.000744    0.000295
1987   1  29  46824   0.135865   0.275758  -0.1726558   0.0011245  -0.001764   0.002783   0.000495   0.000359  0.0000165  0.0000171    0.000628    0.000295
1987   1  30  46825   0.136711   0.275305  -0.1739269   0.0014134  -0.001399   0.002599   0.000366   0.000227  0.0000182  0.0000181    0.000447    0.000293
1987   1  31  46826   0.135665   0.274470  -0.1754773   0.0016778  -0.001205   0.002620   0.000421   0.000254  0.0000198  0.0000191    0.000387    0.000293
1987   2   1  46827   0.133427   0.273935  -0.1772480   0.0018580  -0.001090   0.002867   0.001160   0.000740  0.0000199  0.0000192    0.000398    0.000282
1987   2   2  46828   0.131699   0.273332  -0.1791451   0.0019322  -0.001194   0.003181   0.001097   0.000937  0.0000186  0.0000191    0.001259    0.000222
1987   2   3  46829   0.130248   0.271566  -0.1810674   0.0018997  -0.001623   0.003267   0.000870   0.000685  0.0000183  0.0000181    0.001261    0.000223
1987   2   4  46830   0.128752   0.268703  -0.1829138   0.0017741  -0.002152   0.002933   0.000774   0.000435  0.0000176  0.0000177    0.000802    0.000228
1987   2   5  46831   0.128829   0.266974  -0.1846017   0.0015582  -0.002171   0.002609   0.000410   0.000224  0.0000172  0.0000188    0.000409    0.000226
1987   2   6  46832   0.129085   0.266204  -0.1860306   0.0012964  -0.001925   0.002589   0.000496   0.000274  0.0000200  0.0000309    0.000385    0.000257
1987   2   7  46833   0.128741   0.265165  -0.1872056   0.0010994  -0.001937   0.002766   0.001304   0.000836  0.0000446  0.0000223    0.001156    0.000423
1987   2   8  46834   0.128822   0.263539  -0.1882486   0.0010205  -0.002220   0.002807   0.000552   0.000383  0.0000245  0.0000313    0.000657    0.000226
1987   2   9  46835   0.129310   0.261774  -0.1892715   0.0010093  -0.002397   0.002432   0.000297   0.000185  0.0000179  0.0000237    0.000363    0.000196
1987   2  10  46836   0.128298   0.260932  -0.1902956   0.0010009  -0.002087   0.001852   0.000350   0.000214  0.0000230  0.0000303    0.000431    0.000272
1987   2  11  46837   0.126768   0.260840  -0.1913017   0.0010033  -0.001361   0.001598   0.000828   0.000520  0.0000428  0.0000198    0.000825    0.000517
1987   2  12  46838   0.126391   0.260521  -0.1923266   0.0010753  -0.000804   0.001903   0.000781   0.000835  0.0000166  0.0000297    0.001028    0.000217
1987   2  13  46839   0.126391   0.259505  -0.1934694   0.0012506  -0.000878   0.002539   0.000686   0.000663  0.0000166  0.0000197    0.001002    0.000218
1987   2  14  46840   0.125694   0.258081  -0.1948347   0.0015025  -0.001442   0.003054   0.000776   0.000531  0.0000227  0.0000265    0.001111    0.000319
1987   2  15  46841   0.125067   0.257040  -0.1964687   0.0017657  -0.001410   0.003206   0.000910   0.000503  0.0000365  0.0000326    0.001211    0.000693
1987   2  16  46842   0.125136   0.256587  -0.1983476   0.0019738  -0.000526   0.003049   0.002382   0.001467  0.0000426  0.0000341    0.000878    0.000415
1987   2  17  46843   0.125387   0.256164  -0.2003872   0.0020756   0.000385   0.002787   0.001491   0.000961  0.0000318  0.0000360    0.000346    0.000136
1987   2  18  46844   0.125206   0.255282  -0.2024643   0.0020502   0.000416   0.002588   0.000567   0.000307  0.0000295  0.0000283    0.000337    0.000132
1987   2  19  46845   0.124573   0.254025  -0.2044544   0.0019111  -0.000659   0.002491   0.000356   0.000180  0.0000248  0.0000260    0.000315    0.000123
1987   2  20  46846   0.123760   0.252630  -0.2062616   0.0017070  -0.001673   0.002419   0.000313   0.000155  0.0000225  0.0000230    0.000302    0.000118
1987   2  21  46847   0.123009   0.251660  -0.2078581   0.0015078  -0.001747   0.002355   0.000968   0.000496  0.0000212  0.0000195    0.000314    0.000121
1987   2  22  46848   0.122447   0.251353  -0.2092865   0.0013724  -0.001102   0.002303   0.001232   0.000935  0.0000164  0.0000187    0.000710    0.000182
1987   2  23  46849   0.122273   0.250683  -0.2106333   0.0013330  -0.000508   0.002205   0.000567   0.000341  0.0000162  0.0000162    0.000454    0.000154
1987   2  24  46850   0.122456   0.248640  -0.2119994   0.0013915  -0.000595   0.002002   0.000419   0.000204  0.0000160  0.0000171    0.000282    0.000117
1987   2  25  46851   0.121546   0.247896  -0.2134677   0.0015688  -0.001253   0.001603   0.000475   0.000244  0.0000181  0.0000183    0.000327    0.000141
1987   2  26  46852   0.120202   0.247778  -0.2151760   0.0018737  -0.001344   0.001395   0.000660   0.000490  0.0000205  0.0000152    0.000565    0.000235
1987   2  27  46853   0.119859   0.246538  -0.2172273   0.0022260  -0.000238   0.001606   0.000767   0.000760  0.0000124  0.0000159    0.000985    0.000175
1987   2  28  46854   0.120544   0.244575  -0.2196086   0.0025138   0.001519   0.002005   0.000547   0.000541  0.0000112  0.0000118    0.001174    0.000159
1987   3   1  46855   0.120823   0.242723  -0.2222119   0.0026621   0.002880   0.002307   0.000449   0.000444  0.0000112  0.0000112    0.001175    0.000159
1987   3   2  46856   0.120155   0.241411  -0.2248821   0.0026477   0.003102   0.002407   0.000721   0.000697  0.0000112  0.0000159    0.001174    0.000159
1987   3   3  46857   0.119522   0.240639  -0.2274646   0.0024908   0.002151   0.002305   0.006782   0.002535  0.0000206  0.0000170    0.000730    0.000215
1987   3   4  46858   0.119351   0.239868  -0.2298385   0.0022374   0.000641   0.002005   0.001913   0.001639  0.0000227  0.0000217    0.000714    0.000221
1987   3   5  46859   0.118002   0.238360  -0.2319328   0.0019398  -0.000626   0.001569   0.001085   0.001108  0.0000227  0.0000227    0.000714    0.000221
1987   3   6  46860   0.114212   0.236014  -0.2337259   0.0016427  -0.001178   0.001160   0.001315   0.001433  0.0000227  0.0000227    0.000714    0.000221
1987   3   7  46861   0.111482   0.233893  -0.2352360   0.0013824  -0.001041   0.000941   0.001734   0.002186  0.0000227  0.0000170    0.000714    0.000221
1987   3   8  46862   0.111021   0.232481  -0.2365153   0.0011908  -0.000502   0.000924   0.001247   0.001179  0.0000113  0.0000169    0.000606    0.000171
1987   3   9  46863   0.111251   0.231341  -0.2376464   0.0010944   0.000127   0.000986   0.000746   0.000692  0.0000112  0.0000117    0.000602    0.000170
1987   3  10  46864   0.110302   0.229652  -0.2387336   0.0011070   0.000567   0.001019   0.000551   0.000510  0.0000120  0.0000138    0.000610    0.000183
1987   3  11  46865   0.108766   0.227451  -0.2398873   0.0012259   0.000645   0.001032   0.000662   0.000598  0.0000164  0.0000188    0.000635    0.000243
1987   3  12  46866   0.108607   0.225955  -0.2412064   0.0014252   0.000427   0.001094   0.001426   0.001121  0.0000255  0.0000192    0.000655    0.000352
1987   3  13  46867   0.109115   0.224977  -0.2427497   0.0016607   0.000184   0.001214   0.002001   0.001362  0.0000219  0.0000180    0.000620    0.000336
1987   3  14  46868   0.109480   0.224211  -0.2445282   0.0018876   0.000182   0.001305   0.000381   0.000341  0.0000105  0.0000162    0.000462    0.000193
1987   3  15  46869   0.109533   0.223477  -0.2465115   0.0020681   0.000472   0.001268   0.000368   0.000329  0.0000105  0.0000105    0.000462    0.000192
1987   3  16  46870   0.109469   0.222778  -0.2486370   0.0021750   0.000877   0.001098   0.000379   0.000339  0.0000105  0.0000105    0.000462    0.000192
1987   3  17  46871   0.109338   0.222261  -0.2508237   0.0021924   0.001111   0.000891   0.001228   0.001148  0.0000105  0.0000109    0.000462    0.000192
1987   3  18  46872   0.109061   0.222036  -0.2529820   0.0021177   0.000950   0.000768   0.003036   0.003870  0.0000112  0.0000110    0.000573    0.000174
1987   3  19  46873   0.108706   0.222001  -0.2550274   0.0019659   0.000329   0.000789   0.000679   0.000631  0.0000114  0.0000118    0.000584    0.000174
1987   3  20  46874   0.108506   0.221858  -0.2568992   0.0017700  -0.000589   0.000928   0.000488   0.000411  0.0000124  0.0000148    0.000584    0.000188
1987   3  21  46875   0.108363   0.221422  -0.2585743   0.0015727  -0.001382   0.001084   0.000567   0.000361  0.0000182  0.0000295    0.000584    0.000270
1987   3  22  46876   0.107677   0.220920  -0.2600719   0.0014240  -0.001395   0.001119   0.000774   0.000400  0.0000467  0.0000770    0.000692    0.000592
1987   3  23  46877   0.106060   0.220269  -0.2614637   0.0013723  -0.000569   0.000942   0.002936   0.001514  0.0001357  0.0000342    0.002131    0.001742
1987   3  24  46878   0.103775   0.219173  -0.2628626   0.0014443   0.000506   0.000587   0.001383   0.001692  0.0000218  0.0000744    0.000546    0.000314
1987   3  25  46879   0.101497   0.217736  -0.2643915   0.0016321   0.001167   0.000222   0.000731   0.001137  0.0000130  0.0000190    0.000332    0.000190
1987   3  26  46880   0.099194   0.217083  -0.2661475   0.0018914   0.001171   0.000066   0.000811   0.001084  0.0000162  0.0000140    0.000471    0.000255
1987   3  27  46881   0.097500   0.216563  -0.2681691   0.0021393   0.001159   0.000330   0.000682   0.000745  0.0000151  0.0000145    0.000561    0.000233
1987   3  28  46882   0.096911   0.215995  -0.2703959   0.0022871   0.001123   0.000708   0.000541   0.000606  0.0000127  0.0000137    0.000469    0.000189
1987   3  29  46883   0.096882   0.215569  -0.2726975   0.0022924   0.000762   0.000827   0.000590   0.000542  0.0000124  0.0000125    0.000486    0.000203
1987   3  30  46884   0.096497   0.214726  -0.2749337   0.0021673   0.000190   0.000668   0.000626   0.000527  0.0000123  0.0000123    0.000501    0.000214
1987   3  31  46885   0.095316   0.213276  -0.2769968   0.0019577  -0.000360   0.000376   0.000637   0.000538  0.0000123  0.0000123    0.000501    0.000214
1987   4   1  46886   0.094016   0.212113  -0.2788320   0.0017190  -0.000675   0.000100   0.001398   0.001567  0.0000123  0.0000128    0.000501    0.000214
1987   4   2  46887   0.093594   0.212264  -0.2804353   0.0014952  -0.000626  -0.000047   0.001757   0.003027  0.0000132  0.0000128    0.000573    0.000198
1987   4   3  46888   0.094009   0.213298  -0.2818363   0.0013133  -0.000194   0.000015   0.000681   0.000608  0.0000133  0.0000132    0.000580    0.000197
1987   4   4  46889   0.093833   0.213159  -0.2830841   0.0011887   0.000534   0.000279   0.000541   0.000467  0.0000133  0.0000133    0.000580    0.000197
1987   4   5  46890   0.092356   0.211018  -0.2842407   0.0011325   0.001406   0.000610   0.000690   0.000594  0.0000133  0.0000133    0.000580    0.000197
1987   4   6  46891   0.091110   0.209220  -0.2853779   0.0011522   0.002241   0.000789   0.000983   0.000845  0.0000133  0.0000125    0.000580    0.000197
1987   4   7  46892   0.090400   0.209235  -0.2865723   0.0012469   0.002814   0.000655   0.001529   0.002302  0.0000117  0.0000124    0.000491    0.000179
1987   4   8  46893   0.089525   0.210608  -0.2878940   0.0014032   0.002904   0.000215   0.000895   0.001163  0.0000116  0.0000116    0.000486    0.000178
1987   4   9  46894   0.087964   0.211670  -0.2893935   0.0015958   0.002446  -0.000358   0.000529   0.000630  0.0000114  0.0000109    0.000485    0.000171
1987   4  10  46895   0.086454   0.211130  -0.2910910   0.0017933   0.001691  -0.000813   0.000414   0.000413  0.0000102  0.0000104    0.000479    0.000141
1987   4  11  46896   0.085050   0.210415  -0.2929741   0.0019655   0.001172  -0.000868   0.000393   0.000357  0.0000095  0.0000098    0.000475    0.000126
1987   4  12  46897   0.083366   0.210872  -0.2950024   0.0020859   0.001178  -0.000452   0.000393   0.000354  0.0000094  0.0000101    0.000476    0.000126
1987   4  13  46898   0.081661   0.211280  -0.2971123   0.0021277   0.001408   0.000195   0.000452   0.000395  0.0000107  0.0000101    0.000519    0.000238
1987   4  14  46899   0.080332   0.209878  -0.2992154   0.0020656   0.001306   0.000687   0.000452   0.000413  0.0000108  0.0000109    0.000514    0.000242
1987   4  15  46900   0.079303   0.206908  -0.3012032   0.0018925   0.000636   0.000702   0.000452   0.000513  0.0000110  0.0000110    0.000495    0.000241
1987   4  16  46901   0.077804   0.205558  -0.3029750   0.0016436  -0.000032   0.000234   0.000569   0.000796  0.0000113  0.0000113    0.000483    0.000240
1987   4  17  46902   0.075984   0.206106  -0.3044892   0.0013952   0.000000  -0.000435   0.001090   0.001117  0.0000116  0.0000115    0.000583    0.000225
1987   4  18  46903   0.074609   0.206065  -0.3057894   0.0012256   0.000917  -0.000928   0.000592   0.000522  0.0000118  0.0000117    0.000709    0.000216
1987   4  19  46904   0.073533   0.205158  -0.3069817   0.0011741   0.002323  -0.001023   0.000547   0.000481  0.0000118  0.0000119    0.000710    0.000216
1987   4  20  46905   0.072405   0.204405  -0.3081833   0.0012328   0.003523  -0.000801   0.001412   0.001097  0.0000120  0.0000166    0.000694    0.000216
1987   4  21  46906   0.071246   0.204460  -0.3094849   0.0013707   0.003958  -0.000570   0.002331   0.001109  0.0000215  0.0000168    0.000522    0.000220
1987   4  22  46907   0.070260   0.204560  -0.3109452   0.0015593   0.003514  -0.000604   0.001196   0.000649  0.0000215  0.0000194    0.000521    0.000220
1987   4  23  46908   0.069680   0.203863  -0.3126027   0.0017795   0.002567  -0.000922   0.000884   0.000670  0.0000173  0.0000170    0.000521    0.000225
1987   4  24  46909   0.069901   0.204844  -0.3144825   0.0020003   0.001845  -0.001193   0.000492   0.000440  0.0000125  0.0000148    0.000523    0.000237
1987   4  25  46910   0.069482   0.204671  -0.3165666   0.0021596   0.001958  -0.001015   0.000557   0.000492  0.0000123  0.0000124    0.000523    0.000238
1987   4  26  46911   0.068270   0.203411  -0.3187594   0.0021892   0.002896  -0.000354   0.001795   0.001215  0.0000123  0.0000164    0.000523    0.000238
1987   4  27  46912   0.067274   0.203640  -0.3209078   0.0020608   0.004080   0.000409   0.003584   0.001602  0.0000204  0.0000171    0.000887    0.000356
1987   4  28  46913   0.066564   0.204727  -0.3228575   0.0018065   0.004744   0.000750   0.000956   0.000914  0.0000220  0.0000216    0.000957    0.000376
1987   4  29  46914   0.065516   0.204649  -0.3245141   0.0015073   0.004411   0.000388   0.000893   0.000936  0.0000228  0.0000239    0.000975    0.000397
1987   4  30  46915   0.063691   0.202890  -0.3258804   0.0012565   0.003299  -0.000464   0.000787   0.001067  0.0000259  0.0000239    0.001034    0.000480
1987   5   1  46916   0.061591   0.202221  -0.3270461   0.0011040   0.002547  -0.001136   0.000674   0.000946  0.0000249  0.0000223    0.000957    0.000298
1987   5   2  46917   0.059684   0.202465  -0.3281133   0.0010333   0.002597  -0.001175   0.000553   0.000686  0.0000188  0.0000202    0.000759    0.000175
1987   5   3  46918   0.058013   0.201705  -0.3291399   0.0010012   0.002932  -0.000792   0.000486   0.000631  0.0000155  0.0000155    0.000631    0.000162
1987   5   4  46919   0.056704   0.202074  -0.3301421   0.0009916   0.002865  -0.000880   0.000444   0.000547  0.0000122  0.0000131    0.000464    0.000173
1987   5   5  46920   0.055522   0.202705  -0.3311453   0.0010635   0.002907  -0.001663   0.000427   0.000423  0.0000108  0.0000118    0.000460    0.000146
1987   5   6  46921   0.054480   0.201750  -0.3322845   0.0012395   0.003532  -0.002044   0.000462   0.000398  0.0000114  0.0000160    0.000518    0.000137
1987   5   7  46922   0.054063   0.199983  -0.3336316   0.0014165   0.004290  -0.001527   0.000908   0.000579  0.0000212  0.0000166    0.000560    0.000212
1987   5   8  46923   0.054318   0.199692  -0.3351160   0.0015442   0.004203  -0.001018   0.001128   0.000772  0.0000219  0.0000185    0.000581    0.000259
1987   5   9  46924   0.053685   0.200604  -0.3367082   0.0016689   0.003148  -0.000925   0.000771   0.000671  0.0000159  0.0000204    0.000622    0.000301
1987   5  10  46925   0.052349   0.201006  -0.3384298   0.0017939   0.001856  -0.000999   0.000813   0.000740  0.0000189  0.0000463    0.000754    0.000366
1987   5  11  46926   0.050780   0.200556  -0.3402602   0.0018585   0.000988  -0.000968   0.001701   0.002630  0.0000766  0.0000590    0.002895    0.001225
1987   5  12  46927   0.049107   0.200112  -0.3421052   0.0018034   0.000678  -0.000770   0.001711   0.003112  0.0000990  0.0000442    0.005547    0.001485
1987   5  13  46928   0.047583   0.200049  -0.3438318   0.0016187   0.000677  -0.000558   0.000449   0.000472  0.0000118  0.0000555    0.000915    0.000250
1987   5  14  46929   0.046361   0.200061  -0.3453280   0.0013537   0.000799  -0.000531   0.000470   0.000493  0.0000120  0.0000146    0.000934    0.000255
1987   5  15  46930   0.045217   0.199734  -0.3465533   0.0010947   0.001116  -0.000667   0.000687   0.000721  0.0000173  0.0000236    0.001339    0.000367
1987   5  16  46931   0.043505   0.199228  -0.3475566   0.0009314   0.001672  -0.000751   0.001751   0.001963  0.0000351  0.0000278    0.002654    0.000740
1987   5  17  46932   0.041293   0.198635  -0.3484664   0.0009206   0.002306  -0.000682   0.002653   0.004275  0.0000382  0.0000256    0.001634    0.000684
1987   5  18  46933   0.039285   0.197966  -0.3494414   0.0010606   0.002778  -0.000622   0.000666   0.000686  0.0000161  0.0000272    0.000644    0.000281
1987   5  19  46934   0.037986   0.197409  -0.3506112   0.0012990   0.003022  -0.000820   0.000512   0.000520  0.0000161  0.0000161    0.000643    0.000280
1987   5  20  46935   0.037299   0.196992  -0.3520383   0.0015595   0.003180  -0.001361   0.000707   0.000708  0.0000161  0.0000161    0.000643    0.000280
1987   5  21  46936   0.036468   0.196346  -0.3537085   0.0017730   0.003351  -0.002047   0.001220   0.001163  0.0000161  0.0000150    0.000643    0.000280
1987   5  22  46937   0.035765   0.196552  -0.3555499   0.0018960   0.003428  -0.002492   0.002483   0.002173  0.0000140  0.0000150    0.000716    0.000307
1987   5  23  46938   0.035606   0.198502  -0.3574625   0.0019129   0.003192  -0.002333   0.001317   0.001217  0.0000138  0.0000138    0.000712    0.000307
1987   5  24  46939   0.035103   0.200638  -0.3593420   0.0018299   0.002601  -0.001482   0.000657   0.000642  0.0000137  0.0000136    0.000637    0.000284
1987   5  25  46940   0.032568   0.199955  -0.3610990   0.0016706   0.001971  -0.000303   0.000575   0.000642  0.0000134  0.0000135    0.000482    0.000229
1987   5  26  46941   0.029517   0.198194  -0.3626734   0.0014610   0.001849   0.000456   0.000745   0.000895  0.0000133  0.0000134    0.000422    0.000205
1987   5  27  46942   0.027722   0.197433  -0.3640253   0.0012246   0.002263   0.000373   0.001231   0.001485  0.0000133  0.0000141    0.000426    0.000208
1987   5  28  46943   0.027203   0.197585  -0.3651384   0.0009949   0.002615  -0.000301   0.000590   0.000676  0.0000149  0.0000141    0.000708    0.000354
1987   5  29  46944   0.027050   0.197663  -0.3660384   0.0008187   0.002302  -0.000948   0.000553   0.000630  0.0000149  0.0000150    0.000716    0.000349
1987   5  30  46945   0.026544   0.197174  -0.3668023   0.0007407   0.001256  -0.001121   0.000531   0.000597  0.0000151  0.0000151    0.000731    0.000330
1987   5  31  46946   0.026037   0.197087  -0.3675459   0.0007671   0.000149  -0.000977   0.000560   0.000624  0.0000152  0.0000150    0.000741    0.000318
1987   6   1  46947   0.025725   0.197594  -0.3683589   0.0008565  -0.000410  -0.000869   0.001795   0.001982  0.0000150  0.0000143    0.000737    0.000304
1987   6   2  46948   0.025283   0.197812  -0.3692748   0.0009623  -0.000260  -0.000922   0.001078   0.001084  0.0000134  0.0000142    0.000687    0.000240
1987   6   3  46949   0.024605   0.197563  -0.3702915   0.0010660   0.000421  -0.000998   0.000606   0.000607  0.0000134  0.0000134    0.000687    0.000240
1987   6   4  46950   0.023918   0.197573  -0.3714065   0.0011763   0.001205  -0.000914   0.000849   0.000848  0.0000134  0.0000135    0.000687    0.000240
1987   6   5  46951   0.023305   0.198079  -0.3726360   0.0013043   0.001571  -0.000701   0.001053   0.000967  0.0000136  0.0000136    0.000725    0.000273
1987   6   6  46952   0.022848   0.198666  -0.3739984   0.0014351   0.001213  -0.000541   0.000525   0.000466  0.0000137  0.0000137    0.000743    0.000293
1987   6   7  46953   0.022692   0.198765  -0.3754802   0.0015242   0.000311  -0.000502   0.000515   0.000457  0.0000137  0.0000138    0.000743    0.000293
1987   6   8  46954   0.022876   0.198304  -0.3770125   0.0015177  -0.000611  -0.000447   0.000529   0.000462  0.0000140  0.0000180    0.000746    0.000289
1987   6   9  46955   0.023170   0.197893  -0.3784798   0.0013875  -0.001176  -0.000280   0.001701   0.000571  0.0000222  0.0000182    0.000790    0.000240
1987   6  10  46956   0.023067   0.198215  -0.3797627   0.0011571  -0.001338  -0.000167   0.001788   0.000573  0.0000224  0.0000222    0.000791    0.000239
1987   6  11  46957   0.021956   0.199208  -0.3807932   0.0009021  -0.001099  -0.000344   0.001726   0.000595  0.0000222  0.0000189    0.000790    0.000240
1987   6  12  46958   0.019459   0.199701  -0.3815955   0.0007193  -0.000449  -0.000754   0.001052   0.000899  0.0000155  0.0000185    0.000750    0.000383
1987   6  13  46959   0.016012   0.198787  -0.3822820   0.0006796   0.000366  -0.001054   0.000798   0.000757  0.0000147  0.0000151    0.000743    0.000468
1987   6  14  46960   0.013159   0.197771  -0.3830078   0.0007945   0.000796  -0.001029   0.000678   0.000656  0.0000147  0.0000147    0.000743    0.000469
1987   6  15  46961   0.011890   0.198003  -0.3839067   0.0010150   0.000498  -0.000795   0.001330   0.001283  0.0000147  0.0000141    0.000743    0.000468
1987   6  16  46962   0.011579   0.198907  -0.3850441   0.0012600  -0.000293  -0.000560   0.004654   0.004001  0.0000135  0.0000141    0.000729    0.000239
1987   6  17  46963   0.011123   0.199527  -0.3864047   0.0014511  -0.001002  -0.000365   0.001191   0.001256  0.0000134  0.0000135    0.000728    0.000233
1987   6  18  46964   0.010210   0.200079  -0.3879072   0.0015379  -0.001208  -0.000157   0.000633   0.000655  0.0000134  0.0000135    0.000725    0.000231
1987   6  19  46965   0.009251   0.201102  -0.3894381   0.0015080  -0.000943   0.000037   0.000600   0.000562  0.0000136  0.0000135    0.000713    0.000223
1987   6  20  46966   0.008482   0.201561  -0.3908884   0.0013765  -0.000712   0.000157   0.000589   0.000523  0.0000136  0.0000136    0.000705    0.000218
1987   6  21  46967   0.007627   0.201362  -0.3921688   0.0011706  -0.000864   0.000165   0.000895   0.000781  0.0000137  0.0000141    0.000697    0.000218
1987   6  22  46968   0.006328   0.201849  -0.3932208   0.0009253  -0.001259   0.000043   0.001316   0.001146  0.0000146  0.0000145    0.000641    0.000227
1987   6  23  46969   0.004690   0.203565  -0.3940231   0.0006769  -0.001476  -0.000236   0.000894   0.000802  0.0000153  0.0000120    0.000686    0.000244
1987   6  24  46970   0.003380   0.204651  -0.3945887   0.0004577  -0.001233  -0.000664   0.000713   0.000649  0.0000094  0.0000094    0.000741    0.000284
1987   6  25  46971   0.002801   0.203912  -0.3949604   0.0002944  -0.000801  -0.000996   0.000346   0.000310  0.0000035  0.0000060    0.000353    0.000150
1987   6  26  46972   0.002106   0.203318  -0.3952036   0.0002054  -0.000655  -0.001158   0.000238   0.000212  0.0000026  0.0000038    0.000268    0.000114
1987   6  27  46973  -0.000101   0.204684  -0.3953980   0.0002008  -0.000962  -0.001104   0.000295   0.000277  0.0000041  0.0000086    0.000388    0.000161
1987   6  28  46974  -0.002310   0.205604  -0.3956288   0.0002787  -0.001499  -0.000733   0.000498   0.000581  0.0000145  0.0000111    0.000682    0.000260
1987   6  29  46975  -0.003242   0.204434  -0.3959729   0.0004234  -0.001887  -0.000214   0.000600   0.000695  0.0000181  0.0000211    0.000748    0.000292
1987   6  30  46976  -0.004605   0.204339  -0.3964848   0.0006048  -0.001827  -0.000010   0.000976   0.001100  0.0000277  0.0000254    0.001152    0.000460
1987   7   1  46977  -0.006032   0.205899  -0.3971825   0.0007862  -0.001356  -0.000206   0.001228   0.001402  0.0000328  0.0000271    0.002709    0.000923
1987   7   2  46978  -0.005966   0.207165  -0.3980490   0.0009394  -0.000904  -0.000487   0.001060   0.001108  0.0000265  0.0000270    0.001872    0.000503
1987   7   3  46979  -0.006216   0.207651  -0.3990462   0.0010452  -0.000623  -0.000599   0.001197   0.001009  0.0000212  0.0000237    0.001052    0.000282
1987   7   4  46980  -0.008773   0.208131  -0.4001183   0.0010847  -0.000359  -0.000514   0.001395   0.001154  0.0000209  0.0000211    0.001020    0.000273
1987   7   5  46981  -0.010950   0.208730  -0.4011889   0.0010412  -0.000199  -0.000316   0.001653   0.001345  0.0000209  0.0000166    0.001019    0.000273
1987   7   6  46982  -0.011636   0.209153  -0.4021710   0.0009122  -0.000441  -0.000046   0.002232   0.001506  0.0000122  0.0000164    0.000635    0.000214
1987   7   7  46983  -0.011699   0.209226  -0.4029873   0.0007169  -0.001486   0.000229   0.000914   0.000972  0.0000120  0.0000123    0.000614    0.000211
1987   7   8  46984  -0.012356   0.209329  -0.4035937   0.0004973  -0.003493   0.000291   0.000501   0.000619  0.0000123  0.0000130    0.000569    0.000204
1987   7   9  46985  -0.013551   0.210492  -0.4039959   0.0003145  -0.005798  -0.000023   0.000512   0.000787  0.0000141  0.0000142    0.000456    0.000183
1987   7  10  46986  -0.014850   0.211746  -0.4042631   0.0002317  -0.006711  -0.000426   0.000773   0.001577  0.0000160  0.0000235    0.000410    0.000172
1987   7  11  46987  -0.016200   0.211075  -0.4045146   0.0002881  -0.005715  -0.000486   0.001301   0.002014  0.0000329  0.0000247    0.000840    0.000347
1987   7  12  46988  -0.018000   0.210062  -0.4048888   0.0004790  -0.004131  -0.000153   0.001103   0.001186  0.0000333  0.0000253    0.001534    0.000447
1987   7  13  46989  -0.020438   0.211290  -0.4054959   0.0007468  -0.003583   0.000185   0.000702   0.000658  0.0000177  0.0000241    0.000848    0.000243
1987   7  14  46990  -0.022713   0.213368  -0.4063709   0.0010038  -0.004409   0.000221   0.000605   0.000554  0.0000148  0.0000232    0.000712    0.000203
1987   7  15  46991  -0.024312   0.214710  -0.4074639   0.0011725  -0.005745   0.000081   0.001307   0.000979  0.0000286  0.0000762    0.000966    0.000291
1987   7  16  46992  -0.025353   0.215312  -0.4086648   0.0012138  -0.006519   0.000057   0.005384   0.001856  0.0001376  0.0000287    0.001164    0.000372
1987   7  17  46993  -0.026029   0.215886  -0.4098463   0.0011291  -0.006232   0.000170   0.001180   0.001017  0.0000288  0.0000758    0.001029    0.000326
1987   7  18  46994  -0.026148   0.216652  -0.4108941   0.0009409  -0.005576   0.000135   0.000570   0.000538  0.0000140  0.0000199    0.000639    0.000241
1987   7  19  46995  -0.025532   0.217312  -0.4117172   0.0006773  -0.005705  -0.000171   0.000384   0.000373  0.0000111  0.0000120    0.000327    0.000148
1987   7  20  46996  -0.024712   0.218151  -0.4122529   0.0003853  -0.006346  -0.000371   0.000323   0.000317  0.0000099  0.0000126    0.000263    0.000127
1987   7  21  46997  -0.024706   0.218998  -0.4125025   0.0001342  -0.006671  -0.000291   0.000410   0.000459  0.0000141  0.0000155    0.000390    0.000177
1987   7  22  46998  -0.025948   0.219139  -0.4125429  -0.0000234  -0.006396  -0.000263   0.000538   0.000744  0.0000211  0.0000147    0.000735    0.000257
1987   7  23  46999  -0.027366   0.219067  -0.4124817  -0.0000817  -0.005823  -0.000552   0.000507   0.000478  0.0000154  0.0000161    0.000453    0.000180
1987   7  24  47000  -0.026616   0.221081  -0.4124069  -0.0000594  -0.005785  -0.000704   0.000420   0.000344  0.0000111  0.0000129    0.000273    0.000117
1987   7  25  47001  -0.026615   0.223359  -0.4123883   0.0000308  -0.006280  -0.000589   0.000563   0.000462  0.0000104  0.0000287    0.000245    0.000106
1987   7  26  47002  -0.027732   0.224280  -0.4124885   0.0001786  -0.006762  -0.000255   0.001708   0.001192  0.0000464  0.0000232    0.001037    0.000242
1987   7  27  47003  -0.028277   0.224467  -0.4127572   0.0003660  -0.006671   0.000123   0.003270   0.001160  0.0000360  0.0000324    0.001741    0.000267
1987   7  28  47004  -0.027539   0.224787  -0.4132225   0.0005658  -0.005862   0.000328   0.001593   0.000748  0.0000185  0.0000307    0.001108    0.000273
1987   7  29  47005  -0.026739   0.225236  -0.4138810   0.0007431  -0.004760   0.000317   0.002086   0.001040  0.0000254  0.0000374    0.001532    0.000400
1987   7  30  47006  -0.026857   0.226155  -0.4146924   0.0008624  -0.004109   0.000236   0.002372   0.001710  0.0000562  0.0000207    0.003281    0.000878
1987   7  31  47007  -0.027346   0.227218  -0.4155836   0.0008995  -0.004359   0.000169   0.001346   0.001082  0.0000160  0.0000315    0.000725    0.000146
1987   8   1  47008  -0.027429   0.227874  -0.4164659   0.0008482  -0.005493   0.000030   0.000384   0.000309  0.0000069  0.0000115    0.000322    0.000066
1987   8   2  47009  -0.027750   0.228626  -0.4172544   0.0007207  -0.007093  -0.000286   0.000265   0.000214  0.0000070  0.0000082    0.000326    0.000067
1987   8   3  47010  -0.028976   0.230035  -0.4178850   0.0005435  -0.008458  -0.000713   0.000377   0.000305  0.0000095  0.0000236    0.000449    0.000093
1987   8   4  47011  -0.030252   0.231504  -0.4183287   0.0003546  -0.009007  -0.001069   0.001543   0.001054  0.0000401  0.0000754    0.001941    0.000413
1987   8   5  47012  -0.030912   0.232395  -0.4185991   0.0002031  -0.008594  -0.001292   0.001760   0.001321  0.0001413  0.0000406    0.006560    0.002538
1987   8   6  47013  -0.031763   0.233038  -0.4187624   0.0001455  -0.007534  -0.001469   0.001301   0.001054  0.0000411  0.0000815    0.002105    0.001228
1987   8   7  47014  -0.033053   0.233754  -0.4189375   0.0002255  -0.006467  -0.001586   0.001160   0.000870  0.0000216  0.0000295    0.001119    0.000653
1987   8   8  47015  -0.033198   0.234112  -0.4192670   0.0004426  -0.006287  -0.001450   0.001488   0.001089  0.0000180  0.0000171    0.000924    0.000534
1987   8   9  47016  -0.032625   0.234753  -0.4198619   0.0007404  -0.006967  -0.000991   0.000998   0.000799  0.0000126  0.0000146    0.000375    0.000154
1987   8  10  47017  -0.032677   0.235785  -0.4207556   0.0010323  -0.007587  -0.000453   0.000356   0.000291  0.0000112  0.0000123    0.000312    0.000126
1987   8  11  47018  -0.033558   0.236270  -0.4218988   0.0012433  -0.007204  -0.000117   0.000371   0.000302  0.0000121  0.0000148    0.000347    0.000138
1987   8  12  47019  -0.034405   0.236224  -0.4231900   0.0013324  -0.006261  -0.000011   0.000713   0.000560  0.0000183  0.0000187    0.000861    0.000257
1987   8  13  47020  -0.034491   0.236789  -0.4245066   0.0012866  -0.006404  -0.000027   0.001198   0.000897  0.0000254  0.0000622    0.003270    0.000394
1987   8  14  47021  -0.034884   0.238298  -0.4257196   0.0011189  -0.007593  -0.000138   0.003418   0.002364  0.0001060  0.0000892    0.005077    0.000748
1987   8  15  47022  -0.036805   0.240132  -0.4267232   0.0008748  -0.008426  -0.000427   0.002914   0.002026  0.0001530  0.0000725    0.005526    0.001246
1987   8  16  47023  -0.039086   0.241688  -0.4274690   0.0006195  -0.008309  -0.000847   0.001602   0.001354  0.0000391  0.0000858    0.002155    0.000969
1987   8  17  47024  -0.039505   0.242638  -0.4279766   0.0004144  -0.007593  -0.001107   0.000883   0.000726  0.0000186  0.0000271    0.001017    0.000464
1987   8  18  47025  -0.038363   0.243265  -0.4283205   0.0002955  -0.007417  -0.000979   0.001075   0.000811  0.0000152  0.0000255    0.000832    0.000380
1987   8  19  47026  -0.037174   0.243694  -0.4285945   0.0002707  -0.008132  -0.000568   0.002721   0.001399  0.0000324  0.0001041    0.001753    0.000802
1987   8  20  47027  -0.037120   0.244428  -0.4288903   0.0003349  -0.009064  -0.000210   0.003263   0.004300  0.0001930  0.0000387    0.007177    0.003454
1987   8  21  47028  -0.038284   0.246042  -0.4292914   0.0004764  -0.009399  -0.000146   0.001786   0.001752  0.0000450  0.0001061    0.002175    0.001029
1987   8  22  47029  -0.039548   0.248026  -0.4298657   0.0006753  -0.009005  -0.000310   0.000977   0.000747  0.0000192  0.0000304    0.000901    0.000341
1987   8  23  47030  -0.039396   0.249296  -0.4306571   0.0009062  -0.008433  -0.000489   0.000645   0.000612  0.0000159  0.0000188    0.000636    0.000176
1987   8  24  47031  -0.038614   0.250696  -0.4316834   0.0011353  -0.008453  -0.000552   0.000658   0.000732  0.0000184  0.0000393    0.000673    0.000171
1987   8  25  47032  -0.038051   0.253538  -0.4329222   0.0013233  -0.009057  -0.000489   0.001854   0.001810  0.0000627  0.0000325    0.002202    0.000592
1987   8  26  47033  -0.037638   0.256754  -0.4343141   0.0014414  -0.009564  -0.000344   0.001244   0.000904  0.0000466  0.0000421    0.002822    0.000792
1987   8  27  47034  -0.037718   0.256941  -0.4357808   0.0014830  -0.009466  -0.000184   0.000579   0.000506  0.0000216  0.0000314    0.001520    0.000508
1987   8  28  47035  -0.037935   0.255265  -0.4372512   0.0014664  -0.009203  -0.000237   0.000507   0.000509  0.0000162  0.0000183    0.000938    0.000463
1987   8  29  47036  -0.038441   0.256462  -0.4386852   0.0014023  -0.009163  -0.000337   0.000669   0.000745  0.0000150  0.0000151    0.000804    0.000469
1987   8  30  47037  -0.038664   0.259605  -0.4400332   0.0012745  -0.009486  -0.000333   0.001727   0.001862  0.0000141  0.0000128    0.000747    0.000396
1987   8  31  47038  -0.038173   0.260863  -0.4412224   0.0010790  -0.010085  -0.000270   0.000627   0.000801  0.0000106  0.0000124    0.000562    0.000217
1987   9   1  47039  -0.038187   0.260950  -0.4421944   0.0008538  -0.010575  -0.000237   0.000487   0.000623  0.0000106  0.0000106    0.000561    0.000217
1987   9   2  47040  -0.039524   0.262059  -0.4429512   0.0006744  -0.010517  -0.000340   0.000682   0.000837  0.0000106  0.0000106    0.000561    0.000217
1987   9   3  47041  -0.040828   0.263389  -0.4435816   0.0006208  -0.009761  -0.000590   0.001220   0.001308  0.0000106  0.0000124    0.000561    0.000217
1987   9   4  47042  -0.041319   0.264315  -0.4442413   0.0007372  -0.008600  -0.000812   0.003320   0.002971  0.0000142  0.0000126    0.000708    0.000241
1987   9   5  47043  -0.041368   0.265105  -0.4451006   0.0010091  -0.007660  -0.000721   0.000993   0.001009  0.0000146  0.0000144    0.000723    0.000243
1987   9   6  47044  -0.041401   0.265833  -0.4462834   0.0013645  -0.007523  -0.000183   0.000479   0.000491  0.0000146  0.0000146    0.000723    0.000243
1987   9   7  47045  -0.041315   0.266130  -0.4478211   0.0016981  -0.008260   0.000593   0.000473   0.000485  0.0000146  0.0000146    0.000723    0.000243
1987   9   8  47046  -0.041236   0.266328  -0.4496397   0.0019137  -0.009338   0.001217   0.001778   0.001810  0.0000146  0.0000148    0.000723    0.000243
1987   9   9  47047  -0.041495   0.267043  -0.4515907   0.0019622  -0.010162   0.001445   0.005449   0.004382  0.0000150  0.0000148    0.000922    0.000285
1987   9  10  47048  -0.042155   0.268120  -0.4535084   0.0018522  -0.010572   0.001248   0.000914   0.000675  0.0000150  0.0000148    0.000930    0.000283
1987   9  11  47049  -0.042897   0.268766  -0.4552579   0.0016298  -0.010730   0.000656   0.000687   0.000564  0.0000146  0.0000142    0.000841    0.000243
1987   9  12  47050  -0.043403   0.268876  -0.4567557   0.0013533  -0.010748  -0.000219   0.000566   0.000655  0.0000133  0.0000136    0.000646    0.000172
1987   9  13  47051  -0.043631   0.269733  -0.4579736   0.0010744  -0.010805  -0.000919   0.000550   0.000808  0.0000126  0.0000129    0.000570    0.000148
1987   9  14  47052  -0.044216   0.271712  -0.4589269   0.0008356  -0.010849  -0.001064   0.001407   0.002241  0.0000125  0.0000128    0.000564    0.000150
1987   9  15  47053  -0.045549   0.273856  -0.4596732   0.0006767  -0.010617  -0.000695   0.001289   0.001116  0.0000129  0.0000132    0.000623    0.000259
1987   9  16  47054  -0.046501   0.275879  -0.4603106   0.0006296  -0.009898  -0.000218   0.000806   0.000621  0.0000140  0.0000168    0.000668    0.000280
1987   9  17  47055  -0.045956   0.278006  -0.4609616   0.0007076  -0.008777  -0.000056   0.001038   0.000876  0.0000206  0.0000302    0.000940    0.000415
1987   9  18  47056  -0.045584   0.279053  -0.4617510   0.0008947  -0.007978  -0.000128   0.001616   0.001938  0.0000464  0.0000309    0.001629    0.000950
1987   9  19  47057  -0.046588   0.278929  -0.4627696   0.0011491  -0.008003  -0.000149   0.004549   0.004318  0.0000412  0.0000306    0.001518    0.000905
1987   9  20  47058  -0.048323   0.278916  -0.4640586   0.0014227  -0.008635   0.000035   0.001853   0.001334  0.0000147  0.0000279    0.000689    0.000323
1987   9  21  47059  -0.049589   0.279726  -0.4656138   0.0016734  -0.009229   0.000344   0.000951   0.000677  0.0000147  0.0000147    0.000688    0.000323
1987   9  22  47060  -0.049889   0.280947  -0.4673931   0.0018655  -0.009275   0.000535   0.001091   0.000777  0.0000147  0.0000161    0.000688    0.000323
1987   9  23  47061  -0.049750   0.282034  -0.4693223   0.0019734  -0.008914   0.000508   0.002070   0.001398  0.0000175  0.0000166    0.000653    0.000345
1987   9  24  47062  -0.050136   0.283197  -0.4713094   0.0019887  -0.008716   0.000367   0.001151   0.000759  0.0000186  0.0000175    0.000645    0.000352
1987   9  25  47063  -0.051453   0.285505  -0.4732664   0.0019214  -0.009107   0.000263   0.000804   0.000605  0.0000175  0.0000174    0.000668    0.000348
1987   9  26  47064  -0.052643   0.287716  -0.4751238   0.0017850  -0.009964   0.000125   0.000616   0.000570  0.0000161  0.0000193    0.000776    0.000338
1987   9  27  47065  -0.052591   0.288264  -0.4768204   0.0015837  -0.010818  -0.000227   0.000736   0.000676  0.0000210  0.0000228    0.000938    0.000335
1987   9  28  47066  -0.052262   0.289771  -0.4782928   0.0013415  -0.011280  -0.000651   0.001019   0.000885  0.0000295  0.0000251    0.001114    0.000334
1987   9  29  47067  -0.053144   0.293025  -0.4795238   0.0011255  -0.011186  -0.000959   0.003279   0.001677  0.0000291  0.0000237    0.001074    0.000336
1987   9  30  47068  -0.055237   0.295655  -0.4805797   0.0010168  -0.010554  -0.001063   0.001571   0.001147  0.0000179  0.0000235    0.000733    0.000357
1987  10   1  47069  -0.056699   0.296476  -0.4816016   0.0010696  -0.009580  -0.000931   0.000978   0.000811  0.0000179  0.0000179    0.000732    0.000357
1987  10   2  47070  -0.056081   0.296497  -0.4827613   0.0012855  -0.008631  -0.000575   0.001361   0.001133  0.0000179  0.0000179    0.000732    0.000357
1987  10   3  47071  -0.054800   0.297278  -0.4842016   0.0016117  -0.008088  -0.000034   0.002404   0.002008  0.0000179  0.0000208    0.000732    0.000357
1987  10   4  47072  -0.054503   0.299027  -0.4859897   0.0019613  -0.008128   0.000567   0.004049   0.003039  0.0000236  0.0000211    0.001259    0.000704
1987  10   5  47073  -0.055555   0.300795  -0.4881007   0.0022419  -0.008582   0.001001   0.002756   0.001905  0.0000242  0.0000239    0.001352    0.000786
1987  10   6  47074  -0.057152   0.301834  -0.4904269   0.0023822  -0.009065   0.001079   0.001898   0.001286  0.0000242  0.0000242    0.001352    0.000786
1987  10   7  47075  -0.058165   0.302944  -0.4928095   0.0023521  -0.009322   0.000799   0.001754   0.001187  0.0000242  0.0000242    0.001352    0.000786
1987  10   8  47076  -0.058461   0.304439  -0.4950837   0.0021698  -0.009440   0.000342   0.003682   0.002691  0.0000242  0.0000183    0.001351    0.000786
1987  10   9  47077  -0.058727   0.305548  -0.4971226   0.0018918  -0.009633  -0.000103   0.003854   0.002926  0.0000124  0.0000181    0.000663    0.000363
1987  10  10  47078  -0.059283   0.306213  -0.4988652   0.0015894  -0.009891  -0.000419   0.001006   0.000760  0.0000120  0.0000122    0.000644    0.000352
1987  10  11  47079  -0.059845   0.307154  -0.5003187   0.0013247  -0.009960  -0.000520   0.000915   0.000691  0.0000120  0.0000120    0.000644    0.000352
1987  10  12  47080  -0.060090   0.308936  -0.5015428   0.0011386  -0.009635  -0.000323   0.000924   0.000698  0.0000120  0.0000120    0.000644    0.000352
1987  10  13  47081  -0.060230   0.311125  -0.5026278   0.0010506  -0.008980   0.000127   0.002230   0.001702  0.0000120  0.0000102    0.000644    0.000352
1987  10  14  47082  -0.060807   0.312742  -0.5036751   0.0010641  -0.008234   0.000581   0.003371   0.002972  0.0000084  0.0000101    0.000394    0.000321
1987  10  15  47083  -0.062010   0.313368  -0.5047835   0.0011694  -0.007590   0.000721   0.000704   0.000700  0.0000083  0.0000084    0.000384    0.000317
1987  10  16  47084  -0.063340   0.313741  -0.5060353   0.0013419  -0.007110   0.000437   0.000473   0.000467  0.0000084  0.0000087    0.000379    0.000302
1987  10  17  47085  -0.064114   0.314596  -0.5074802   0.0015437  -0.006768  -0.000033   0.000535   0.000492  0.0000092  0.0000092    0.000348    0.000238
1987  10  18  47086  -0.064074   0.315374  -0.5091256   0.0017349  -0.006471  -0.000189   0.000477   0.000416  0.0000101  0.0000103    0.000328    0.000208
1987  10  19  47087  -0.063961   0.316168  -0.5109425   0.0018874  -0.006236   0.000150   0.000393   0.000385  0.0000115  0.0000111    0.000433    0.000239
1987  10  20  47088  -0.063808   0.317737  -0.5128829   0.0019890  -0.006229   0.000643   0.000377   0.000407  0.0000121  0.0000113    0.000593    0.000256
1987  10  21  47089  -0.063439   0.319874  -0.5148937   0.0020346  -0.006590   0.000892   0.000388   0.000448  0.0000112  0.0000122    0.000598    0.000227
1987  10  22  47090  -0.062964   0.320397  -0.5169189   0.0020132  -0.007285   0.000903   0.000393   0.000503  0.0000124  0.0000116    0.000602    0.000202
1987  10  23  47091  -0.062580   0.321382  -0.5188864   0.0019156  -0.007868   0.001021   0.000373   0.000666  0.0000120  0.0000116    0.000477    0.000149
1987  10  24  47092  -0.062587   0.323108  -0.5207254   0.0017475  -0.007977   0.001122   0.000361   0.000949  0.0000109  0.0000127    0.000418    0.000129
1987  10  25  47093  -0.062974   0.324320  -0.5223751   0.0015331  -0.007732   0.001006   0.000411   0.000595  0.0000135  0.0000129    0.000540    0.000208
1987  10  26  47094  -0.063343   0.325035  -0.5238082   0.0013265  -0.007553   0.000739   0.000432   0.000547  0.0000150  0.0000143    0.000620    0.000315
1987  10  27  47095  -0.063399   0.325826  -0.5250641   0.0011998  -0.007742   0.000480   0.000439   0.000555  0.0000151  0.0000252    0.000623    0.000318
1987  10  28  47096  -0.063339   0.327039  -0.5262536   0.0012084  -0.008111   0.000345   0.001154   0.001580  0.0000354  0.0000759    0.001434    0.000746
1987  10  29  47097  -0.063509   0.328522  -0.5275240   0.0013611  -0.008139   0.000367   0.002098   0.003801  0.0001367  0.0000290    0.004236    0.003233
1987  10  30  47098  -0.063770   0.329894  -0.5290049   0.0016154  -0.007426   0.000505   0.000669   0.000763  0.0000225  0.0000744    0.000933    0.000553
1987  10  31  47099  -0.063380   0.330994  -0.5307627   0.0018961  -0.006059   0.000692   0.000401   0.000452  0.0000121  0.0000172    0.000487    0.000276
1987  11   1  47100  -0.062109   0.332278  -0.5327817   0.0021250  -0.004645   0.000853   0.000345   0.000395  0.0000120  0.0000121    0.000431    0.000225
1987  11   2  47101  -0.061069   0.334695  -0.5349772   0.0022553  -0.004108   0.000895   0.000323   0.000372  0.0000121  0.0000154    0.000408    0.000205
1987  11   3  47102  -0.061135   0.337607  -0.5372451   0.0022779  -0.004621   0.000929   0.000833   0.000895  0.0000187  0.0000146    0.000541    0.000247
1987  11   4  47103  -0.061975   0.339192  -0.5394865   0.0021957  -0.005497   0.001127   0.000963   0.001183  0.0000171  0.0000140    0.000549    0.000249
1987  11   5  47104  -0.062537   0.338881  -0.5416031   0.0020106  -0.005891   0.001406   0.000388   0.000486  0.0000092  0.0000110    0.000451    0.000219
1987  11   6  47105  -0.062024   0.338626  -0.5434949   0.0017474  -0.005332   0.001127   0.000209   0.000244  0.0000049  0.0000066    0.000410    0.000216
1987  11   7  47106  -0.060846   0.339373  -0.5451060   0.0014713  -0.004910   0.000571   0.000172   0.000198  0.0000040  0.0000045    0.000405    0.000224
1987  11   8  47107  -0.059729   0.340950  -0.5464611   0.0012610  -0.005407   0.000323   0.000173   0.000199  0.0000040  0.0000076    0.000414    0.000228
1987  11   9  47108  -0.058864   0.343106  -0.5476592   0.0011681  -0.006188   0.000516   0.000455   0.000490  0.0000111  0.0000079    0.000720    0.000276
1987  11  10  47109  -0.058115   0.345500  -0.5488293   0.0011962  -0.006216   0.000974   0.000478   0.000494  0.0000117  0.0000121    0.000656    0.000269
1987  11  11  47110  -0.057442   0.347828  -0.5500803   0.0013096  -0.005016   0.001355   0.000535   0.000473  0.0000130  0.0000129    0.000505    0.000244
1987  11  12  47111  -0.057150   0.349759  -0.5514714   0.0014667  -0.003450   0.001506   0.000709   0.000561  0.0000142  0.0000137    0.000444    0.000230
1987  11  13  47112  -0.057149   0.351457  -0.5530286   0.0016424  -0.002514   0.001464   0.001493   0.001596  0.0000144  0.0000138    0.000441    0.000230
1987  11  14  47113  -0.057049   0.353310  -0.5547615   0.0018175  -0.002505   0.001364   0.000556   0.000858  0.0000134  0.0000139    0.000526    0.000251
1987  11  15  47114  -0.056895   0.355207  -0.5566594   0.0019692  -0.003203   0.001328   0.000384   0.000587  0.0000134  0.0000134    0.000526    0.000251
1987  11  16  47115  -0.056793   0.356804  -0.5586867   0.0020737  -0.004165   0.001362   0.000558   0.000848  0.0000134  0.0000134    0.000526    0.000251
1987  11  17  47116  -0.056429   0.358039  -0.5607857   0.0021140  -0.004994   0.001391   0.001232   0.001780  0.0000134  0.0000171    0.000526    0.000251
1987  11  18  47117  -0.055681   0.359181  -0.5628867   0.0020836  -0.005368   0.001381   0.003442   0.003523  0.0000207  0.0000177    0.000746    0.000608
1987  11  19  47118  -0.054887   0.360515  -0.5649207   0.0019846  -0.005071   0.001381   0.001530   0.002959  0.0000221  0.0000214    0.000779    0.000791
1987  11  20  47119  -0.054452   0.362066  -0.5668264   0.0018264  -0.004136   0.001451   0.000827   0.002164  0.0000221  0.0000221    0.000779    0.000791
1987  11  21  47120  -0.054447   0.363630  -0.5685569   0.0016294  -0.002905   0.001573   0.000989   0.002633  0.0000221  0.0000215    0.000779    0.000791
1987  11  22  47121  -0.054185   0.364950  -0.5700912   0.0014327  -0.001931   0.001669   0.002074   0.003430  0.0000210  0.0000191    0.000723    0.000583
1987  11  23  47122  -0.053715   0.366207  -0.5714530   0.0012911  -0.001727   0.001685   0.000905   0.000533  0.0000161  0.0000185    0.000512    0.000283
1987  11  24  47123  -0.054181   0.367925  -0.5727211   0.0012571  -0.002513   0.001623   0.000741   0.000449  0.0000159  0.0000158    0.000524    0.000297
1987  11  25  47124  -0.056052   0.370283  -0.5740163   0.0013547  -0.004025   0.001521   0.000733   0.000507  0.0000156  0.0000156    0.000561    0.000358
1987  11  26  47125  -0.057837   0.372693  -0.5754648   0.0015641  -0.005456   0.001491   0.000749   0.000580  0.0000153  0.0000154    0.000593    0.000431
1987  11  27  47126  -0.058603   0.374756  -0.5771542   0.0018293  -0.006152   0.001614   0.002184   0.001949  0.0000153  0.0000134    0.000600    0.000453
1987  11  28  47127  -0.058881   0.376486  -0.5791076   0.0020803  -0.005987   0.001890   0.002915   0.003611  0.0000115  0.0000133    0.000375    0.000203
1987  11  29  47128  -0.059530   0.377825  -0.5812801   0.0022528  -0.005297   0.002228   0.000506   0.000634  0.0000114  0.0000118    0.000370    0.000199
1987  11  30  47129  -0.060659   0.378482  -0.5835698   0.0022989  -0.004635   0.002479   0.000375   0.000470  0.0000121  0.0000138    0.000394    0.000212
1987  12   1  47130  -0.061666   0.378614  -0.5858360   0.0021975  -0.004420   0.002543   0.000495   0.000614  0.0000162  0.0000179    0.000525    0.000277
1987  12   2  47131  -0.061821   0.379426  -0.5879328   0.0019730  -0.004661   0.002429   0.000766   0.000926  0.0000237  0.0000195    0.000764    0.000384
1987  12   3  47132  -0.061160   0.381088  -0.5897658   0.0016946  -0.004904   0.002257   0.002693   0.002914  0.0000227  0.0000180    0.000793    0.000399
1987  12   4  47133  -0.060321   0.382637  -0.5913240   0.0014404  -0.004596   0.002168   0.001204   0.001535  0.0000122  0.0000175    0.000520    0.000283
1987  12   5  47134  -0.059606   0.383633  -0.5926645   0.0012564  -0.003567   0.002258   0.000592   0.000777  0.0000122  0.0000122    0.000519    0.000283
1987  12   6  47135  -0.058804   0.384579  -0.5938648   0.0011406  -0.002231   0.002512   0.000608   0.000790  0.0000122  0.0000163    0.000520    0.000283
1987  12   7  47136  -0.057896   0.386027  -0.5949772   0.0010695  -0.001460   0.002725   0.001600   0.001313  0.0000204  0.0000206    0.000662    0.000350
1987  12   8  47137  -0.057078   0.387849  -0.5960332   0.0010410  -0.001793   0.002637   0.001662   0.000995  0.0000289  0.0000207    0.000688    0.000404
1987  12   9  47138  -0.055965   0.388518  -0.5970826   0.0010872  -0.002805   0.002179   0.001508   0.000713  0.0000209  0.0000214    0.000592    0.000408
1987  12  10  47139  -0.055728   0.389598  -0.5982229   0.0012254  -0.002199   0.001963   0.001051   0.000423  0.0000140  0.0000165    0.000530    0.000313
1987  12  11  47140  -0.055561   0.391108  -0.5995394   0.0014234  -0.000687   0.001995   0.000900   0.000358  0.0000122  0.0000130    0.000520    0.000272
1987  12  12  47141  -0.054240   0.392199  -0.6010662   0.0016272   0.000214   0.002152   0.002402   0.000987  0.0000120  0.0000121    0.000519    0.000266
1987  12  13  47142  -0.052019   0.393299  -0.6027818   0.0017872   0.000071   0.002447   0.004858   0.004218  0.0000120  0.0000120    0.000580    0.000346
1987  12  14  47143  -0.049757   0.394897  -0.6046225   0.0018751  -0.000953   0.002748   0.000816   0.000972  0.0000121  0.0000124    0.000584    0.000353
1987  12  15  47144  -0.048043   0.396711  -0.6065091   0.0018857  -0.002263   0.002867   0.000516   0.000586  0.0000127  0.0000143    0.000573    0.000332
1987  12  16  47145  -0.046870   0.398152  -0.6083672   0.0018287  -0.003181   0.002724   0.000656   0.000577  0.0000165  0.0000178    0.000533    0.000277
1987  12  17  47146  -0.045666   0.399085  -0.6101390   0.0017098  -0.003581   0.002266   0.000888   0.000566  0.0000229  0.0000257    0.000512    0.000252
1987  12  18  47147  -0.044534   0.400012  -0.6117655   0.0015339  -0.003628   0.001785   0.000678   0.000351  0.0000350  0.0000334    0.000686    0.000297
1987  12  19  47148  -0.044094   0.401388  -0.6132017   0.0013376  -0.003515   0.001676   0.000692   0.000355  0.0000439  0.0000410    0.000851    0.000345
1987  12  20  47149  -0.044191   0.402896  -0.6144597   0.0011939  -0.003351   0.001983   0.000984   0.000560  0.0000470  0.0000373    0.001170    0.000470
1987  12  21  47150  -0.043856   0.403421  -0.6156321   0.0011746  -0.003219   0.002176   0.000852   0.000618  0.0000307  0.0000383    0.000934    0.000359
1987  12  22  47151  -0.040926   0.403076  -0.6168626   0.0013078  -0.003165   0.002087   0.000637   0.000378  0.0000295  0.0000230    0.000783    0.000297
1987  12  23  47152  -0.039099   0.404070  -0.6182933   0.0015645  -0.003296   0.002165   0.000567   0.000392  0.0000153  0.0000209    0.000667    0.000253
1987  12  24  47153  -0.038517   0.405242  -0.6200116   0.0018700  -0.003545   0.002332   0.000696   0.000584  0.0000123  0.0000137    0.000616    0.000234
1987  12  25  47154  -0.037445   0.405658  -0.6220211   0.0021357  -0.003658   0.002397   0.001504   0.001290  0.0000121  0.0000122    0.000612    0.000232
1987  12  26  47155  -0.035929   0.406260  -0.6242448   0.0022917  -0.003463   0.002444   0.002597   0.002216  0.0000121  0.0000130    0.000611    0.000232
1987  12  27  47156  -0.034259   0.407074  -0.6265550   0.0023069  -0.003055   0.002595   0.004338   0.008774  0.0000139  0.0000131    0.000705    0.000296
1987  12  28  47157  -0.032735   0.407723  -0.6288126   0.0021868  -0.002710   0.002838   0.003687   0.005726  0.0000142  0.0000140    0.000724    0.000311
1987  12  29  47158  -0.031252   0.408186  -0.6308961   0.0019620  -0.002682   0.003082   0.001210   0.001190  0.0000142  0.0000142    0.000724    0.000311
1987  12  30  47159  -0.029247   0.409482  -0.6327214   0.0016803  -0.003079   0.003295   0.000733   0.000698  0.0000142  0.0000142    0.000724    0.000311
1987  12  31  47160  -0.026648   0.412200  -0.6342585   0.0014041  -0.003791   0.003490   0.000920   0.000861  0.0000142  0.0000142    0.000724    0.000311
