

                   INTERNATIONAL EARTH ROTATION AND REFERENCE SYSTEMS SERVICE
                        EARTH ORIENTATION PARAMETERS
                          EOP (IERS) 08 C04

  
             FORMAT(3(I4),I7,2(F11.6),2(F12.7),2(F11.6),2(F11.6),2(F11.7),2F12.6)
**********************************************************************************
  
      Date      MJD      x          y        UT1-UTC       LOD         dPsi      dEps       x Err     y Err   UT1-UTC Err  LOD Err    dPsi Err   dEpsilon Err
                         "          "           s           s            "         "        "          "          s           s            "         "
     (0h UTC)

1992   1   1  48622   0.183318   0.168633  -0.1251865   0.0018467  -0.010437  -0.001350   0.000642   0.000679  0.0000084  0.0000092    0.000735    0.000280
1992   1   2  48623   0.180598   0.166756  -0.1269890   0.0017620  -0.010453  -0.001450   0.000262   0.000295  0.0000099  0.0000092    0.000327    0.000169
1992   1   3  48624   0.177883   0.164758  -0.1287347   0.0017370  -0.010244  -0.001303   0.000257   0.000290  0.0000100  0.0000100    0.000321    0.000167
1992   1   4  48625   0.175363   0.162863  -0.1304871   0.0017809  -0.009821  -0.000922   0.000259   0.000292  0.0000100  0.0000080    0.000321    0.000167
1992   1   5  48626   0.172997   0.161078  -0.1323168   0.0018917  -0.009327  -0.000458   0.000519   0.000540  0.0000061  0.0000072    0.000345    0.000154
1992   1   6  48627   0.170678   0.159216  -0.1342843   0.0020499  -0.008955  -0.000179   0.000431   0.000402  0.0000044  0.0000050    0.000384    0.000139
1992   1   7  48628   0.168458   0.157115  -0.1364224   0.0022239  -0.008863  -0.000283   0.000224   0.000207  0.0000038  0.0000035    0.000307    0.000128
1992   1   8  48629   0.166474   0.154873  -0.1387302   0.0023849  -0.009051  -0.000610   0.000127   0.000116  0.0000027  0.0000033    0.000189    0.000100
1992   1   9  48630   0.163998   0.152960  -0.1411833   0.0025189  -0.009252  -0.000630   0.000159   0.000147  0.0000028  0.0000047    0.000187    0.000102
1992   1  10  48631   0.160948   0.151625  -0.1437537   0.0026201  -0.009261  -0.000276   0.000289   0.000307  0.0000066  0.0000057    0.000269    0.000156
1992   1  11  48632   0.158183   0.150579  -0.1464055   0.0026736  -0.009121   0.000000   0.000472   0.000577  0.0000087  0.0000057    0.000283    0.000166
1992   1  12  48633   0.155467   0.149442  -0.1490815   0.0026627  -0.009071  -0.000126   0.000767   0.000911  0.0000048  0.0000061    0.000327    0.000140
1992   1  13  48634   0.152452   0.147926  -0.1517126   0.0025858  -0.009346  -0.000569   0.000242   0.000259  0.0000035  0.0000043    0.000439    0.000118
1992   1  14  48635   0.149460   0.146004  -0.1542394   0.0024601  -0.009952  -0.000914   0.000226   0.000237  0.0000037  0.0000044    0.000394    0.000116
1992   1  15  48636   0.146695   0.144094  -0.1566280   0.0023159  -0.010696  -0.000859   0.000233   0.000226  0.0000053  0.0000054    0.000301    0.000111
1992   1  16  48637   0.143825   0.142787  -0.1588804   0.0021932  -0.011354  -0.000639   0.000253   0.000242  0.0000071  0.0000070    0.000298    0.000125
1992   1  17  48638   0.140731   0.141874  -0.1610406   0.0021434  -0.011605  -0.000638   0.000304   0.000314  0.0000087  0.0000073    0.000309    0.000207
1992   1  18  48639   0.137505   0.140836  -0.1632062   0.0022181  -0.011180  -0.000939   0.000240   0.000271  0.0000076  0.0000077    0.000223    0.000123
1992   1  19  48640   0.134020   0.139896  -0.1655172   0.0024293  -0.010322  -0.001304   0.000207   0.000235  0.0000067  0.0000058    0.000193    0.000096
1992   1  20  48641   0.130263   0.139010  -0.1680901   0.0027223  -0.009529  -0.001423   0.000143   0.000143  0.0000041  0.0000053    0.000185    0.000059
1992   1  21  48642   0.126545   0.137704  -0.1709596   0.0030023  -0.009074  -0.001289   0.000135   0.000136  0.0000038  0.0000038    0.000187    0.000058
1992   1  22  48643   0.123278   0.135980  -0.1740640   0.0031798  -0.008924  -0.001125   0.000121   0.000129  0.0000035  0.0000038    0.000197    0.000068
1992   1  23  48644   0.120645   0.134518  -0.1772712   0.0032027  -0.009110  -0.001027   0.000131   0.000141  0.0000038  0.0000054    0.000224    0.000080
1992   1  24  48645   0.118406   0.133451  -0.1804217   0.0030728  -0.009493  -0.000927   0.000258   0.000251  0.0000073  0.0000061    0.000423    0.000126
1992   1  25  48646   0.116087   0.132344  -0.1833841   0.0028429  -0.009793  -0.000864   0.000300   0.000280  0.0000084  0.0000060    0.000478    0.000135
1992   1  26  48647   0.113373   0.131044  -0.1860952   0.0025856  -0.009882  -0.000964   0.000333   0.000323  0.0000047  0.0000058    0.000221    0.000094
1992   1  27  48648   0.110279   0.129718  -0.1885605   0.0023591  -0.009814  -0.001208   0.000201   0.000205  0.0000032  0.0000040    0.000153    0.000072
1992   1  28  48649   0.107055   0.128415  -0.1908295   0.0021940  -0.009819  -0.001403   0.000145   0.000144  0.0000033  0.0000035    0.000156    0.000071
1992   1  29  48650   0.104022   0.126866  -0.1929700   0.0020988  -0.009933  -0.001463   0.000162   0.000125  0.0000037  0.0000039    0.000170    0.000068
1992   1  30  48651   0.101337   0.125513  -0.1950510   0.0020748  -0.009681  -0.001592   0.000267   0.000188  0.0000045  0.0000063    0.000193    0.000074
1992   1  31  48652   0.098486   0.124571  -0.1971441   0.0021166  -0.009032  -0.001865   0.000429   0.000370  0.0000088  0.0000071    0.000289    0.000121
1992   2   1  48653   0.095786   0.123820  -0.1993067   0.0022017  -0.008467  -0.002097   0.000536   0.000488  0.0000098  0.0000080    0.000304    0.000129
1992   2   2  48654   0.093570   0.123022  -0.2015649   0.0023031  -0.008309  -0.002077   0.000863   0.000791  0.0000072  0.0000075    0.000302    0.000133
1992   2   3  48655   0.091643   0.122286  -0.2039226   0.0024076  -0.008527  -0.001786   0.000259   0.000233  0.0000052  0.0000051    0.000294    0.000137
1992   2   4  48656   0.089704   0.121972  -0.2063811   0.0025170  -0.008858  -0.001452   0.000200   0.000171  0.0000030  0.0000034    0.000239    0.000119
1992   2   5  48657   0.087418   0.122126  -0.2089495   0.0026330  -0.009114  -0.001347   0.000137   0.000113  0.0000017  0.0000024    0.000159    0.000086
1992   2   6  48658   0.084694   0.122134  -0.2116335   0.0027358  -0.009365  -0.001511   0.000120   0.000101  0.0000017  0.0000036    0.000163    0.000088
1992   2   7  48659   0.081940   0.121322  -0.2144025   0.0027870  -0.009469  -0.001795   0.000252   0.000297  0.0000056  0.0000061    0.000286    0.000139
1992   2   8  48660   0.079412   0.119865  -0.2171867   0.0027588  -0.009231  -0.002025   0.000396   0.000560  0.0000105  0.0000084    0.000446    0.000208
1992   2   9  48661   0.076684   0.118855  -0.2199006   0.0026541  -0.008836  -0.002122   0.000402   0.000423  0.0000112  0.0000072    0.000557    0.000268
1992   2  10  48662   0.073760   0.118493  -0.2224804   0.0025014  -0.008808  -0.002069   0.000126   0.000127  0.0000038  0.0000074    0.000153    0.000080
1992   2  11  48663   0.070993   0.118096  -0.2248976   0.0023315  -0.009517  -0.001855   0.000131   0.000133  0.0000037  0.0000041    0.000156    0.000082
1992   2  12  48664   0.068187   0.117344  -0.2271496   0.0021703  -0.010686  -0.001554   0.000210   0.000220  0.0000043  0.0000047    0.000247    0.000129
1992   2  13  48665   0.064612   0.116758  -0.2292581   0.0020550  -0.011437  -0.001449   0.000344   0.000372  0.0000056  0.0000079    0.000416    0.000214
1992   2  14  48666   0.060752   0.116521  -0.2312919   0.0020334  -0.011435  -0.001758   0.000370   0.000290  0.0000114  0.0000064    0.000562    0.000256
1992   2  15  48667   0.057467   0.116377  -0.2333634   0.0021344  -0.010925  -0.002367   0.000206   0.000150  0.0000071  0.0000088    0.000290    0.000129
1992   2  16  48668   0.054299   0.116292  -0.2355936   0.0023459  -0.010337  -0.002852   0.000218   0.000159  0.0000062  0.0000089    0.000250    0.000110
1992   2  17  48669   0.051083   0.116273  -0.2380688   0.0026131  -0.009953  -0.002872   0.000570   0.000507  0.0000107  0.0000096    0.000453    0.000182
1992   2  18  48670   0.048307   0.116261  -0.2408057   0.0028569  -0.009756  -0.002554   0.000526   0.000587  0.0000129  0.0000129    0.000568    0.000219
1992   2  19  48671   0.045954   0.116303  -0.2437431   0.0030031  -0.009605  -0.002328   0.000630   0.000598  0.0000152  0.0000121    0.000660    0.000280
1992   2  20  48672   0.043299   0.116590  -0.2467603   0.0030029  -0.009602  -0.002392   0.000478   0.000546  0.0000113  0.0000110    0.000477    0.000205
1992   2  21  48673   0.040082   0.116896  -0.2497031   0.0028571  -0.009638  -0.002427   0.000237   0.000302  0.0000069  0.0000085    0.000322    0.000136
1992   2  22  48674   0.036256   0.117490  -0.2524478   0.0026296  -0.009536  -0.002166   0.000235   0.000262  0.0000057  0.0000061    0.000410    0.000169
1992   2  23  48675   0.032351   0.117807  -0.2549584   0.0024083  -0.009412  -0.002053   0.000260   0.000254  0.0000053  0.0000056    0.000499    0.000210
1992   2  24  48676   0.028877   0.117399  -0.2572777   0.0022466  -0.009331  -0.002397   0.000151   0.000166  0.0000055  0.0000052    0.000222    0.000118
1992   2  25  48677   0.025858   0.116674  -0.2594737   0.0021403  -0.009351  -0.002944   0.000147   0.000143  0.0000052  0.0000050    0.000223    0.000114
1992   2  26  48678   0.023066   0.116191  -0.2615830   0.0020539  -0.009561  -0.003298   0.000153   0.000113  0.0000045  0.0000050    0.000285    0.000117
1992   2  27  48679   0.020231   0.116020  -0.2636059   0.0019853  -0.009819  -0.003353   0.000159   0.000118  0.0000049  0.0000065    0.000275    0.000111
1992   2  28  48680   0.016922   0.115724  -0.2655764   0.0019728  -0.009810  -0.003277   0.000187   0.000192  0.0000084  0.0000069    0.000215    0.000097
1992   2  29  48681   0.013049   0.115125  -0.2675707   0.0020401  -0.009416  -0.003257   0.000263   0.000277  0.0000089  0.0000078    0.000213    0.000097
1992   3   1  48682   0.009217   0.114950  -0.2696698   0.0021782  -0.008877  -0.003284   0.000414   0.000452  0.0000073  0.0000074    0.000241    0.000104
1992   3   2  48683   0.005726   0.115557  -0.2719322   0.0023586  -0.008537  -0.003248   0.000223   0.000285  0.0000059  0.0000059    0.000303    0.000118
1992   3   3  48684   0.002360   0.116619  -0.2743835   0.0025463  -0.008532  -0.003135   0.000173   0.000163  0.0000046  0.0000043    0.000287    0.000110
1992   3   4  48685  -0.001164   0.117596  -0.2770136   0.0027072  -0.008722  -0.003051   0.000106   0.000082  0.0000027  0.0000037    0.000238    0.000089
1992   3   5  48686  -0.004863   0.118267  -0.2797805   0.0028105  -0.008851  -0.003087   0.000108   0.000083  0.0000028  0.0000044    0.000241    0.000091
1992   3   6  48687  -0.008737   0.118887  -0.2826131   0.0028394  -0.008956  -0.003288   0.000212   0.000196  0.0000061  0.0000044    0.000305    0.000116
1992   3   7  48688  -0.012711   0.119704  -0.2854371   0.0028076  -0.009136  -0.003585   0.000215   0.000185  0.0000061  0.0000058    0.000283    0.000088
1992   3   8  48689  -0.016431   0.120424  -0.2882101   0.0027276  -0.009045  -0.003619   0.000201   0.000164  0.0000055  0.0000055    0.000268    0.000077
1992   3   9  48690  -0.019656   0.120872  -0.2908828   0.0025990  -0.008611  -0.003411   0.000181   0.000199  0.0000049  0.0000050    0.000305    0.000079
1992   3  10  48691  -0.022531   0.121308  -0.2934110   0.0024575  -0.008249  -0.003339   0.000178   0.000176  0.0000045  0.0000044    0.000286    0.000083
1992   3  11  48692  -0.025401   0.122046  -0.2958141   0.0023800  -0.008385  -0.003564   0.000184   0.000133  0.0000040  0.0000051    0.000239    0.000098
1992   3  12  48693  -0.028462   0.123106  -0.2981985   0.0024187  -0.009077  -0.003841   0.000258   0.000183  0.0000058  0.0000071    0.000351    0.000149
1992   3  13  48694  -0.031972   0.124204  -0.3006851   0.0025686  -0.009674  -0.004123   0.000270   0.000335  0.0000103  0.0000064    0.000687    0.000201
1992   3  14  48695  -0.034655   0.125916  -0.3033676   0.0027935  -0.009440  -0.004421   0.000298   0.000379  0.0000070  0.0000081    0.000578    0.000191
1992   3  15  48696  -0.037404   0.127937  -0.3062923   0.0030561  -0.008643  -0.004602   0.000505   0.000503  0.0000060  0.0000066    0.000513    0.000188
1992   3  16  48697  -0.041140   0.129732  -0.3094797   0.0033215  -0.007987  -0.004533   0.000365   0.000370  0.0000063  0.0000063    0.000358    0.000113
1992   3  17  48698  -0.044661   0.131568  -0.3129112   0.0035263  -0.007929  -0.004284   0.000331   0.000322  0.0000066  0.0000082    0.000359    0.000112
1992   3  18  48699  -0.047278   0.133816  -0.3164894   0.0035936  -0.008417  -0.004106   0.000574   0.000337  0.0000100  0.0000092    0.000515    0.000146
1992   3  19  48700  -0.050326   0.135946  -0.3200497   0.0035053  -0.008932  -0.004164   0.000565   0.000285  0.0000117  0.0000088    0.000569    0.000159
1992   3  20  48701  -0.054276   0.137351  -0.3234613   0.0033145  -0.009103  -0.004255   0.000412   0.000368  0.0000076  0.0000086    0.000424    0.000140
1992   3  21  48702  -0.057870   0.139096  -0.3266605   0.0030690  -0.008952  -0.004097   0.000413   0.000366  0.0000055  0.0000063    0.000416    0.000154
1992   3  22  48703  -0.060949   0.141014  -0.3296029   0.0028159  -0.008678  -0.004037   0.000351   0.000303  0.0000049  0.0000061    0.000405    0.000172
1992   3  23  48704  -0.063808   0.142768  -0.3323111   0.0026220  -0.008387  -0.004310   0.000212   0.000209  0.0000067  0.0000061    0.000283    0.000197
1992   3  24  48705  -0.066489   0.144626  -0.3348719   0.0025169  -0.008149  -0.004705   0.000203   0.000203  0.0000072  0.0000070    0.000274    0.000201
1992   3  25  48706  -0.068876   0.146852  -0.3373698   0.0024782  -0.008053  -0.004939   0.000205   0.000205  0.0000072  0.0000088    0.000276    0.000200
1992   3  26  48707  -0.070861   0.149237  -0.3398505   0.0024754  -0.008057  -0.004963   0.000338   0.000336  0.0000104  0.0000089    0.000490    0.000186
1992   3  27  48708  -0.072512   0.151405  -0.3423393   0.0025015  -0.007955  -0.004897   0.000352   0.000349  0.0000106  0.0000105    0.000515    0.000185
1992   3  28  48709  -0.074126   0.153304  -0.3448678   0.0025677  -0.007665  -0.004863   0.000354   0.000352  0.0000106  0.0000108    0.000515    0.000185
1992   3  29  48710  -0.076156   0.155487  -0.3474825   0.0026794  -0.007429  -0.004858   0.000830   0.000746  0.0000109  0.0000110    0.000400    0.000212
1992   3  30  48711  -0.078770   0.158409  -0.3502265   0.0028196  -0.007557  -0.004826   0.001226   0.000833  0.0000113  0.0000115    0.000324    0.000281
1992   3  31  48712  -0.081457   0.161580  -0.3531140   0.0029526  -0.008021  -0.004774   0.000981   0.000673  0.0000122  0.0000156    0.000351    0.000268
1992   4   1  48713  -0.083203   0.163655  -0.3561174   0.0030390  -0.008368  -0.004770   0.001354   0.000999  0.0000199  0.0000164    0.000596    0.000232
1992   4   2  48714  -0.084527   0.165220  -0.3591728   0.0030553  -0.008102  -0.004850   0.000940   0.000865  0.0000207  0.0000167    0.000701    0.000217
1992   4   3  48715  -0.086411   0.166943  -0.3622060   0.0029977  -0.007457  -0.004982   0.000439   0.000443  0.0000136  0.0000170    0.000469    0.000204
1992   4   4  48716  -0.088784   0.168605  -0.3651471   0.0028745  -0.007073  -0.005101   0.000484   0.000492  0.0000133  0.0000133    0.000460    0.000203
1992   4   5  48717  -0.091082   0.169997  -0.3679403   0.0027079  -0.007200  -0.005138   0.001164   0.001086  0.0000131  0.0000131    0.000403    0.000183
1992   4   6  48718  -0.092828   0.171322  -0.3705603   0.0025369  -0.007614  -0.005084   0.000366   0.000322  0.0000129  0.0000132    0.000353    0.000164
1992   4   7  48719  -0.094003   0.172997  -0.3730266   0.0024098  -0.007947  -0.005009   0.000303   0.000267  0.0000134  0.0000158    0.000370    0.000170
1992   4   8  48720  -0.095080   0.175194  -0.3754052   0.0023681  -0.007993  -0.005059   0.000509   0.000415  0.0000187  0.0000141    0.000580    0.000229
1992   4   9  48721  -0.096614   0.177638  -0.3777944   0.0024287  -0.007837  -0.005429   0.000618   0.000485  0.0000148  0.0000137    0.000685    0.000208
1992   4  10  48722  -0.098608   0.179888  -0.3802920   0.0025809  -0.007474  -0.006047   0.000416   0.000374  0.0000087  0.0000116    0.000484    0.000137
1992   4  11  48723  -0.100565   0.181778  -0.3829758   0.0027998  -0.006877  -0.006588   0.000556   0.000496  0.0000083  0.0000079    0.000470    0.000132
1992   4  12  48724  -0.102237   0.183700  -0.3858955   0.0030495  -0.006341  -0.006795   0.000819   0.000701  0.0000071  0.0000068    0.000475    0.000155
1992   4  13  48725  -0.103703   0.186003  -0.3890604   0.0032835  -0.006259  -0.006587   0.000314   0.000311  0.0000052  0.0000062    0.000473    0.000481
1992   4  14  48726  -0.105216   0.188715  -0.3924315   0.0034542  -0.006756  -0.006095   0.000261   0.000245  0.0000053  0.0000055    0.000381    0.000225
1992   4  15  48727  -0.106926   0.191617  -0.3959278   0.0035216  -0.007448  -0.005592   0.000194   0.000178  0.0000058  0.0000058    0.000264    0.000114
1992   4  16  48728  -0.108774   0.194435  -0.3994351   0.0034459  -0.007530  -0.005274   0.000195   0.000213  0.0000063  0.0000061    0.000238    0.000085
1992   4  17  48729  -0.110734   0.197183  -0.4027926   0.0032232  -0.007084  -0.005309   0.000261   0.000323  0.0000065  0.0000064    0.000235    0.000078
1992   4  18  48730  -0.112669   0.199915  -0.4058738   0.0029188  -0.006525  -0.005625   0.000393   0.000504  0.0000065  0.0000060    0.000234    0.000077
1992   4  19  48731  -0.114520   0.202460  -0.4086413   0.0026218  -0.006197  -0.005960   0.000189   0.000245  0.0000055  0.0000060    0.000165    0.000098
1992   4  20  48732  -0.116323   0.204610  -0.4111402   0.0023979  -0.006322  -0.006088   0.000169   0.000216  0.0000055  0.0000051    0.000165    0.000098
1992   4  21  48733  -0.118124   0.206363  -0.4134630   0.0022718  -0.006897  -0.005969   0.000160   0.000184  0.0000048  0.0000044    0.000171    0.000097
1992   4  22  48734  -0.119839   0.208091  -0.4157072   0.0022334  -0.007666  -0.005773   0.000144   0.000136  0.0000033  0.0000041    0.000217    0.000091
1992   4  23  48735  -0.121300   0.210321  -0.4179486   0.0022589  -0.008193  -0.005761   0.000195   0.000180  0.0000034  0.0000053    0.000258    0.000099
1992   4  24  48736  -0.122596   0.212942  -0.4202388   0.0023303  -0.008091  -0.005982   0.000243   0.000253  0.0000073  0.0000061    0.000334    0.000192
1992   4  25  48737  -0.124089   0.215713  -0.4226174   0.0024394  -0.007353  -0.006257   0.000294   0.000314  0.0000089  0.0000085    0.000344    0.000221
1992   4  26  48738  -0.125885   0.218359  -0.4251194   0.0025741  -0.006499  -0.006406   0.000777   0.000747  0.0000097  0.0000099    0.000361    0.000173
1992   4  27  48739  -0.127681   0.220690  -0.4277604   0.0027054  -0.006182  -0.006390   0.000275   0.000244  0.0000110  0.0000091    0.000387    0.000139
1992   4  28  48740  -0.129095   0.222781  -0.4305188   0.0027935  -0.006636  -0.006311   0.000224   0.000186  0.0000084  0.0000081    0.000376    0.000129
1992   4  29  48741  -0.130128   0.224875  -0.4333315   0.0028057  -0.007393  -0.006258   0.000217   0.000151  0.0000052  0.0000068    0.000342    0.000104
1992   4  30  48742  -0.131257   0.227223  -0.4361111   0.0027357  -0.007587  -0.006189   0.000203   0.000152  0.0000051  0.0000059    0.000322    0.000096
1992   5   1  48743  -0.132862   0.230040  -0.4387830   0.0026028  -0.007147  -0.006122   0.000178   0.000185  0.0000066  0.0000059    0.000298    0.000091
1992   5   2  48744  -0.134980   0.233268  -0.4412997   0.0024324  -0.006691  -0.006145   0.000177   0.000188  0.0000068  0.0000077    0.000297    0.000090
1992   5   3  48745  -0.137388   0.236368  -0.4436396   0.0022518  -0.006698  -0.006266   0.000226   0.000244  0.0000088  0.0000176    0.000375    0.000117
1992   5   4  48746  -0.139737   0.238650  -0.4458096   0.0020937  -0.007161  -0.006414   0.000840   0.000660  0.0000285  0.0000092    0.000768    0.000348
1992   5   5  48747  -0.141736   0.239893  -0.4478490   0.0019948  -0.007704  -0.006476   0.000346   0.000201  0.0000095  0.0000166    0.000414    0.000158
1992   5   6  48748  -0.143295   0.240780  -0.4498312   0.0019878  -0.007919  -0.006442   0.000181   0.000103  0.0000047  0.0000071    0.000229    0.000084
1992   5   7  48749  -0.144499   0.242513  -0.4518564   0.0020909  -0.007683  -0.006489   0.000177   0.000108  0.0000046  0.0000058    0.000233    0.000079
1992   5   8  48750  -0.145382   0.245317  -0.4540339   0.0022889  -0.007307  -0.006641   0.000245   0.000305  0.0000069  0.0000059    0.000401    0.000091
1992   5   9  48751  -0.145960   0.248529  -0.4564378   0.0025216  -0.007164  -0.006796   0.000255   0.000396  0.0000072  0.0000071    0.000425    0.000092
1992   5  10  48752  -0.146417   0.251575  -0.4590632   0.0027098  -0.007271  -0.006871   0.000566   0.000670  0.0000074  0.0000073    0.000353    0.000110
1992   5  11  48753  -0.147094   0.254355  -0.4618300   0.0027999  -0.007395  -0.006806   0.000489   0.000464  0.0000075  0.0000064    0.000293    0.000175
1992   5  12  48754  -0.148300   0.257142  -0.4646287   0.0027880  -0.007357  -0.006575   0.000257   0.000225  0.0000053  0.0000052    0.000286    0.000168
1992   5  13  48755  -0.149967   0.260121  -0.4673722   0.0027037  -0.007235  -0.006220   0.000144   0.000118  0.0000030  0.0000042    0.000261    0.000144
1992   5  14  48756  -0.151374   0.262566  -0.4700098   0.0025614  -0.007314  -0.005840   0.000186   0.000155  0.0000030  0.0000052    0.000275    0.000134
1992   5  15  48757  -0.152415   0.264667  -0.4724823   0.0023607  -0.007553  -0.005688   0.000273   0.000308  0.0000074  0.0000081    0.000431    0.000132
1992   5  16  48758  -0.153483   0.266919  -0.4747350   0.0021369  -0.007660  -0.005947   0.000388   0.000497  0.0000132  0.0000142    0.000651    0.000199
1992   5  17  48759  -0.154213   0.269127  -0.4767738   0.0019544  -0.007552  -0.006452   0.000867   0.000962  0.0000210  0.0000113    0.001075    0.000446
1992   5  18  48760  -0.154137   0.271074  -0.4786691   0.0018608  -0.007322  -0.006826   0.000353   0.000428  0.0000094  0.0000136    0.000438    0.000173
1992   5  19  48761  -0.153921   0.273195  -0.4805210   0.0018631  -0.007250  -0.006803   0.000272   0.000330  0.0000063  0.0000085    0.000293    0.000114
1992   5  20  48762  -0.154331   0.275753  -0.4824162   0.0019310  -0.007556  -0.006442   0.000483   0.000559  0.0000076  0.0000071    0.000370    0.000142
1992   5  21  48763  -0.154762   0.278191  -0.4843976   0.0020198  -0.008086  -0.006086   0.000392   0.000637  0.0000079  0.0000065    0.000520    0.000207
1992   5  22  48764  -0.154423   0.280721  -0.4864640   0.0020964  -0.008458  -0.006021   0.000278   0.000427  0.0000054  0.0000067    0.000359    0.000147
1992   5  23  48765  -0.154681   0.283349  -0.4885923   0.0021747  -0.008195  -0.006238   0.000320   0.000253  0.0000055  0.0000058    0.000301    0.000093
1992   5  24  48766  -0.155405   0.286037  -0.4908091   0.0022736  -0.007458  -0.006406   0.000329   0.000190  0.0000062  0.0000063    0.000294    0.000084
1992   5  25  48767  -0.155983   0.288864  -0.4931297   0.0023607  -0.006971  -0.006360   0.000318   0.000226  0.0000070  0.0000066    0.000384    0.000144
1992   5  26  48768  -0.156581   0.291502  -0.4955167   0.0023897  -0.007396  -0.006237   0.000319   0.000239  0.0000070  0.0000062    0.000405    0.000168
1992   5  27  48769  -0.157448   0.293643  -0.4978929   0.0023364  -0.008614  -0.006236   0.000353   0.000275  0.0000054  0.0000060    0.000467    0.000174
1992   5  28  48770  -0.158415   0.295396  -0.5001725   0.0022097  -0.009570  -0.006382   0.000366   0.000322  0.0000049  0.0000058    0.000514    0.000178
1992   5  29  48771  -0.158981   0.297220  -0.5022965   0.0020457  -0.009460  -0.006502   0.000297   0.000299  0.0000063  0.0000058    0.000401    0.000165
1992   5  30  48772  -0.158701   0.299499  -0.5042534   0.0018722  -0.008887  -0.006384   0.000290   0.000386  0.0000067  0.0000066    0.000360    0.000143
1992   5  31  48773  -0.157786   0.301778  -0.5060411   0.0017008  -0.008895  -0.006086   0.000364   0.000530  0.0000069  0.0000067    0.000437    0.000157
1992   6   1  48774  -0.156834   0.304339  -0.5076706   0.0015628  -0.009674  -0.005978   0.000383   0.000338  0.0000067  0.0000061    0.000426    0.000160
1992   6   2  48775  -0.156370   0.307176  -0.5091965   0.0015082  -0.010031  -0.006185   0.000289   0.000206  0.0000053  0.0000070    0.000295    0.000127
1992   6   3  48776  -0.156296   0.309784  -0.5107224   0.0015727  -0.009172  -0.006450   0.000300   0.000173  0.0000073  0.0000084    0.000270    0.000127
1992   6   4  48777  -0.155833   0.312875  -0.5123698   0.0017420  -0.008594  -0.006559   0.000397   0.000256  0.0000114  0.0000144    0.000410    0.000180
1992   6   5  48778  -0.155912   0.315942  -0.5142154   0.0019517  -0.008810  -0.006511   0.000549   0.000579  0.0000215  0.0000267    0.000806    0.000252
1992   6   6  48779  -0.156225   0.317757  -0.5162597   0.0021256  -0.009332  -0.006465   0.000799   0.000951  0.0000420  0.0000159    0.000900    0.000257
1992   6   7  48780  -0.156064   0.318978  -0.5184363   0.0022091  -0.009562  -0.006424   0.001289   0.001112  0.0000102  0.0000243    0.000447    0.000172
1992   6   8  48781  -0.155401   0.320883  -0.5206411   0.0021830  -0.009216  -0.006220   0.000381   0.000372  0.0000066  0.0000084    0.000314    0.000130
1992   6   9  48782  -0.154905   0.323338  -0.5227688   0.0020638  -0.008490  -0.005705   0.000340   0.000333  0.0000066  0.0000066    0.000313    0.000130
1992   6  10  48783  -0.154914   0.325729  -0.5247450   0.0018931  -0.007931  -0.004964   0.000638   0.000630  0.0000066  0.0000069    0.000313    0.000130
1992   6  11  48784  -0.154897   0.327985  -0.5265438   0.0017165  -0.008021  -0.004352   0.002032   0.002231  0.0000071  0.0000071    0.000336    0.000143
1992   6  12  48785  -0.154415   0.330284  -0.5281797   0.0015634  -0.008828  -0.004258   0.000517   0.000403  0.0000076  0.0000062    0.000404    0.000200
1992   6  13  48786  -0.153653   0.332787  -0.5296840   0.0014419  -0.009992  -0.004818   0.000398   0.000275  0.0000054  0.0000058    0.000393    0.000210
1992   6  14  48787  -0.153056   0.335675  -0.5310856   0.0013489  -0.011008  -0.005747   0.000367   0.000225  0.0000039  0.0000047    0.000377    0.000234
1992   6  15  48788  -0.152737   0.339224  -0.5324072   0.0013085  -0.011263  -0.006326   0.000352   0.000254  0.0000041  0.0000049    0.000432    0.000246
1992   6  16  48789  -0.152887   0.342819  -0.5337260   0.0013474  -0.011609  -0.006348   0.000361   0.000365  0.0000058  0.0000067    0.000544    0.000216
1992   6  17  48790  -0.153292   0.345984  -0.5351195   0.0014349  -0.012478  -0.006134   0.000378   0.000341  0.0000094  0.0000100    0.000508    0.000175
1992   6  18  48791  -0.153245   0.349117  -0.5366057   0.0015291  -0.012472  -0.006074   0.000413   0.000365  0.0000142  0.0000148    0.000495    0.000183
1992   6  19  48792  -0.153339   0.351770  -0.5381802   0.0016201  -0.011906  -0.006214   0.000552   0.000530  0.0000201  0.0000203    0.000518    0.000276
1992   6  20  48793  -0.153989   0.353431  -0.5398421   0.0017134  -0.011846  -0.006292   0.000744   0.000775  0.0000265  0.0000202    0.000659    0.000371
1992   6  21  48794  -0.153249   0.355107  -0.5415978   0.0018056  -0.011743  -0.006144   0.000753   0.001074  0.0000202  0.0000187    0.000845    0.000276
1992   6  22  48795  -0.151553   0.357510  -0.5434401   0.0018715  -0.011151  -0.005893   0.000357   0.000420  0.0000108  0.0000132    0.000554    0.000192
1992   6  23  48796  -0.150336   0.360063  -0.5453256   0.0018801  -0.010987  -0.005784   0.000216   0.000186  0.0000062  0.0000074    0.000307    0.000149
1992   6  24  48797  -0.149566   0.362195  -0.5471850   0.0018194  -0.011994  -0.005958   0.000164   0.000113  0.0000040  0.0000052    0.000195    0.000117
1992   6  25  48798  -0.148973   0.364413  -0.5489505   0.0016956  -0.013180  -0.006323   0.000243   0.000165  0.0000042  0.0000068    0.000206    0.000122
1992   6  26  48799  -0.148203   0.367064  -0.5505661   0.0015297  -0.013910  -0.006554   0.000527   0.000421  0.0000097  0.0000079    0.000445    0.000186
1992   6  27  48800  -0.147234   0.369798  -0.5520069   0.0013616  -0.014100  -0.006422   0.000658   0.000565  0.0000116  0.0000117    0.000519    0.000201
1992   6  28  48801  -0.146243   0.372296  -0.5532982   0.0012387  -0.013780  -0.006080   0.001250   0.001039  0.0000137  0.0000086    0.001356    0.000446
1992   6  29  48802  -0.145198   0.374609  -0.5545075   0.0011900  -0.013113  -0.005891   0.000427   0.000375  0.0000056  0.0000086    0.000775    0.000222
1992   6  30  48803  -0.143870   0.376890  -0.5557123   0.0012148  -0.012465  -0.005999   0.000216   0.000184  0.0000035  0.0000042    0.000416    0.000129
1992   7   1  48804  -0.142423   0.379224   0.4430285   0.0012981  -0.012422  -0.006188   0.000125   0.000102  0.0000028  0.0000035    0.000239    0.000086
1992   7   2  48805  -0.141548   0.381563   0.4416712   0.0014381  -0.013371  -0.006182   0.000155   0.000130  0.0000035  0.0000046    0.000270    0.000099
1992   7   3  48806  -0.141084   0.384126   0.4401567   0.0016176  -0.014521  -0.005965   0.000347   0.000325  0.0000064  0.0000063    0.000377    0.000140
1992   7   4  48807  -0.140324   0.386983   0.4384647   0.0017671  -0.014888  -0.005706   0.000837   0.000817  0.0000090  0.0000071    0.000423    0.000158
1992   7   5  48808  -0.138920   0.389671   0.4366654   0.0018124  -0.014488  -0.005529   0.000532   0.000581  0.0000079  0.0000084    0.000397    0.000158
1992   7   6  48809  -0.136955   0.391696   0.4348818   0.0017313  -0.013955  -0.005457   0.000307   0.000337  0.0000078  0.0000082    0.000397    0.000159
1992   7   7  48810  -0.134789   0.393067   0.4332321   0.0015539  -0.013962  -0.005501   0.000307   0.000311  0.0000086  0.0000097    0.000400    0.000163
1992   7   8  48811  -0.132689   0.394552   0.4317862   0.0013365  -0.014583  -0.005640   0.000214   0.000184  0.0000116  0.0000087    0.000291    0.000140
1992   7   9  48812  -0.130755   0.397033   0.4305563   0.0011301  -0.015210  -0.005757   0.000141   0.000121  0.0000089  0.0000100    0.000194    0.000097
1992   7  10  48813  -0.129468   0.399272   0.4295125   0.0009715  -0.015732  -0.005780   0.000169   0.000153  0.0000084  0.0000089    0.000241    0.000108
1992   7  11  48814  -0.128484   0.401773   0.4285931   0.0008773  -0.016132  -0.005747   0.000244   0.000255  0.0000090  0.0000072    0.000368    0.000134
1992   7  12  48815  -0.127576   0.404810   0.4277344   0.0008415  -0.016304  -0.005745   0.000495   0.000457  0.0000060  0.0000066    0.000322    0.000136
1992   7  13  48816  -0.126948   0.407527   0.4268866   0.0008534  -0.016231  -0.005794   0.000270   0.000232  0.0000043  0.0000051    0.000250    0.000131
1992   7  14  48817  -0.126658   0.409240   0.4260077   0.0009105  -0.016057  -0.005817   0.000177   0.000152  0.0000043  0.0000047    0.000250    0.000130
1992   7  15  48818  -0.126234   0.410349   0.4250525   0.0010144  -0.016018  -0.005743   0.000168   0.000110  0.0000051  0.0000056    0.000247    0.000105
1992   7  16  48819  -0.124960   0.411916   0.4239738   0.0011527  -0.016342  -0.005639   0.000190   0.000102  0.0000069  0.0000066    0.000256    0.000099
1992   7  17  48820  -0.122820   0.414195   0.4227494   0.0012902  -0.016942  -0.005626   0.000255   0.000144  0.0000082  0.0000077    0.000302    0.000141
1992   7  18  48821  -0.120904   0.415836   0.4214018   0.0014013  -0.017080  -0.005655   0.000355   0.000146  0.0000085  0.0000079    0.000305    0.000156
1992   7  19  48822  -0.118680   0.417442   0.4199595   0.0014845  -0.016875  -0.005672   0.000370   0.000126  0.0000076  0.0000060    0.000288    0.000135
1992   7  20  48823  -0.115655   0.419976   0.4184481   0.0015377  -0.016655  -0.005670   0.000239   0.000238  0.0000034  0.0000054    0.000357    0.000152
1992   7  21  48824  -0.112560   0.423099   0.4168999   0.0015520  -0.016540  -0.005722   0.000149   0.000232  0.0000032  0.0000033    0.000372    0.000131
1992   7  22  48825  -0.110164   0.425929   0.4153579   0.0015196  -0.016722  -0.005907   0.000080   0.000122  0.0000032  0.0000032    0.000252    0.000085
1992   7  23  48826  -0.108227   0.427929   0.4138705   0.0014474  -0.017306  -0.006089   0.000073   0.000105  0.0000033  0.0000038    0.000143    0.000074
1992   7  24  48827  -0.106347   0.430331   0.4124670   0.0013589  -0.018084  -0.006144   0.000103   0.000137  0.0000044  0.0000048    0.000164    0.000094
1992   7  25  48828  -0.104054   0.432418   0.4111478   0.0012803  -0.018660  -0.006024   0.000227   0.000233  0.0000064  0.0000050    0.000355    0.000180
1992   7  26  48829  -0.101658   0.433965   0.4098900   0.0012343  -0.018769  -0.005858   0.000311   0.000271  0.0000056  0.0000058    0.000512    0.000290
1992   7  27  48830  -0.099653   0.436022   0.4086509   0.0012453  -0.018411  -0.005905   0.000298   0.000289  0.0000052  0.0000047    0.000508    0.000173
1992   7  28  48831  -0.097877   0.437978   0.4073648   0.0013383  -0.017791  -0.006191   0.000168   0.000156  0.0000038  0.0000039    0.000231    0.000095
1992   7  29  48832  -0.096379   0.439415   0.4059451   0.0015197  -0.017323  -0.006392   0.000104   0.000091  0.0000026  0.0000032    0.000142    0.000070
1992   7  30  48833  -0.094601   0.441134   0.4043151   0.0017556  -0.017438  -0.006248   0.000090   0.000073  0.0000025  0.0000031    0.000138    0.000088
1992   7  31  48834  -0.092296   0.443136   0.4024507   0.0019812  -0.018099  -0.005882   0.000128   0.000104  0.0000035  0.0000027    0.000195    0.000124
1992   8   1  48835  -0.090298   0.445591   0.4003930   0.0021276  -0.018794  -0.005546   0.000147   0.000112  0.0000029  0.0000030    0.000239    0.000102
1992   8   2  48836  -0.088138   0.448273   0.3982454   0.0021441  -0.019247  -0.005411   0.000130   0.000105  0.0000024  0.0000029    0.000220    0.000093
1992   8   3  48837  -0.085999   0.450657   0.3961469   0.0020306  -0.019518  -0.005302   0.000162   0.000146  0.0000029  0.0000028    0.000244    0.000107
1992   8   4  48838  -0.084149   0.452636   0.3942069   0.0018431  -0.019723  -0.005157   0.000153   0.000140  0.0000032  0.0000025    0.000213    0.000093
1992   8   5  48839  -0.081973   0.454526   0.3924619   0.0016442  -0.019869  -0.005278   0.000098   0.000084  0.0000022  0.0000027    0.000139    0.000066
1992   8   6  48840  -0.080106   0.456422   0.3909044   0.0014637  -0.019882  -0.005656   0.000094   0.000082  0.0000022  0.0000027    0.000130    0.000064
1992   8   7  48841  -0.078480   0.458206   0.3895129   0.0013215  -0.019732  -0.006024   0.000136   0.000118  0.0000032  0.0000026    0.000177    0.000095
1992   8   8  48842  -0.076571   0.460632   0.3882381   0.0012329  -0.019778  -0.006171   0.000145   0.000116  0.0000030  0.0000028    0.000181    0.000095
1992   8   9  48843  -0.074536   0.463243   0.3870246   0.0011880  -0.020165  -0.006051   0.000157   0.000104  0.0000023  0.0000026    0.000162    0.000081
1992   8  10  48844  -0.072590   0.465732   0.3858420   0.0011946  -0.020382  -0.005860   0.000144   0.000088  0.0000022  0.0000026    0.000179    0.000082
1992   8  11  48845  -0.070583   0.468448   0.3846198   0.0013025  -0.020206  -0.005785   0.000106   0.000099  0.0000029  0.0000032    0.000236    0.000083
1992   8  12  48846  -0.068441   0.471272   0.3832283   0.0014996  -0.020214  -0.005744   0.000104   0.000134  0.0000042  0.0000041    0.000215    0.000086
1992   8  13  48847  -0.066562   0.473623   0.3816198   0.0017015  -0.020239  -0.005574   0.000151   0.000201  0.0000054  0.0000054    0.000272    0.000115
1992   8  14  48848  -0.064759   0.475289   0.3798318   0.0018427  -0.020395  -0.005451   0.000325   0.000313  0.0000066  0.0000069    0.000311    0.000139
1992   8  15  48849  -0.062749   0.476926   0.3779464   0.0019029  -0.020737  -0.005437   0.000649   0.000489  0.0000084  0.0000066    0.000284    0.000134
1992   8  16  48850  -0.060464   0.478877   0.3760414   0.0018998  -0.021087  -0.005510   0.000665   0.000517  0.0000065  0.0000067    0.000311    0.000153
1992   8  17  48851  -0.057917   0.480825   0.3741633   0.0018642  -0.021211  -0.005636   0.000264   0.000229  0.0000051  0.0000059    0.000372    0.000206
1992   8  18  48852  -0.055118   0.482344   0.3723284   0.0018175  -0.021007  -0.005797   0.000222   0.000203  0.0000054  0.0000059    0.000285    0.000174
1992   8  19  48853  -0.052028   0.483566   0.3705398   0.0017656  -0.020673  -0.005994   0.000141   0.000135  0.0000067  0.0000066    0.000189    0.000127
1992   8  20  48854  -0.048720   0.485016   0.3688023   0.0017033  -0.020562  -0.006130   0.000163   0.000158  0.0000079  0.0000083    0.000199    0.000135
1992   8  21  48855  -0.045645   0.486675   0.3671299   0.0016322  -0.020769  -0.006134   0.000405   0.000393  0.0000100  0.0000117    0.000391    0.000253
1992   8  22  48856  -0.043405   0.488373   0.3655249   0.0015779  -0.021037  -0.006002   0.000575   0.000563  0.0000154  0.0000184    0.000621    0.000397
1992   8  23  48857  -0.041315   0.489609   0.3639511   0.0015817  -0.021066  -0.005877   0.001367   0.001170  0.0000269  0.0000118    0.001333    0.000545
1992   8  24  48858  -0.037840   0.490112   0.3623310   0.0016781  -0.020809  -0.005946   0.000575   0.000481  0.0000081  0.0000165    0.000754    0.000266
1992   8  25  48859  -0.033045   0.490763   0.3605639   0.0018767  -0.020468  -0.006200   0.000383   0.000318  0.0000061  0.0000078    0.000507    0.000207
1992   8  26  48860  -0.029034   0.492552   0.3585571   0.0021513  -0.020260  -0.006306   0.000504   0.000400  0.0000075  0.0000060    0.000486    0.000255
1992   8  27  48861  -0.027097   0.493878   0.3562620   0.0024421  -0.020341  -0.005962   0.000385   0.000346  0.0000060  0.0000071    0.000454    0.000220
1992   8  28  48862  -0.024370   0.495362   0.3536998   0.0026654  -0.021049  -0.005600   0.000304   0.000284  0.0000067  0.0000060    0.000317    0.000144
1992   8  29  48863  -0.021331   0.496781   0.3509777   0.0027432  -0.021611  -0.005487   0.000355   0.000335  0.0000059  0.0000058    0.000370    0.000176
1992   8  30  48864  -0.017954   0.498764   0.3482640   0.0026448  -0.021654  -0.005558   0.000452   0.000391  0.0000049  0.0000051    0.000530    0.000282
1992   8  31  48865  -0.014923   0.501032   0.3457259   0.0024037  -0.021844  -0.005522   0.000264   0.000226  0.0000042  0.0000043    0.000439    0.000156
1992   9   1  48866  -0.013062   0.502399   0.3434712   0.0020962  -0.022360  -0.005306   0.000171   0.000146  0.0000037  0.0000039    0.000329    0.000111
1992   9   2  48867  -0.011519   0.502412   0.3415256   0.0018008  -0.022613  -0.005192   0.000148   0.000114  0.0000035  0.0000038    0.000238    0.000118
1992   9   3  48868  -0.009366   0.501767   0.3398477   0.0015669  -0.022435  -0.005386   0.000161   0.000122  0.0000038  0.0000059    0.000238    0.000132
1992   9   4  48869  -0.006674   0.501449   0.3383658   0.0014140  -0.021782  -0.005755   0.000370   0.000293  0.0000084  0.0000074    0.000333    0.000188
1992   9   5  48870  -0.004164   0.501924   0.3369955   0.0013527  -0.020819  -0.006016   0.000594   0.000490  0.0000110  0.0000069    0.000353    0.000200
1992   9   6  48871  -0.001909   0.502919   0.3356401   0.0013874  -0.020063  -0.006053   0.000567   0.000468  0.0000053  0.0000074    0.000328    0.000165
1992   9   7  48872   0.000458   0.503787   0.3342046   0.0015045  -0.019904  -0.005942   0.000224   0.000182  0.0000037  0.0000046    0.000302    0.000137
1992   9   8  48873   0.003209   0.504141   0.3326200   0.0016709  -0.020422  -0.005770   0.000236   0.000191  0.0000040  0.0000057    0.000319    0.000145
1992   9   9  48874   0.006110   0.504272   0.3308583   0.0018456  -0.021293  -0.005554   0.000446   0.000359  0.0000076  0.0000111    0.000558    0.000240
1992   9  10  48875   0.008517   0.504903   0.3289318   0.0019940  -0.021744  -0.005325   0.000743   0.000716  0.0000182  0.0000092    0.000841    0.000316
1992   9  11  48876   0.010381   0.506001   0.3268802   0.0020940  -0.021733  -0.005158   0.000427   0.000465  0.0000109  0.0000143    0.000593    0.000227
1992   9  12  48877   0.012271   0.506808   0.3247584   0.0021350  -0.021837  -0.005122   0.000415   0.000452  0.0000104  0.0000084    0.000576    0.000221
1992   9  13  48878   0.014492   0.506926   0.3226271   0.0021164  -0.022116  -0.005233   0.000709   0.000512  0.0000059  0.0000074    0.000378    0.000155
1992   9  14  48879   0.016942   0.506659   0.3205425   0.0020468  -0.022204  -0.005394   0.000501   0.000313  0.0000043  0.0000053    0.000286    0.000120
1992   9  15  48880   0.019420   0.506677   0.3185477   0.0019426  -0.021807  -0.005494   0.000376   0.000237  0.0000047  0.0000059    0.000308    0.000129
1992   9  16  48881   0.021950   0.507276   0.3166656   0.0018262  -0.021224  -0.005519   0.000444   0.000353  0.0000074  0.0000043    0.000474    0.000196
1992   9  17  48882   0.024499   0.507515   0.3148947   0.0017223  -0.021371  -0.005508   0.000223   0.000352  0.0000040  0.0000051    0.000339    0.000143
1992   9  18  48883   0.026963   0.507809   0.3132100   0.0016513  -0.022201  -0.005523   0.000166   0.000291  0.0000028  0.0000034    0.000246    0.000104
1992   9  19  48884   0.029309   0.507907   0.3115714   0.0016259  -0.022899  -0.005585   0.000219   0.000322  0.0000028  0.0000032    0.000241    0.000102
1992   9  20  48885   0.031627   0.507460   0.3099307   0.0016574  -0.022933  -0.005691   0.000954   0.000742  0.0000036  0.0000034    0.000263    0.000124
1992   9  21  48886   0.033931   0.506797   0.3082276   0.0017603  -0.022282  -0.005845   0.000344   0.000247  0.0000039  0.0000038    0.000268    0.000134
1992   9  22  48887   0.036051   0.506673   0.3063870   0.0019445  -0.021439  -0.005985   0.000193   0.000126  0.0000039  0.0000039    0.000232    0.000120
1992   9  23  48888   0.037953   0.507068   0.3043295   0.0021953  -0.021022  -0.005943   0.000132   0.000081  0.0000038  0.0000039    0.000175    0.000094
1992   9  24  48889   0.039945   0.506843   0.3020082   0.0024503  -0.021246  -0.005613   0.000152   0.000096  0.0000038  0.0000039    0.000210    0.000109
1992   9  25  48890   0.042096   0.506485   0.2994621   0.0026235  -0.021825  -0.005196   0.000289   0.000243  0.0000039  0.0000039    0.000430    0.000183
1992   9  26  48891   0.044230   0.506788   0.2968080   0.0026616  -0.022181  -0.005001   0.000545   0.000475  0.0000039  0.0000038    0.000486    0.000196
1992   9  27  48892   0.046251   0.506944   0.2941845   0.0025671  -0.022039  -0.005054   0.000719   0.000552  0.0000036  0.0000037    0.000540    0.000155
1992   9  28  48893   0.048306   0.506455   0.2917032   0.0023848  -0.021709  -0.005103   0.000237   0.000193  0.0000035  0.0000036    0.000565    0.000145
1992   9  29  48894   0.050607   0.505441   0.2894207   0.0021755  -0.021654  -0.004969   0.000232   0.000189  0.0000035  0.0000035    0.000565    0.000145
1992   9  30  48895   0.053177   0.504303   0.2873370   0.0019902  -0.021848  -0.004753   0.000236   0.000196  0.0000036  0.0000043    0.000544    0.000149
1992  10   1  48896   0.055745   0.503378   0.2854138   0.0018579  -0.021823  -0.004656   0.000294   0.000357  0.0000052  0.0000044    0.000413    0.000245
1992  10   2  48897   0.058034   0.502859   0.2835934   0.0017894  -0.021346  -0.004713   0.000296   0.000367  0.0000052  0.0000052    0.000411    0.000250
1992  10   3  48898   0.060116   0.502753   0.2818119   0.0017849  -0.020693  -0.004816   0.000308   0.000381  0.0000052  0.0000047    0.000410    0.000250
1992  10   4  48899   0.062464   0.502856   0.2800065   0.0018398  -0.020258  -0.004899   0.000811   0.000709  0.0000041  0.0000045    0.000291    0.000133
1992  10   5  48900   0.065432   0.502893   0.2781204   0.0019458  -0.020142  -0.004996   0.000474   0.000355  0.0000038  0.0000040    0.000267    0.000119
1992  10   6  48901   0.068775   0.502746   0.2761083   0.0020887  -0.020249  -0.005133   0.000328   0.000242  0.0000038  0.0000039    0.000267    0.000119
1992  10   7  48902   0.071904   0.502517   0.2739428   0.0022464  -0.020511  -0.005256   0.000496   0.000366  0.0000039  0.0000051    0.000276    0.000123
1992  10   8  48903   0.074939   0.502163   0.2716222   0.0023891  -0.020873  -0.005282   0.000575   0.000538  0.0000064  0.0000052    0.000503    0.000248
1992  10   9  48904   0.077931   0.501728   0.2691772   0.0024851  -0.021190  -0.005203   0.000377   0.000372  0.0000065  0.0000064    0.000517    0.000258
1992  10  10  48905   0.080494   0.501280   0.2666681   0.0025125  -0.021290  -0.005092   0.000539   0.000524  0.0000065  0.0000054    0.000517    0.000258
1992  10  11  48906   0.082566   0.500471   0.2641694   0.0024693  -0.021163  -0.005003   0.000972   0.000767  0.0000042  0.0000051    0.000381    0.000233
1992  10  12  48907   0.084531   0.499124   0.2617455   0.0023738  -0.020943  -0.004917   0.000247   0.000202  0.0000038  0.0000037    0.000345    0.000212
1992  10  13  48908   0.086925   0.497630   0.2594335   0.0022553  -0.020731  -0.004792   0.000164   0.000149  0.0000032  0.0000030    0.000273    0.000131
1992  10  14  48909   0.089814   0.496461   0.2572387   0.0021442  -0.020497  -0.004647   0.000110   0.000116  0.0000022  0.0000028    0.000179    0.000073
1992  10  15  48910   0.092701   0.495710   0.2551379   0.0020648  -0.020186  -0.004549   0.000121   0.000127  0.0000025  0.0000031    0.000200    0.000082
1992  10  16  48911   0.095490   0.495484   0.2530903   0.0020365  -0.019947  -0.004516   0.000202   0.000195  0.0000039  0.0000033    0.000336    0.000151
1992  10  17  48912   0.098222   0.495590   0.2510379   0.0020774  -0.019919  -0.004524   0.000330   0.000311  0.0000042  0.0000032    0.000364    0.000169
1992  10  18  48913   0.100545   0.495400   0.2489068   0.0021999  -0.019942  -0.004599   0.000380   0.000357  0.0000025  0.0000032    0.000200    0.000097
1992  10  19  48914   0.102409   0.494760   0.2466151   0.0024037  -0.019731  -0.004771   0.000189   0.000184  0.0000022  0.0000024    0.000177    0.000086
1992  10  20  48915   0.104039   0.493817   0.2440881   0.0026699  -0.019199  -0.004996   0.000214   0.000206  0.0000023  0.0000029    0.000177    0.000086
1992  10  21  48916   0.105819   0.492667   0.2412801   0.0029509  -0.018636  -0.005087   0.000195   0.000183  0.0000037  0.0000035    0.000180    0.000085
1992  10  22  48917   0.107980   0.491365   0.2382083   0.0031638  -0.018513  -0.004835   0.000171   0.000160  0.0000047  0.0000040    0.000203    0.000104
1992  10  23  48918   0.110269   0.490019   0.2349884   0.0032285  -0.018814  -0.004369   0.000193   0.000180  0.0000043  0.0000062    0.000266    0.000191
1992  10  24  48919   0.112457   0.488861   0.2317928   0.0031264  -0.019045  -0.004029   0.000339   0.000311  0.0000077  0.0000089    0.000488    0.000361
1992  10  25  48920   0.114798   0.488335   0.2287707   0.0029044  -0.018759  -0.003956   0.000747   0.000614  0.0000134  0.0000056    0.001048    0.000635
1992  10  26  48921   0.117102   0.488033   0.2260020   0.0026373  -0.018109  -0.004044   0.000385   0.000341  0.0000035  0.0000083    0.000310    0.000218
1992  10  27  48922   0.118917   0.487154   0.2234928   0.0023927  -0.017664  -0.004106   0.000263   0.000239  0.0000032  0.0000034    0.000288    0.000203
1992  10  28  48923   0.120426   0.485777   0.2211960   0.0022137  -0.017709  -0.004079   0.000344   0.000320  0.0000033  0.0000039    0.000293    0.000199
1992  10  29  48924   0.121730   0.484374   0.2190368   0.0021192  -0.017967  -0.004045   0.000296   0.000338  0.0000045  0.0000041    0.000360    0.000170
1992  10  30  48925   0.123085   0.482952   0.2169306   0.0021066  -0.018024  -0.004076   0.000197   0.000230  0.0000049  0.0000064    0.000374    0.000175
1992  10  31  48926   0.124901   0.480982   0.2148033   0.0021526  -0.017730  -0.004135   0.000268   0.000330  0.0000083  0.0000082    0.000444    0.000206
1992  11   1  48927   0.127202   0.479146   0.2126124   0.0022185  -0.017236  -0.004104   0.000357   0.000424  0.0000115  0.0000060    0.000457    0.000221
1992  11   2  48928   0.129623   0.477886   0.2103596   0.0022736  -0.016763  -0.004037   0.000195   0.000163  0.0000038  0.0000078    0.000274    0.000182
1992  11   3  48929   0.131828   0.476964   0.2080639   0.0023220  -0.016486  -0.004083   0.000208   0.000174  0.0000041  0.0000050    0.000301    0.000202
1992  11   4  48930   0.133805   0.475956   0.2057201   0.0023887  -0.016477  -0.004252   0.000315   0.000255  0.0000063  0.0000041    0.000358    0.000178
1992  11   5  48931   0.135617   0.474757   0.2032969   0.0024713  -0.016640  -0.004350   0.000222   0.000163  0.0000040  0.0000047    0.000219    0.000096
1992  11   6  48932   0.136891   0.473566   0.2007920   0.0025252  -0.016909  -0.004292   0.000205   0.000122  0.0000031  0.0000034    0.000245    0.000093
1992  11   7  48933   0.138039   0.472317   0.1982628   0.0025126  -0.017159  -0.004235   0.000218   0.000112  0.0000028  0.0000030    0.000316    0.000100
1992  11   8  48934   0.139526   0.470849   0.1957826   0.0024384  -0.017283  -0.004193   0.000186   0.000114  0.0000029  0.0000030    0.000304    0.000091
1992  11   9  48935   0.141265   0.469132   0.1933989   0.0023332  -0.017284  -0.004007   0.000165   0.000128  0.0000031  0.0000031    0.000266    0.000078
1992  11  10  48936   0.143017   0.467238   0.1911235   0.0022277  -0.017209  -0.003611   0.000204   0.000147  0.0000033  0.0000043    0.000276    0.000083
1992  11  11  48937   0.144919   0.465313   0.1889413   0.0021426  -0.017067  -0.003202   0.000284   0.000139  0.0000055  0.0000061    0.000328    0.000111
1992  11  12  48938   0.147215   0.463454   0.1868237   0.0020899  -0.016873  -0.003163   0.000319   0.000133  0.0000088  0.0000073    0.000390    0.000144
1992  11  13  48939   0.149462   0.461838   0.1847359   0.0020861  -0.016517  -0.003431   0.000396   0.000335  0.0000090  0.0000072    0.000572    0.000239
1992  11  14  48940   0.151348   0.460623   0.1826213   0.0021596  -0.015980  -0.003640   0.000307   0.000308  0.0000055  0.0000068    0.000418    0.000211
1992  11  15  48941   0.153464   0.459536   0.1803910   0.0023275  -0.015697  -0.003659   0.000305   0.000295  0.0000045  0.0000045    0.000356    0.000179
1992  11  16  48942   0.155991   0.458319   0.1779538   0.0025660  -0.015785  -0.003565   0.000280   0.000232  0.0000036  0.0000041    0.000331    0.000098
1992  11  17  48943   0.158252   0.457105   0.1752632   0.0028130  -0.015915  -0.003469   0.000204   0.000168  0.0000037  0.0000050    0.000338    0.000097
1992  11  18  48944   0.159893   0.456222   0.1723476   0.0029934  -0.015919  -0.003437   0.000294   0.000222  0.0000065  0.0000080    0.000410    0.000134
1992  11  19  48945   0.162118   0.455203   0.1693069   0.0030575  -0.016043  -0.003436   0.000495   0.000327  0.0000124  0.0000062    0.000447    0.000180
1992  11  20  48946   0.164809   0.453732   0.1662674   0.0029999  -0.016264  -0.003345   0.000272   0.000202  0.0000059  0.0000077    0.000369    0.000235
1992  11  21  48947   0.166634   0.452014   0.1633388   0.0028500  -0.016292  -0.003115   0.000140   0.000100  0.0000029  0.0000042    0.000250    0.000134
1992  11  22  48948   0.167832   0.450159   0.1605882   0.0026521  -0.016303  -0.002962   0.000116   0.000083  0.0000024  0.0000031    0.000215    0.000112
1992  11  23  48949   0.169048   0.448342   0.1580394   0.0024490  -0.016353  -0.002985   0.000173   0.000136  0.0000032  0.0000029    0.000272    0.000214
1992  11  24  48950   0.170190   0.446632   0.1556781   0.0022776  -0.016218  -0.003027   0.000220   0.000181  0.0000034  0.0000033    0.000286    0.000271
1992  11  25  48951   0.170900   0.444751   0.1534600   0.0021626  -0.015729  -0.002882   0.000410   0.000331  0.0000034  0.0000034    0.000286    0.000272
1992  11  26  48952   0.171160   0.442347   0.1513247   0.0021122  -0.014918  -0.002493   0.001223   0.000875  0.0000034  0.0000034    0.000286    0.000272
1992  11  27  48953   0.171437   0.439638   0.1492114   0.0021195  -0.013971  -0.002001   0.002332   0.002426  0.0000034  0.0000032    0.000284    0.000271
1992  11  28  48954   0.172202   0.437108   0.1470696   0.0021703  -0.013166  -0.001664   0.002234   0.002317  0.0000031  0.0000032    0.000207    0.000193
1992  11  29  48955   0.173399   0.434941   0.1448630   0.0022507  -0.012783  -0.001695   0.000351   0.000268  0.0000031  0.0000031    0.000208    0.000193
1992  11  30  48956   0.174478   0.432868   0.1425672   0.0023512  -0.012958  -0.002108   0.000186   0.000141  0.0000031  0.0000033    0.000211    0.000196
1992  12   1  48957   0.175037   0.430576   0.1401650   0.0024664  -0.013579  -0.002681   0.000240   0.000182  0.0000036  0.0000047    0.000242    0.000212
1992  12   2  48958   0.175343   0.428176   0.1376439   0.0025863  -0.014248  -0.003072   0.000246   0.000184  0.0000062  0.0000046    0.000300    0.000125
1992  12   3  48959   0.176175   0.426092   0.1350059   0.0026831  -0.014485  -0.003026   0.000132   0.000099  0.0000056  0.0000063    0.000201    0.000070
1992  12   4  48960   0.178135   0.424471   0.1322932   0.0027180  -0.014401  -0.002707   0.000153   0.000123  0.0000063  0.0000049    0.000229    0.000077
1992  12   5  48961   0.179793   0.423075   0.1295848   0.0026851  -0.014574  -0.002530   0.000210   0.000165  0.0000042  0.0000043    0.000296    0.000094
1992  12   6  48962   0.180495   0.421370   0.1269354   0.0026137  -0.015068  -0.002551   0.000230   0.000122  0.0000022  0.0000033    0.000346    0.000098
1992  12   7  48963   0.181035   0.419132   0.1243653   0.0025239  -0.015446  -0.002529   0.000214   0.000127  0.0000024  0.0000026    0.000326    0.000100
1992  12   8  48964   0.182091   0.416931   0.1218883   0.0024261  -0.015325  -0.002340   0.000214   0.000149  0.0000030  0.0000040    0.000324    0.000109
1992  12   9  48965   0.183441   0.415134   0.1195034   0.0023464  -0.014866  -0.002140   0.000389   0.000276  0.0000057  0.0000083    0.000486    0.000157
1992  12  10  48966   0.184414   0.413101   0.1171741   0.0023176  -0.014789  -0.002192   0.000880   0.000626  0.0000136  0.0000207    0.000652    0.000194
1992  12  11  48967   0.185129   0.410806   0.1148382   0.0023618  -0.015002  -0.002452   0.001078   0.001054  0.0000357  0.0000271    0.000702    0.000194
1992  12  12  48968   0.186139   0.408464   0.1124206   0.0024845  -0.014920  -0.002645   0.001002   0.001134  0.0000407  0.0000201    0.000703    0.000194
1992  12  13  48969   0.187600   0.406354   0.1098508   0.0026669  -0.014499  -0.002615   0.000703   0.000709  0.0000044  0.0000216    0.000285    0.000102
1992  12  14  48970   0.189096   0.404552   0.1070878   0.0028645  -0.014138  -0.002440   0.000218   0.000229  0.0000025  0.0000036    0.000194    0.000072
1992  12  15  48971   0.189990   0.402722   0.1041425   0.0030181  -0.014169  -0.002296   0.000174   0.000185  0.0000027  0.0000035    0.000207    0.000074
1992  12  16  48972   0.190182   0.400546   0.1010851   0.0030746  -0.014480  -0.002261   0.000292   0.000281  0.0000045  0.0000058    0.000338    0.000085
1992  12  17  48973   0.190585   0.398244   0.0980295   0.0030097  -0.014513  -0.002256   0.000448   0.000323  0.0000089  0.0000078    0.000513    0.000091
1992  12  18  48974   0.191735   0.396034   0.0950956   0.0028365  -0.014162  -0.002185   0.001280   0.000871  0.0000111  0.0000346    0.000565    0.000097
1992  12  19  48975   0.193071   0.393775   0.0923751   0.0025957  -0.013824  -0.002045   0.002383   0.002467  0.0000603  0.0000164    0.001069    0.000396
1992  12  20  48976   0.193820   0.391228   0.0899093   0.0023425  -0.013872  -0.001927   0.000968   0.000904  0.0000217  0.0000331    0.000859    0.000370
1992  12  21  48977   0.193962   0.388415   0.0876817   0.0021311  -0.014246  -0.001922   0.000357   0.000288  0.0000059  0.0000131    0.000350    0.000198
1992  12  22  48978   0.194195   0.383226   0.0855149   0.0019087  -0.016240  -0.002126   0.000368   0.000438  0.0000024  0.0000049    0.001746    0.000833
1992  12  23  48979   0.195472   0.382357   0.0836370   0.0018826  -0.013895  -0.002235   0.000263   0.000333  0.0000025  0.0000023    0.001804    0.000864
1992  12  24  48980   0.196264   0.380250   0.0817237   0.0019524  -0.012330  -0.002183   0.000473   0.000544  0.0000022  0.0000022    0.001579    0.000743
1992  12  25  48981   0.197387   0.377354   0.0797120   0.0020758  -0.011657  -0.001978   0.000683   0.000756  0.0000020  0.0000020    0.001353    0.000622
1992  12  26  48982   0.198350   0.374586   0.0775607   0.0022267  -0.011762  -0.001749   0.000892   0.000967  0.0000018  0.0000018    0.001127    0.000501
1992  12  27  48983   0.200391   0.372102   0.0752561   0.0023787  -0.012380  -0.001645   0.001127   0.001111  0.0000016  0.0000016    0.000902    0.000380
1992  12  28  48984   0.202298   0.370025   0.0728080   0.0025129  -0.012919  -0.001705   0.001386   0.001187  0.0000014  0.0000013    0.001081    0.000403
1992  12  29  48985   0.205224   0.367278   0.0702400   0.0026202  -0.013048  -0.001841   0.001052   0.000940  0.0000011  0.0000011    0.001647    0.000596
1992  12  30  48986   0.206463   0.364572   0.0675811   0.0026950  -0.013214  -0.001967   0.000580   0.000620  0.0000008  0.0000016    0.001060    0.000531
1992  12  31  48987   0.207819   0.363277   0.0648654   0.0027273  -0.012505  -0.002020   0.000956   0.001043  0.0000021  0.0000010    0.001380    0.000808
