

                   INTERNATIONAL EARTH ROTATION AND REFERENCE SYSTEMS SERVICE
                        EARTH ORIENTATION PARAMETERS
                          EOP (IERS) 08 C04

  
             FORMAT(3(I4),I7,2(F11.6),2(F12.7),2(F11.6),2(F11.6),2(F11.7),2F12.6)
**********************************************************************************
  
      Date      MJD      x          y        UT1-UTC       LOD         dPsi      dEps       x Err     y Err   UT1-UTC Err  LOD Err    dPsi Err   dEpsilon Err
                         "          "           s           s            "         "        "          "          s           s            "         "
     (0h UTC)

1988   1   1  47161  -0.024903   0.414162   0.3644546   0.0011972  -0.004492   0.003598   0.001335   0.001196  0.0000142  0.0000120    0.000724    0.000311
1988   1   2  47162  -0.023898   0.414888   0.3633214   0.0011011  -0.004814   0.003475   0.001379   0.001356  0.0000099  0.0000120    0.000573    0.000194
1988   1   3  47163  -0.022373   0.415415   0.3622219   0.0011151  -0.004531   0.003046   0.000883   0.000882  0.0000098  0.0000102    0.000568    0.000192
1988   1   4  47164  -0.019440   0.416767   0.3610611   0.0011934  -0.003627   0.002400   0.000671   0.000672  0.0000104  0.0000121    0.000599    0.000206
1988   1   5  47165  -0.015953   0.418339   0.3598097   0.0012685  -0.002325   0.001754   0.000813   0.000822  0.0000145  0.0000174    0.000763    0.000303
1988   1   6  47166  -0.013576   0.418890   0.3585069   0.0013246  -0.001143   0.001437   0.001618   0.001318  0.0000244  0.0000187    0.000972    0.000569
1988   1   7  47167  -0.012119   0.419145   0.3571532   0.0014160  -0.000688   0.001632   0.000403   0.000301  0.0000229  0.0000234    0.000396    0.000126
1988   1   8  47168  -0.011067   0.419567   0.3556778   0.0015811  -0.001190   0.002297   0.000273   0.000208  0.0000224  0.0000237    0.000390    0.000121
1988   1   9  47169  -0.009827   0.419915   0.3540030   0.0017929  -0.002167   0.003129   0.000368   0.000301  0.0000245  0.0000257    0.000561    0.000162
1988   1  10  47170  -0.007552   0.419815   0.3521107   0.0019463  -0.002494   0.003258   0.000589   0.000525  0.0000290  0.0000306    0.000919    0.000252
1988   1  11  47171  -0.005677   0.419641   0.3501327   0.0019427  -0.001973   0.002781   0.000861   0.000593  0.0000367  0.0000365    0.000909    0.000325
1988   1  12  47172  -0.005130   0.420027   0.3482487   0.0018110  -0.001480   0.002429   0.001075   0.000891  0.0000441  0.0000334    0.000904    0.000231
1988   1  13  47173  -0.003285   0.420912   0.3465335   0.0016425  -0.002027   0.002491   0.000768   0.000707  0.0000301  0.0000302    0.000834    0.000179
1988   1  14  47174  -0.001132   0.422512   0.3449830   0.0014885  -0.003623   0.002845   0.000595   0.000569  0.0000162  0.0000235    0.000687    0.000191
1988   1  15  47175  -0.000165   0.423890   0.3435661   0.0013465  -0.004633   0.002811   0.000787   0.000674  0.0000168  0.0000205    0.000777    0.000247
1988   1  16  47176   0.000175   0.424334   0.3422818   0.0012020  -0.004414   0.002296   0.000821   0.000602  0.0000248  0.0000163    0.000894    0.000369
1988   1  17  47177   0.001208   0.424448   0.3411308   0.0010861  -0.003530   0.001808   0.000403   0.000367  0.0000159  0.0000220    0.000478    0.000204
1988   1  18  47178   0.002792   0.424461   0.3400591   0.0010764  -0.002666   0.001839   0.000317   0.000288  0.0000191  0.0000161    0.000434    0.000173
1988   1  19  47179   0.003953   0.425156   0.3389238   0.0012257  -0.002467   0.002309   0.000377   0.000366  0.0000162  0.0000173    0.000533    0.000198
1988   1  20  47180   0.005320   0.425032   0.3375708   0.0014894  -0.002860   0.002612   0.000498   0.000547  0.0000156  0.0000166    0.000594    0.000284
1988   1  21  47181   0.006838   0.424706   0.3359416   0.0017426  -0.002977   0.002386   0.000689   0.000780  0.0000169  0.0000175    0.000578    0.000385
1988   1  22  47182   0.008571   0.425001   0.3341177   0.0018666  -0.002723   0.001899   0.000379   0.000371  0.0000194  0.0000163    0.000568    0.000179
1988   1  23  47183   0.010352   0.425863   0.3322636   0.0018270  -0.002796   0.001824   0.000255   0.000251  0.0000157  0.0000150    0.000559    0.000159
1988   1  24  47184   0.012069   0.426884   0.3305218   0.0016841  -0.003746   0.002448   0.000287   0.000317  0.0000106  0.0000124    0.000537    0.000140
1988   1  25  47185   0.014285   0.427739   0.3289387   0.0015020  -0.004732   0.002876   0.000332   0.000418  0.0000092  0.0000100    0.000525    0.000132
1988   1  26  47186   0.016922   0.428446   0.3275380   0.0012936  -0.005016   0.002576   0.001013   0.001099  0.0000094  0.0000109    0.000494    0.000137
1988   1  27  47187   0.019288   0.429084   0.3263500   0.0010684  -0.004600   0.001977   0.000972   0.000977  0.0000126  0.0000116    0.000403    0.000199
1988   1  28  47188   0.021145   0.429250   0.3253839   0.0008588  -0.003989   0.001900   0.000617   0.000667  0.0000138  0.0000169    0.000434    0.000208
1988   1  29  47189   0.023120   0.428531   0.3246057   0.0007105  -0.003718   0.002696   0.000982   0.001072  0.0000211  0.0000310    0.000595    0.000243
1988   1  30  47190   0.025996   0.428672   0.3239319   0.0006556  -0.003714   0.003597   0.001904   0.002536  0.0000482  0.0000576    0.000865    0.000274
1988   1  31  47191   0.028951   0.429425   0.3232632   0.0006992  -0.003741   0.003870   0.002075   0.003915  0.0000940  0.0000305    0.000966    0.000281
1988   2   1  47192   0.031619   0.430203   0.3225056   0.0008329  -0.003637   0.003433   0.001338   0.001392  0.0000127  0.0000531    0.000753    0.000193
1988   2   2  47193   0.034253   0.430623   0.3215765   0.0010389  -0.003291   0.002698   0.000816   0.000979  0.0000122  0.0000122    0.000733    0.000190
1988   2   3  47194   0.037223   0.430610   0.3204169   0.0012838  -0.002665   0.002155   0.000494   0.000637  0.0000117  0.0000113    0.000685    0.000198
1988   2   4  47195   0.040513   0.430515   0.3190090   0.0015221  -0.001867   0.002022   0.000479   0.000618  0.0000105  0.0000108    0.000574    0.000232
1988   2   5  47196   0.042848   0.431327   0.3173832   0.0017161  -0.001199   0.002173   0.000655   0.000793  0.0000098  0.0000102    0.000522    0.000270
1988   2   6  47197   0.045007   0.432252   0.3155959   0.0018513  -0.000848   0.002404   0.000910   0.000980  0.0000099  0.0000108    0.000530    0.000285
1988   2   7  47198   0.047322   0.432898   0.3137046   0.0019297  -0.000758   0.002524   0.000443   0.000538  0.0000117  0.0000108    0.000821    0.000334
1988   2   8  47199   0.049103   0.433624   0.3117615   0.0019528  -0.000775   0.002311   0.000430   0.000524  0.0000117  0.0000117    0.000823    0.000334
1988   2   9  47200   0.049840   0.434633   0.3098217   0.0019137  -0.000815   0.001655   0.000435   0.000529  0.0000117  0.0000118    0.000823    0.000334
1988   2  10  47201   0.050219   0.435224   0.3079517   0.0018056  -0.000937   0.000825   0.000976   0.000836  0.0000119  0.0000124    0.000655    0.000309
1988   2  11  47202   0.051366   0.434727   0.3062199   0.0016391  -0.001262   0.000416   0.000870   0.000684  0.0000132  0.0000125    0.000375    0.000227
1988   2  12  47203   0.053350   0.433877   0.3046698   0.0014552  -0.001938   0.000839   0.000499   0.000447  0.0000131  0.0000134    0.000403    0.000217
1988   2  13  47204   0.054755   0.434798   0.3032880   0.0013212  -0.002993   0.001802   0.000465   0.000469  0.0000136  0.0000172    0.000579    0.000206
1988   2  14  47205   0.054165   0.435419   0.3019866   0.0013133  -0.003927   0.002310   0.000728   0.000787  0.0000213  0.0000422    0.001320    0.000307
1988   2  15  47206   0.053460   0.434007   0.3006088   0.0014801  -0.004022   0.002053   0.002378   0.002127  0.0000709  0.0000508    0.003976    0.000949
1988   2  16  47207   0.054842   0.432244   0.2989783   0.0018070  -0.003090   0.001571   0.002226   0.001696  0.0000804  0.0000467    0.003837    0.001141
1988   2  17  47208   0.057173   0.431679   0.2969711   0.0022087  -0.001769   0.001502   0.000888   0.000846  0.0000225  0.0000467    0.001189    0.000519
1988   2  18  47209   0.058739   0.431729   0.2945741   0.0025619  -0.000935   0.001784   0.000508   0.000518  0.0000129  0.0000203    0.000690    0.000320
1988   2  19  47210   0.060166   0.430867   0.2918946   0.0027623  -0.000919   0.001893   0.000710   0.000765  0.0000181  0.0000157    0.000893    0.000438
1988   2  20  47211   0.062038   0.429955   0.2891140   0.0027661  -0.001444   0.001696   0.000618   0.000911  0.0000186  0.0000164    0.000526    0.000336
1988   2  21  47212   0.064133   0.429919   0.2864216   0.0025927  -0.002372   0.001498   0.000420   0.000630  0.0000146  0.0000151    0.000400    0.000258
1988   2  22  47213   0.065396   0.430856   0.2839648   0.0023030  -0.003418   0.001423   0.000367   0.000519  0.0000116  0.0000128    0.000524    0.000246
1988   2  23  47214   0.065990   0.430628   0.2818235   0.0019736  -0.003833   0.001221   0.000383   0.000514  0.0000110  0.0000132    0.000854    0.000246
1988   2  24  47215   0.066498   0.428691   0.2800026   0.0016779  -0.003157   0.000753   0.000473   0.000607  0.0000147  0.0000164    0.000889    0.000263
1988   2  25  47216   0.066813   0.428721   0.2784396   0.0014655  -0.002002   0.000305   0.000767   0.000867  0.0000217  0.0000178    0.000911    0.000277
1988   2  26  47217   0.067182   0.430468   0.2770387   0.0013563  -0.001171   0.000175   0.002100   0.001348  0.0000209  0.0000165    0.000849    0.000241
1988   2  27  47218   0.068142   0.430822   0.2756942   0.0013535  -0.000912   0.000328   0.000561   0.000540  0.0000112  0.0000160    0.000574    0.000136
1988   2  28  47219   0.069676   0.430176   0.2743019   0.0014483  -0.001012   0.000527   0.000421   0.000417  0.0000112  0.0000112    0.000573    0.000136
1988   2  29  47220   0.071522   0.430256   0.2727734   0.0016190  -0.001175   0.000634   0.000621   0.000595  0.0000112  0.0000112    0.000573    0.000136
1988   3   1  47221   0.073589   0.430875   0.2710484   0.0018310  -0.001312   0.000729   0.001530   0.001182  0.0000112  0.0000118    0.000573    0.000136
1988   3   2  47222   0.075953   0.431392   0.2691066   0.0020407  -0.001473   0.000923   0.003480   0.002988  0.0000124  0.0000119    0.000624    0.000227
1988   3   3  47223   0.078564   0.431895   0.2669735   0.0022065  -0.001733   0.001166   0.001033   0.001048  0.0000125  0.0000125    0.000628    0.000244
1988   3   4  47224   0.081037   0.432535   0.2647104   0.0023023  -0.002181   0.001316   0.000505   0.000512  0.0000125  0.0000125    0.000628    0.000244
1988   3   5  47225   0.082869   0.433144   0.2623930   0.0023238  -0.002853   0.001320   0.000620   0.000629  0.0000125  0.0000125    0.000628    0.000244
1988   3   6  47226   0.084056   0.433509   0.2600904   0.0022804  -0.003566   0.001234   0.002048   0.002096  0.0000125  0.0000111    0.000628    0.000244
1988   3   7  47227   0.085215   0.433525   0.2578588   0.0021808  -0.003922   0.001098   0.002278   0.001916  0.0000097  0.0000111    0.000598    0.000122
1988   3   8  47228   0.087162   0.433191   0.2557495   0.0020249  -0.003536   0.000868   0.000396   0.000338  0.0000096  0.0000099    0.000592    0.000120
1988   3   9  47229   0.090170   0.432515   0.2538199   0.0018099  -0.002323   0.000529   0.000414   0.000351  0.0000101  0.0000114    0.000568    0.000127
1988   3  10  47230   0.093598   0.431536   0.2521279   0.0015494  -0.000613   0.000238   0.000586   0.000487  0.0000132  0.0000144    0.000501    0.000167
1988   3  11  47231   0.096112   0.430333   0.2507044   0.0012882   0.000881   0.000285   0.001172   0.000933  0.0000186  0.0000173    0.000467    0.000238
1988   3  12  47232   0.098619   0.429569   0.2495193   0.0010979   0.001481   0.000558   0.001604   0.001517  0.0000213  0.0000269    0.000480    0.000263
1988   3  13  47233   0.102035   0.429306   0.2484642   0.0010507   0.000986   0.000560   0.000885   0.001782  0.0000351  0.0000263    0.001130    0.000249
1988   3  14  47234   0.105188   0.428536   0.2473706   0.0011852  -0.000174   0.000000   0.000704   0.001372  0.0000314  0.0000297    0.001007    0.000248
1988   3  15  47235   0.107222   0.426720   0.2460589   0.0014815  -0.001255  -0.000794   0.000586   0.000887  0.0000244  0.0000263    0.000772    0.000244
1988   3  16  47236   0.109461   0.424951   0.2444005   0.0018422  -0.001760  -0.000950   0.000525   0.000728  0.0000212  0.0000181    0.000677    0.000240
1988   3  17  47237   0.112382   0.424516   0.2424023   0.0021253  -0.001772  -0.000340   0.000332   0.000346  0.0000119  0.0000164    0.000506    0.000178
1988   3  18  47238   0.114824   0.425291   0.2402062   0.0022315  -0.001622   0.000321   0.000327   0.000339  0.0000116  0.0000133    0.000498    0.000170
1988   3  19  47239   0.116179   0.425561   0.2380049   0.0021552  -0.001531   0.000388   0.000402   0.000442  0.0000147  0.0000182    0.000568    0.000177
1988   3  20  47240   0.117948   0.423169   0.2359488   0.0019527  -0.001503  -0.000115   0.000683   0.000771  0.0000248  0.0000339    0.000725    0.000256
1988   3  21  47241   0.120114   0.420241   0.2341251   0.0016922  -0.001491  -0.000658   0.001915   0.001820  0.0000532  0.0000265    0.000863    0.000512
1988   3  22  47242   0.121630   0.418583   0.2325608   0.0014350  -0.001354  -0.000968   0.003085   0.003154  0.0000283  0.0000317    0.000806    0.000384
1988   3  23  47243   0.122372   0.417864   0.2312303   0.0012290  -0.000947  -0.001043   0.000400   0.000483  0.0000102  0.0000192    0.000513    0.000147
1988   3  24  47244   0.123100   0.416983   0.2300686   0.0011044  -0.000405  -0.000893   0.000357   0.000430  0.0000102  0.0000102    0.000513    0.000147
1988   3  25  47245   0.124576   0.415203   0.2289867   0.0010756  -0.000049  -0.000570   0.000408   0.000490  0.0000102  0.0000102    0.000513    0.000147
1988   3  26  47246   0.126670   0.413060   0.2278862   0.0011426   0.000008  -0.000226   0.001629   0.001833  0.0000102  0.0000108    0.000513    0.000147
1988   3  27  47247   0.128667   0.411554   0.2266761   0.0012897  -0.000067  -0.000055   0.003789   0.003277  0.0000115  0.0000109    0.000886    0.000171
1988   3  28  47248   0.130110   0.410775   0.2252887   0.0014897  -0.000108  -0.000119   0.000513   0.000519  0.0000116  0.0000115    0.000970    0.000174
1988   3  29  47249   0.131032   0.409989   0.2236877   0.0017116  -0.000132  -0.000283   0.000522   0.000528  0.0000116  0.0000116    0.000970    0.000174
1988   3  30  47250   0.131682   0.408711   0.2218672   0.0019261  -0.000206  -0.000379   0.000704   0.000709  0.0000116  0.0000116    0.000970    0.000174
1988   3  31  47251   0.132214   0.407406   0.2198479   0.0021065  -0.000304  -0.000382   0.001438   0.001423  0.0000117  0.0000127    0.000935    0.000176
1988   4   1  47252   0.132681   0.406453   0.2176753   0.0022279  -0.000361  -0.000379   0.001193   0.001256  0.0000139  0.0000128    0.000550    0.000297
1988   4   2  47253   0.133004   0.405710   0.2154191   0.0022688  -0.000403  -0.000397   0.000477   0.000511  0.0000139  0.0000139    0.000549    0.000299
1988   4   3  47254   0.133007   0.404730   0.2131666   0.0022201  -0.000512  -0.000325   0.000386   0.000413  0.0000139  0.0000139    0.000549    0.000299
1988   4   4  47255   0.132668   0.403211   0.2110046   0.0020931  -0.000690  -0.000061   0.000639   0.000684  0.0000139  0.0000139    0.000549    0.000299
1988   4   5  47256   0.132236   0.401257   0.2089971   0.0019197  -0.000854   0.000309   0.005474   0.004472  0.0000139  0.0000138    0.000550    0.000298
1988   4   6  47257   0.132089   0.399243   0.2071678   0.0017441  -0.000939   0.000518   0.004962   0.003507  0.0000137  0.0000138    0.000643    0.000256
1988   4   7  47258   0.132515   0.397511   0.2054952   0.0016095  -0.000947   0.000299   0.000789   0.000605  0.0000137  0.0000137    0.000643    0.000256
1988   4   8  47259   0.133577   0.396157   0.2039202   0.0015471  -0.000859  -0.000409   0.000716   0.000553  0.0000137  0.0000138    0.000642    0.000256
1988   4   9  47260   0.135069   0.395011   0.2023622   0.0015742  -0.000595  -0.001396   0.000721   0.000541  0.0000138  0.0000139    0.000607    0.000246
1988   4  10  47261   0.136585   0.393756   0.2007303   0.0017015  -0.000073  -0.002262   0.000823   0.000581  0.0000140  0.0000139    0.000538    0.000225
1988   4  11  47262   0.137741   0.392189   0.1989252   0.0019320   0.000610  -0.002647   0.001143   0.000815  0.0000140  0.0000127    0.000536    0.000225
1988   4  12  47263   0.138501   0.390367   0.1968507   0.0022375   0.001061  -0.002479   0.000674   0.000716  0.0000114  0.0000122    0.000655    0.000326
1988   4  13  47264   0.139061   0.388482   0.1944618   0.0025388   0.000946  -0.001968   0.000368   0.000391  0.0000103  0.0000101    0.000509    0.000277
1988   4  14  47265   0.139791   0.386567   0.1918125   0.0027286   0.000396  -0.001462   0.000290   0.000290  0.0000088  0.0000099    0.000319    0.000174
1988   4  15  47266   0.141024   0.384376   0.1890622   0.0027313   0.000262  -0.001182   0.000304   0.000297  0.0000095  0.0000201    0.000312    0.000170
1988   4  16  47267   0.142640   0.382092   0.1864079   0.0025440   0.000732  -0.001112   0.001159   0.001137  0.0000313  0.0000174    0.001034    0.000522
1988   4  17  47268   0.144387   0.380317   0.1840143   0.0022227   0.001039  -0.001108   0.001372   0.001459  0.0000254  0.0000235    0.001159    0.000460
1988   4  18  47269   0.146560   0.379319   0.1819748   0.0018516   0.000421  -0.001143   0.000627   0.000659  0.0000156  0.0000231    0.000693    0.000275
1988   4  19  47270   0.149167   0.378897   0.1802968   0.0015122  -0.001097  -0.001321   0.000665   0.000658  0.0000208  0.0000197    0.000741    0.000271
1988   4  20  47271   0.150842   0.378100   0.1789193   0.0012661  -0.002332  -0.001670   0.000775   0.000854  0.0000238  0.0000187    0.000835    0.000220
1988   4  21  47272   0.152085   0.376327   0.1777284   0.0011401  -0.002311  -0.001980   0.000511   0.000696  0.0000166  0.0000196    0.000930    0.000168
1988   4  22  47273   0.154159   0.374651   0.1766059   0.0011139  -0.001084  -0.002029   0.000518   0.000608  0.0000154  0.0000152    0.000758    0.000185
1988   4  23  47274   0.154539   0.374654   0.1754739   0.0011700   0.000406  -0.001926   0.000542   0.000484  0.0000138  0.0000143    0.000570    0.000220
1988   4  24  47275   0.154726   0.375044   0.1742467   0.0012960   0.001174  -0.001879   0.000528   0.000443  0.0000132  0.0000139    0.000515    0.000243
1988   4  25  47276   0.156443   0.373724   0.1728712   0.0014515   0.001053  -0.001899   0.001633   0.001184  0.0000139  0.0000384    0.000538    0.000262
1988   4  26  47277   0.158912   0.370397   0.1713425   0.0016019   0.000560  -0.001798   0.003460   0.002141  0.0000636  0.0000270    0.002536    0.001344
1988   4  27  47278   0.160568   0.367126   0.1696758   0.0017393   0.000370  -0.001424   0.001120   0.001639  0.0000401  0.0000439    0.001401    0.000702
1988   4  28  47279   0.160855   0.366561   0.1678809   0.0018702   0.000808  -0.000907   0.000672   0.001116  0.0000242  0.0000321    0.000809    0.000399
1988   4  29  47280   0.160482   0.367222   0.1659588   0.0019729   0.001291  -0.000681   0.000884   0.001483  0.0000241  0.0000614    0.000799    0.000394
1988   4  30  47281   0.160316   0.366687   0.1639623   0.0019897   0.001336  -0.000931   0.002863   0.004622  0.0000987  0.0000539    0.002892    0.001355
1988   5   1  47282   0.161385   0.364448   0.1620065   0.0018832   0.000865  -0.001409   0.002417   0.002698  0.0000837  0.0000628    0.002528    0.000633
1988   5   2  47283   0.164153   0.362189   0.1602173   0.0016737  -0.000035  -0.001711   0.000738   0.000830  0.0000270  0.0000499    0.000997    0.000280
1988   5   3  47284   0.167800   0.361069   0.1586682   0.0014314  -0.001149  -0.001616   0.000427   0.000483  0.0000160  0.0000241    0.000694    0.000244
1988   5   4  47285   0.169862   0.360356   0.1573463   0.0012381  -0.002199  -0.001292   0.000585   0.000661  0.0000213  0.0000439    0.000960    0.000372
1988   5   5  47286   0.169947   0.359481   0.1561659   0.0011518  -0.002727  -0.001036   0.001691   0.001816  0.0000718  0.0000839    0.002928    0.001043
1988   5   6  47287   0.169619   0.358027   0.1550043   0.0011936  -0.002405  -0.001044   0.003437   0.003729  0.0001465  0.0000478    0.004203    0.001375
1988   5   7  47288   0.169650   0.356091   0.1537379   0.0013498  -0.001231  -0.001295   0.000869   0.000939  0.0000237  0.0000794    0.000959    0.000401
1988   5   8  47289   0.170026   0.353941   0.1522725   0.0015838   0.000246  -0.001661   0.000464   0.000498  0.0000124  0.0000179    0.000506    0.000214
1988   5   9  47290   0.170439   0.351809   0.1505553   0.0018511   0.001239  -0.002009   0.000456   0.000490  0.0000121  0.0000122    0.000494    0.000209
1988   5  10  47291   0.170892   0.349939   0.1485773   0.0021026   0.001342  -0.002218   0.001106   0.001183  0.0000121  0.0000107    0.000494    0.000209
1988   5  11  47292   0.171726   0.348479   0.1463793   0.0022829   0.000706  -0.002222   0.003828   0.003807  0.0000093  0.0000106    0.000413    0.000181
1988   5  12  47293   0.173095   0.347232   0.1440573   0.0023411  -0.000122  -0.002025   0.000643   0.000676  0.0000091  0.0000092    0.000408    0.000179
1988   5  13  47294   0.174539   0.345566   0.1417484   0.0022538  -0.000557  -0.001707   0.000343   0.000361  0.0000091  0.0000091    0.000408    0.000179
1988   5  14  47295   0.175418   0.343056   0.1395925   0.0020427  -0.000357  -0.001397   0.000336   0.000354  0.0000091  0.0000094    0.000408    0.000179
1988   5  15  47296   0.175709   0.340304   0.1376856   0.0017681   0.000197  -0.001238   0.000351   0.000367  0.0000096  0.0000115    0.000426    0.000179
1988   5  16  47297   0.175925   0.338529   0.1360537   0.0014997   0.000587  -0.001309   0.000507   0.000495  0.0000139  0.0000117    0.000597    0.000177
1988   5  17  47298   0.176419   0.338235   0.1346625   0.0012846   0.000494  -0.001562   0.000519   0.000505  0.0000138  0.0000140    0.000602    0.000186
1988   5  18  47299   0.176839   0.338221   0.1334496   0.0011382   0.000064  -0.001818   0.000585   0.000566  0.0000140  0.0000159    0.000647    0.000237
1988   5  19  47300   0.176165   0.336044   0.1323504   0.0010556   0.000022  -0.001816   0.000812   0.000813  0.0000181  0.0000173    0.000870    0.000323
1988   5  20  47301   0.175393   0.333685   0.1313089   0.0010423   0.000025  -0.001581   0.001088   0.001075  0.0000206  0.0000156    0.001002    0.000316
1988   5  21  47302   0.174899   0.331744   0.1302451   0.0011135  -0.000031  -0.001441   0.000642   0.000521  0.0000131  0.0000178    0.000579    0.000211
1988   5  22  47303   0.176234   0.329591   0.1290704   0.0012524   0.000222  -0.001655   0.000711   0.000492  0.0000150  0.0000165    0.000546    0.000229
1988   5  23  47304   0.176855   0.327684   0.1277378   0.0014167   0.000616  -0.001920   0.001215   0.000654  0.0000199  0.0000270    0.000570    0.000276
1988   5  24  47305   0.176221   0.325666   0.1262433   0.0015709   0.000834  -0.001897   0.001318   0.000535  0.0000390  0.0000310    0.000916    0.000490
1988   5  25  47306   0.176110   0.323813   0.1246100   0.0016898   0.000796  -0.001617   0.001249   0.000525  0.0000421  0.0000322    0.000972    0.000525
1988   5  26  47307   0.176360   0.322333   0.1228835   0.0017545   0.000497  -0.001276   0.001621   0.001654  0.0000255  0.0000259    0.000861    0.000504
1988   5  27  47308   0.175890   0.320633   0.1211241   0.0017536   0.000068  -0.001122   0.000786   0.000976  0.0000097  0.0000176    0.000495    0.000381
1988   5  28  47309   0.174557   0.318627   0.1194007   0.0016818  -0.000263  -0.001293   0.000482   0.000564  0.0000097  0.0000097    0.000495    0.000380
1988   5  29  47310   0.172947   0.316671   0.1177825   0.0015437  -0.000355  -0.001726   0.000476   0.000556  0.0000097  0.0000097    0.000495    0.000380
1988   5  30  47311   0.171508   0.314946   0.1163274   0.0013569  -0.000274  -0.002232   0.000521   0.000608  0.0000097  0.0000104    0.000495    0.000380
1988   5  31  47312   0.170318   0.313284   0.1150680   0.0011543  -0.000220  -0.002624   0.002275   0.002009  0.0000111  0.0000105    0.000357    0.000187
1988   6   1  47313   0.169299   0.311416   0.1139985   0.0009823  -0.000332  -0.002776   0.000930   0.000804  0.0000113  0.0000112    0.000350    0.000181
1988   6   2  47314   0.168451   0.309268   0.1130658   0.0008910  -0.000586  -0.002630   0.000513   0.000442  0.0000113  0.0000113    0.000350    0.000181
1988   6   3  47315   0.167969   0.307138   0.1121716   0.0009175  -0.000862  -0.002227   0.000627   0.000538  0.0000113  0.0000150    0.000351    0.000182
1988   6   4  47316   0.167389   0.305160   0.1111932   0.0010644  -0.001067  -0.001765   0.001153   0.000936  0.0000188  0.0000176    0.000560    0.000274
1988   6   5  47317   0.166495   0.303407   0.1100250   0.0012891  -0.001170  -0.001521   0.000844   0.000671  0.0000239  0.0000190    0.000689    0.000322
1988   6   6  47318   0.165733   0.301895   0.1086222   0.0015172  -0.001159  -0.001660   0.000557   0.000495  0.0000192  0.0000189    0.000618    0.000295
1988   6   7  47319   0.165401   0.300376   0.1070202   0.0016748  -0.001033  -0.002075   0.000361   0.000343  0.0000139  0.0000164    0.000504    0.000249
1988   6   8  47320   0.165414   0.298607   0.1053161   0.0017166  -0.000841  -0.002468   0.000361   0.000344  0.0000137  0.0000138    0.000499    0.000246
1988   6   9  47321   0.165436   0.296631   0.1036333   0.0016311  -0.000723  -0.002581   0.001095   0.001039  0.0000137  0.0000122    0.000498    0.000246
1988   6  10  47322   0.165154   0.294664   0.1020928   0.0014319  -0.000835  -0.002344   0.003832   0.003591  0.0000107  0.0000121    0.000343    0.000245
1988   6  11  47323   0.164621   0.292812   0.1007929   0.0011538  -0.001224  -0.001889   0.000580   0.000583  0.0000106  0.0000107    0.000336    0.000245
1988   6  12  47324   0.164305   0.290975   0.0997884   0.0008518  -0.001773  -0.001454   0.000374   0.000377  0.0000106  0.0000106    0.000336    0.000245
1988   6  13  47325   0.164499   0.289008   0.0990728   0.0005918  -0.002267  -0.001235   0.000515   0.000530  0.0000106  0.0000106    0.000336    0.000245
1988   6  14  47326   0.164789   0.286887   0.0985743   0.0004290  -0.002471  -0.001267   0.001197   0.001561  0.0000106  0.0000125    0.000336    0.000245
1988   6  15  47327   0.164932   0.284797   0.0981790   0.0003849  -0.002253  -0.001430   0.002350   0.001891  0.0000144  0.0000127    0.000573    0.000246
1988   6  16  47328   0.165291   0.282989   0.0977720   0.0004389  -0.001643  -0.001558   0.001243   0.001119  0.0000148  0.0000143    0.000620    0.000243
1988   6  17  47329   0.165799   0.281543   0.0972772   0.0005410  -0.000863  -0.001573   0.000653   0.000652  0.0000143  0.0000130    0.000622    0.000220
1988   6  18  47330   0.165578   0.280230   0.0966763   0.0006378  -0.000403  -0.001502   0.000563   0.000440  0.0000113  0.0000104    0.000583    0.000165
1988   6  19  47331   0.163940   0.277585   0.0959978   0.0007172  -0.001338  -0.001269   0.000284   0.000215  0.0000064  0.0000084    0.000398    0.000126
1988   6  20  47332   0.163015   0.274328   0.0952473   0.0007993  -0.002397  -0.001194   0.000237   0.000182  0.0000056  0.0000103    0.000356    0.000123
1988   6  21  47333   0.163856   0.271843   0.0944124   0.0008793  -0.002361  -0.001394   0.000599   0.000469  0.0000141  0.0000111    0.000769    0.000302
1988   6  22  47334   0.164406   0.269717   0.0935073   0.0009262  -0.002385  -0.001450   0.000715   0.000628  0.0000166  0.0000158    0.000784    0.000313
1988   6  23  47335   0.164418   0.267859   0.0925811   0.0009069  -0.003683  -0.001135   0.000606   0.000570  0.0000174  0.0000197    0.000699    0.000234
1988   6  24  47336   0.165291   0.265526   0.0917147   0.0008087  -0.005363  -0.000896   0.000836   0.000807  0.0000229  0.0000191    0.000708    0.000216
1988   6  25  47337   0.166895   0.263470   0.0909831   0.0006466  -0.006118  -0.001063   0.001793   0.001454  0.0000208  0.0000170    0.000667    0.000206
1988   6  26  47338   0.168219   0.262305   0.0904361   0.0004440  -0.005488  -0.001470   0.000667   0.000476  0.0000111  0.0000159    0.000479    0.000179
1988   6  27  47339   0.168824   0.260953   0.0900999   0.0002274  -0.003854  -0.001776   0.000600   0.000434  0.0000111  0.0000111    0.000479    0.000179
1988   6  28  47340   0.168894   0.258629   0.0899697   0.0000376  -0.002158  -0.001788   0.000890   0.000657  0.0000111  0.0000111    0.000479    0.000179
1988   6  29  47341   0.168892   0.256269   0.0899936  -0.0000702  -0.001144  -0.001594   0.002232   0.001720  0.0000111  0.0000120    0.000479    0.000179
1988   6  30  47342   0.169033   0.254649   0.0900646  -0.0000470  -0.001008  -0.001363   0.003383   0.002628  0.0000130  0.0000121    0.000482    0.000220
1988   7   1  47343   0.169117   0.253247   0.0900414   0.0001191  -0.001611  -0.001210   0.001342   0.001018  0.0000132  0.0000131    0.000482    0.000222
1988   7   2  47344   0.168817   0.251171   0.0897970   0.0003881  -0.002752  -0.001214   0.000669   0.000502  0.0000133  0.0000146    0.000485    0.000223
1988   7   3  47345   0.168065   0.248378   0.0892648   0.0006853  -0.004163  -0.001398   0.000499   0.000456  0.0000159  0.0000373    0.000561    0.000257
1988   7   4  47346   0.167096   0.246704   0.0884560   0.0009289  -0.005344  -0.001576   0.000438   0.000547  0.0000614  0.0000522    0.001361    0.000491
1988   7   5  47347   0.166205   0.246851   0.0874559   0.0010525  -0.005894  -0.001489   0.000696   0.000752  0.0000885  0.0000464    0.002066    0.000610
1988   7   6  47348   0.165403   0.245268   0.0864033   0.0010227  -0.006171  -0.001191   0.001217   0.000825  0.0000315  0.0000521    0.001379    0.000502
1988   7   7  47349   0.166770   0.241717   0.0854522   0.0008499  -0.006496  -0.000901   0.000679   0.000534  0.0000156  0.0000228    0.000858    0.000279
1988   7   8  47350   0.168288   0.239077   0.0847267   0.0005699  -0.006627  -0.000963   0.000511   0.000437  0.0000141  0.0000155    0.000675    0.000223
1988   7   9  47351   0.168067   0.237225   0.0843154   0.0002636  -0.006801  -0.001135   0.000605   0.000532  0.0000154  0.0000212    0.000642    0.000217
1988   7  10  47352   0.166209   0.235192   0.0841850   0.0000483  -0.007134  -0.001191   0.001168   0.000993  0.0000282  0.0000251    0.001082    0.000330
1988   7  11  47353   0.165265   0.233244   0.0841916  -0.0000427  -0.007252  -0.001341   0.000993   0.000982  0.0000348  0.0000304    0.001060    0.000361
1988   7  12  47354   0.166396   0.231332   0.0842369  -0.0000746  -0.006979  -0.001699   0.000752   0.001193  0.0000326  0.0000373    0.000781    0.000341
1988   7  13  47355   0.164762   0.229239   0.0843076  -0.0000565  -0.006524  -0.002050   0.001047   0.001035  0.0000398  0.0000344    0.001069    0.000460
1988   7  14  47356   0.162176   0.226944   0.0843228   0.0000654  -0.006058  -0.002172   0.001521   0.000835  0.0000363  0.0000358    0.001401    0.000649
1988   7  15  47357   0.162556   0.224978   0.0841594   0.0002811  -0.005776  -0.001841   0.002019   0.001050  0.0000318  0.0000235    0.001305    0.000654
1988   7  16  47358   0.164328   0.223376   0.0837541   0.0005188  -0.005853  -0.001204   0.001203   0.000650  0.0000108  0.0000206    0.000348    0.000133
1988   7  17  47359   0.164304   0.221808   0.0831258   0.0007088  -0.006402  -0.000678   0.000392   0.000213  0.0000094  0.0000101    0.000301    0.000115
1988   7  18  47360   0.162920   0.220150   0.0823490   0.0008165  -0.007363  -0.000548   0.000379   0.000207  0.0000094  0.0000094    0.000301    0.000115
1988   7  19  47361   0.162180   0.218385   0.0815114   0.0008429  -0.008420  -0.000734   0.000942   0.000519  0.0000094  0.0000189    0.000303    0.000116
1988   7  20  47362   0.162661   0.216407   0.0806848   0.0008079  -0.009171  -0.000943   0.002288   0.001545  0.0000285  0.0000173    0.001051    0.000297
1988   7  21  47363   0.162573   0.213999   0.0799166   0.0007378  -0.009429  -0.001020   0.000882   0.000881  0.0000251  0.0000237    0.001023    0.000339
1988   7  22  47364   0.160369   0.211346   0.0792271   0.0006608  -0.009290  -0.001038   0.000635   0.000904  0.0000189  0.0000229    0.000793    0.000404
1988   7  23  47365   0.158354   0.209629   0.0786083   0.0005780  -0.008865  -0.001307   0.000681   0.000800  0.0000207  0.0000215    0.000798    0.000518
1988   7  24  47366   0.157398   0.208105   0.0780773   0.0004613  -0.008569  -0.001658   0.000581   0.000442  0.0000241  0.0000195    0.000576    0.000208
1988   7  25  47367   0.156346   0.206196   0.0776803   0.0003078  -0.008912  -0.001536   0.000476   0.000382  0.0000182  0.0000211    0.000403    0.000134
1988   7  26  47368   0.154980   0.204438   0.0774400   0.0001665  -0.009722  -0.000947   0.000536   0.000547  0.0000182  0.0000187    0.000514    0.000179
1988   7  27  47369   0.153757   0.201469   0.0773083   0.0001380  -0.009609  -0.000761   0.000569   0.000592  0.0000192  0.0000210    0.000689    0.000237
1988   7  28  47370   0.151801   0.199398   0.0771154   0.0002991  -0.008689  -0.001004   0.000897   0.000722  0.0000238  0.0000259    0.000721    0.000287
1988   7  29  47371   0.149482   0.197575   0.0766682   0.0006139  -0.007844  -0.001306   0.001493   0.000837  0.0000326  0.0000232    0.000717    0.000330
1988   7  30  47372   0.148353   0.195702   0.0758706   0.0009570  -0.007582  -0.001353   0.000955   0.000625  0.0000226  0.0000219    0.000697    0.000293
1988   7  31  47373   0.148765   0.193792   0.0747720   0.0011963  -0.008071  -0.001094   0.000482   0.000303  0.0000112  0.0000154    0.000495    0.000177
1988   8   1  47374   0.148563   0.191759   0.0735265   0.0012756  -0.008950  -0.000855   0.000335   0.000200  0.0000082  0.0000094    0.000381    0.000157
1988   8   2  47375   0.148122   0.189928   0.0722831   0.0012092  -0.009574  -0.000863   0.000359   0.000210  0.0000075  0.0000121    0.000349    0.000161
1988   8   3  47376   0.147013   0.188328   0.0711632   0.0010299  -0.009705  -0.000998   0.001033   0.000667  0.0000159  0.0000246    0.000664    0.000353
1988   8   4  47377   0.144147   0.186569   0.0702561   0.0007863  -0.009578  -0.001082   0.001749   0.001180  0.0000416  0.0000192    0.001247    0.001397
1988   8   5  47378   0.141819   0.184389   0.0695969   0.0005351  -0.009513  -0.001096   0.001089   0.000814  0.0000225  0.0000265    0.000994    0.000438
1988   8   6  47379   0.140751   0.182129   0.0691706   0.0003171  -0.009663  -0.001169   0.000521   0.000457  0.0000115  0.0000151    0.000575    0.000185
1988   8   7  47380   0.140087   0.180152   0.0689344   0.0001495  -0.009979  -0.001392   0.000279   0.000251  0.0000077  0.0000091    0.000423    0.000110
1988   8   8  47381   0.138955   0.178602   0.0688383   0.0000428  -0.010224  -0.001657   0.000249   0.000224  0.0000067  0.0000072    0.000381    0.000093
1988   8   9  47382   0.136893   0.177087   0.0688158   0.0000172  -0.010163  -0.001844   0.000575   0.000526  0.0000067  0.0000092    0.000380    0.000093
1988   8  10  47383   0.134271   0.175039   0.0687755   0.0000875  -0.009785  -0.001898   0.000691   0.000656  0.0000117  0.0000093    0.000453    0.000219
1988   8  11  47384   0.132583   0.172867   0.0686202   0.0002432  -0.009303  -0.001740   0.000467   0.000437  0.0000119  0.0000118    0.000454    0.000226
1988   8  12  47385   0.132640   0.171332   0.0682788   0.0004464  -0.008980  -0.001345   0.000617   0.000572  0.0000119  0.0000119    0.000454    0.000226
1988   8  13  47386   0.132787   0.170202   0.0677281   0.0006501  -0.008966  -0.000846   0.000946   0.000857  0.0000119  0.0000116    0.000454    0.000226
1988   8  14  47387   0.131784   0.169102   0.0669894   0.0008179  -0.009281  -0.000495   0.001532   0.001513  0.0000112  0.0000115    0.000701    0.000151
1988   8  15  47388   0.129668   0.167859   0.0661108   0.0009291  -0.009827  -0.000445   0.000786   0.000796  0.0000111  0.0000112    0.000740    0.000148
1988   8  16  47389   0.127174   0.166576   0.0651539   0.0009727  -0.010395  -0.000608   0.000477   0.000483  0.0000111  0.0000111    0.000740    0.000148
1988   8  17  47390   0.124783   0.165557   0.0641885   0.0009431  -0.010772  -0.000795   0.000450   0.000456  0.0000111  0.0000111    0.000740    0.000148
1988   8  18  47391   0.122645   0.164706   0.0632874   0.0008425  -0.010930  -0.000946   0.001556   0.001537  0.0000111  0.0000105    0.000740    0.000148
1988   8  19  47392   0.120745   0.163607   0.0625173   0.0006851  -0.011043  -0.001160   0.002641   0.002220  0.0000099  0.0000105    0.000510    0.000191
1988   8  20  47393   0.118861   0.162141   0.0619233   0.0004983  -0.011235  -0.001484   0.000473   0.000374  0.0000099  0.0000099    0.000500    0.000196
1988   8  21  47394   0.116757   0.160514   0.0615173   0.0003183  -0.011405  -0.001763   0.000435   0.000344  0.0000099  0.0000099    0.000500    0.000196
1988   8  22  47395   0.114431   0.158992   0.0612709   0.0001870  -0.011399  -0.001804   0.000437   0.000346  0.0000099  0.0000099    0.000500    0.000196
1988   8  23  47396   0.112249   0.157655   0.0611129   0.0001495  -0.011251  -0.001627   0.000992   0.000794  0.0000099  0.0000100    0.000500    0.000196
1988   8  24  47397   0.110492   0.156410   0.0609289   0.0002449  -0.011096  -0.001434   0.002790   0.002671  0.0000102  0.0000100    0.000534    0.000175
1988   8  25  47398   0.108779   0.155146   0.0605772   0.0004844  -0.010971  -0.001299   0.000727   0.000822  0.0000102  0.0000102    0.000537    0.000173
1988   8  26  47399   0.106005   0.153908   0.0599279   0.0008265  -0.010895  -0.001085   0.000464   0.000536  0.0000102  0.0000102    0.000537    0.000173
1988   8  27  47400   0.102061   0.152872   0.0589216   0.0011747  -0.010996  -0.000745   0.000586   0.000701  0.0000102  0.0000107    0.000537    0.000173
1988   8  28  47401   0.099164   0.152104   0.0576124   0.0014117  -0.011319  -0.000506   0.000820   0.001078  0.0000111  0.0000246    0.000582    0.000190
1988   8  29  47402   0.097750   0.151246   0.0561595   0.0014583  -0.011642  -0.000567   0.000911   0.001080  0.0000389  0.0000174    0.001453    0.001008
1988   8  30  47403   0.096583   0.149969   0.0547634   0.0013139  -0.011773  -0.000800   0.000698   0.000792  0.0000237  0.0000263    0.001013    0.000434
1988   8  31  47404   0.094511   0.148458   0.0535827   0.0010521  -0.011819  -0.000972   0.000486   0.000529  0.0000138  0.0000185    0.000624    0.000233
1988   9   1  47405   0.092096   0.147649   0.0526802   0.0007634  -0.011811  -0.001192   0.000618   0.000601  0.0000132  0.0000142    0.000583    0.000238
1988   9   2  47406   0.089035   0.146150   0.0520468   0.0005177  -0.011942  -0.001473   0.001137   0.000912  0.0000145  0.0000140    0.000619    0.000287
1988   9   3  47407   0.086188   0.144371   0.0516153   0.0003632  -0.012191  -0.001711   0.001351   0.001137  0.0000149  0.0000146    0.000641    0.000294
1988   9   4  47408   0.084115   0.143493   0.0512833   0.0003154  -0.012380  -0.001779   0.000582   0.000613  0.0000148  0.0000148    0.000832    0.000240
1988   9   5  47409   0.082253   0.143545   0.0509488   0.0003583  -0.012365  -0.001674   0.000554   0.000585  0.0000148  0.0000148    0.000834    0.000239
1988   9   6  47410   0.080037   0.143674   0.0505367   0.0004559  -0.011947  -0.001598   0.000561   0.000593  0.0000148  0.0000153    0.000834    0.000239
1988   9   7  47411   0.077841   0.142825   0.0500145   0.0005690  -0.011072  -0.001676   0.001436   0.001493  0.0000159  0.0000240    0.000806    0.000246
1988   9   8  47412   0.076257   0.140730   0.0493851   0.0006735  -0.010057  -0.001725   0.001823   0.002647  0.0000332  0.0000204    0.000698    0.000293
1988   9   9  47413   0.074793   0.138478   0.0486639   0.0007692  -0.009453  -0.001402   0.000811   0.001025  0.0000250  0.0000253    0.000692    0.000274
1988   9  10  47414   0.071841   0.138043   0.0478537   0.0008713  -0.009661  -0.000574   0.000496   0.000525  0.0000174  0.0000235    0.000705    0.000246
1988   9  11  47415   0.067840   0.139054   0.0469374   0.0009888  -0.010805   0.000523   0.000631   0.000648  0.0000220  0.0000304    0.000900    0.000331
1988   9  12  47416   0.065396   0.139635   0.0458984   0.0010973  -0.011819   0.001035   0.001320   0.001341  0.0000434  0.0000276    0.001212    0.000644
1988   9  13  47417   0.064725   0.138748   0.0447677   0.0011509  -0.011995   0.000601   0.001071   0.001835  0.0000331  0.0000280    0.001086    0.000604
1988   9  14  47418   0.063672   0.136809   0.0436197   0.0011231  -0.011521  -0.000363   0.000649   0.000828  0.0000126  0.0000229    0.000579    0.000250
1988   9  15  47419   0.060765   0.135039   0.0425389   0.0010180  -0.010981  -0.001227   0.000414   0.000477  0.0000126  0.0000126    0.000578    0.000250
1988   9  16  47420   0.057672   0.134367   0.0415921   0.0008657  -0.010886  -0.001627   0.000457   0.000526  0.0000126  0.0000131    0.000576    0.000249
1988   9  17  47421   0.054970   0.134463   0.0408051   0.0007100  -0.011113  -0.001691   0.000934   0.000982  0.0000137  0.0000133    0.000459    0.000190
1988   9  18  47422   0.052009   0.134323   0.0401582   0.0005955  -0.011150  -0.001720   0.000681   0.000549  0.0000140  0.0000138    0.000441    0.000182
1988   9  19  47423   0.049186   0.133443   0.0395883   0.0005626  -0.010754  -0.001850   0.000615   0.000496  0.0000138  0.0000139    0.000473    0.000204
1988   9  20  47424   0.046302   0.132195   0.0389964   0.0006445  -0.010594  -0.001899   0.000577   0.000503  0.0000138  0.0000147    0.000609    0.000353
1988   9  21  47425   0.042932   0.131357   0.0382571   0.0008582  -0.011348  -0.001677   0.000560   0.000562  0.0000156  0.0000156    0.000648    0.000352
1988   9  22  47426   0.039524   0.131267   0.0372425   0.0011850  -0.012128  -0.001366   0.000645   0.000720  0.0000175  0.0000164    0.000669    0.000338
1988   9  23  47427   0.036182   0.131368   0.0358689   0.0015602  -0.012122  -0.001061   0.001190   0.001297  0.0000172  0.0000154    0.000675    0.000307
1988   9  24  47428   0.032584   0.130941   0.0341348   0.0018901  -0.011517  -0.000762   0.000554   0.000605  0.0000132  0.0000152    0.000698    0.000193
1988   9  25  47429   0.029023   0.130162   0.0321341   0.0020820  -0.010882  -0.000613   0.000360   0.000394  0.0000132  0.0000132    0.000698    0.000192
1988   9  26  47430   0.025952   0.129529   0.0300366   0.0020803  -0.010598  -0.000705   0.000503   0.000550  0.0000132  0.0000132    0.000698    0.000192
1988   9  27  47431   0.023205   0.128946   0.0280378   0.0018907  -0.010712  -0.000845   0.001498   0.001599  0.0000132  0.0000122    0.000698    0.000192
1988   9  28  47432   0.020309   0.128483   0.0262961   0.0015794  -0.011228  -0.000752   0.002241   0.002234  0.0000111  0.0000121    0.000530    0.000278
1988   9  29  47433   0.017014   0.128763   0.0248863   0.0012418  -0.011983  -0.000504   0.000727   0.000763  0.0000110  0.0000110    0.000522    0.000290
1988   9  30  47434   0.013242   0.129642   0.0237901   0.0009636  -0.012362  -0.000525   0.000366   0.000385  0.0000110  0.0000110    0.000522    0.000290
1988  10   1  47435   0.009007   0.129898   0.0229203   0.0007963  -0.011724  -0.001040   0.000447   0.000471  0.0000110  0.0000110    0.000522    0.000290
1988  10   2  47436   0.004358   0.129456   0.0221564   0.0007565  -0.010245  -0.001725   0.001393   0.001453  0.0000110  0.0000109    0.000522    0.000290
1988  10   3  47437  -0.000152   0.129031   0.0213727   0.0008376  -0.008882  -0.002026   0.001765   0.002088  0.0000108  0.0000109    0.000497    0.000180
1988  10   4  47438  -0.003424   0.128849   0.0204559   0.0010167  -0.008500  -0.001672   0.000357   0.000452  0.0000108  0.0000109    0.000496    0.000176
1988  10   5  47439  -0.004934   0.128784   0.0193232   0.0012525  -0.009180  -0.000838   0.000358   0.000454  0.0000110  0.0000126    0.000503    0.000179
1988  10   6  47440  -0.005556   0.128799   0.0179440   0.0014876  -0.010244   0.000066   0.000474   0.000625  0.0000144  0.0000223    0.000642    0.000235
1988  10   7  47441  -0.007731   0.129376   0.0163506   0.0016690  -0.010478   0.000529   0.001041   0.001564  0.0000337  0.0000302    0.001183    0.000563
1988  10   8  47442  -0.010875   0.130195   0.0146180   0.0017733  -0.009550   0.000399   0.001137   0.001451  0.0000460  0.0000326    0.001497    0.000702
1988  10   9  47443  -0.012972   0.130887   0.0128238   0.0018123  -0.008963   0.000132   0.000862   0.001050  0.0000315  0.0000319    0.001185    0.000436
1988  10  10  47444  -0.017417   0.132841   0.0110176   0.0018115  -0.009715   0.000028   0.000612   0.000572  0.0000178  0.0000238    0.000716    0.000242
1988  10  11  47445  -0.021402   0.134036   0.0092256   0.0017777  -0.010860  -0.000118   0.000834   0.000757  0.0000161  0.0000177    0.000652    0.000219
1988  10  12  47446  -0.024752   0.134675   0.0074831   0.0016975  -0.011687  -0.000346   0.001856   0.001655  0.0000175  0.0001114    0.000709    0.000238
1988  10  13  47447  -0.028490   0.135506   0.0058436   0.0015626  -0.012021  -0.000538   0.001663   0.001222  0.0002067  0.0001058    0.007459    0.003654
1988  10  14  47448  -0.032493   0.136174   0.0043596   0.0013881  -0.011974  -0.000646   0.001534   0.001175  0.0001941  0.0001711    0.006715    0.003701
1988  10  15  47449  -0.036419   0.136412   0.0030557   0.0012127  -0.011768  -0.000741   0.001616   0.001505  0.0001354  0.0001827    0.004690    0.002348
1988  10  16  47450  -0.040520   0.136931   0.0019096   0.0010856  -0.011283  -0.000939   0.002492   0.002404  0.0001713  0.0001201    0.005924    0.002775
1988  10  17  47451  -0.044308   0.137337   0.0008502   0.0010514  -0.010492  -0.001203   0.004633   0.001907  0.0001048  0.0000940    0.006383    0.001780
1988  10  18  47452  -0.047539   0.136723  -0.0002319   0.0011387  -0.009349  -0.001327   0.000938   0.001032  0.0000166  0.0000573    0.001113    0.000282
1988  10  19  47453  -0.049976   0.136897  -0.0014628   0.0013508  -0.007812  -0.001063   0.000534   0.000709  0.0000098  0.0000153    0.000664    0.000169
1988  10  20  47454  -0.051468   0.139730  -0.0029563   0.0016576  -0.006121  -0.000339   0.000749   0.001075  0.0000140  0.0000218    0.001021    0.000262
1988  10  21  47455  -0.053085   0.141234  -0.0047786   0.0019914  -0.004862   0.000507   0.001743   0.003138  0.0000338  0.0000780    0.002955    0.000883
1988  10  22  47456  -0.055418   0.141331  -0.0069120   0.0022576  -0.004526   0.001089   0.005970   0.003206  0.0001420  0.0000648    0.006695    0.004122
1988  10  23  47457  -0.058057   0.142223  -0.0092423   0.0023680  -0.005129   0.001127   0.004466   0.001725  0.0000957  0.0000763    0.004820    0.002786
1988  10  24  47458  -0.060565   0.143474  -0.0115859   0.0022795  -0.006204   0.000596   0.000707   0.000715  0.0000106  0.0000529    0.000583    0.000337
1988  10  25  47459  -0.063714   0.145066  -0.0137488   0.0020176  -0.007212  -0.000159   0.000451   0.000487  0.0000100  0.0000131    0.000552    0.000320
1988  10  26  47460  -0.067939   0.147163  -0.0155951   0.0016679  -0.007931  -0.000654   0.000620   0.000631  0.0000156  0.0000318    0.000848    0.000497
1988  10  27  47461  -0.071589   0.148494  -0.0170913   0.0013393  -0.008309  -0.000724   0.001525   0.001360  0.0000535  0.0000386    0.002560    0.001623
1988  10  28  47462  -0.074945   0.149743  -0.0183060   0.0011176  -0.008251  -0.000578   0.001665   0.001365  0.0000615  0.0000302    0.002331    0.001076
1988  10  29  47463  -0.078425   0.150985  -0.0193698   0.0010372  -0.007732  -0.000443   0.000534   0.000563  0.0000068  0.0000340    0.000266    0.000120
1988  10  30  47464  -0.081613   0.151781  -0.0204210   0.0010822  -0.007040  -0.000305   0.000280   0.000315  0.0000065  0.0000085    0.000253    0.000114
1988  10  31  47465  -0.084068   0.152679  -0.0215644   0.0012104  -0.006640  -0.000060   0.000403   0.000455  0.0000101  0.0000202    0.000393    0.000177
1988  11   1  47466  -0.085743   0.154442  -0.0228605   0.0013812  -0.006612   0.000177   0.001154   0.001525  0.0000339  0.0000288    0.001232    0.000583
1988  11   2  47467  -0.087382   0.156947  -0.0243354   0.0015691  -0.006538   0.000294   0.001779   0.002599  0.0000474  0.0000268    0.001154    0.000792
1988  11   3  47468  -0.090243   0.159116  -0.0259984   0.0017593  -0.005970   0.000361   0.000651   0.000700  0.0000196  0.0000293    0.000648    0.000320
1988  11   4  47469  -0.094159   0.160664  -0.0278450   0.0019310  -0.005123   0.000650   0.000348   0.000380  0.0000112  0.0000171    0.000417    0.000178
1988  11   5  47470  -0.097609   0.162251  -0.0298437   0.0020487  -0.004707   0.001264   0.000414   0.000458  0.0000145  0.0000151    0.000479    0.000197
1988  11   6  47471  -0.099944   0.163854  -0.0319203   0.0020683  -0.005132   0.001395   0.000499   0.000577  0.0000190  0.0000147    0.000505    0.000186
1988  11   7  47472  -0.101861   0.165489  -0.0339565   0.0019732  -0.005937   0.000905   0.000469   0.000592  0.0000148  0.0000163    0.000403    0.000134
1988  11   8  47473  -0.104376   0.167557  -0.0358447   0.0018134  -0.006315   0.000526   0.000479   0.000534  0.0000137  0.0000137    0.000422    0.000144
1988  11   9  47474  -0.107556   0.170394  -0.0375668   0.0016613  -0.006270   0.000521   0.000546   0.000456  0.0000126  0.0000121    0.000540    0.000219
1988  11  10  47475  -0.110740   0.173400  -0.0391605   0.0015313  -0.006222   0.000631   0.000517   0.000424  0.0000105  0.0000086    0.000596    0.000217
1988  11  11  47476  -0.113484   0.174463  -0.0406362   0.0013943  -0.005885   0.000525   0.000240   0.000212  0.0000046  0.0000070    0.000376    0.000112
1988  11  12  47477  -0.115621   0.175139  -0.0419707   0.0012592  -0.005338   0.000365   0.000200   0.000179  0.0000035  0.0000050    0.000296    0.000087
1988  11  13  47478  -0.117487   0.177467  -0.0431884   0.0011966  -0.004986   0.000423   0.000501   0.000459  0.0000054  0.0000095    0.000405    0.000124
1988  11  14  47479  -0.119602   0.180157  -0.0444031   0.0012708  -0.004879   0.000638   0.000633   0.000648  0.0000156  0.0000107    0.000613    0.000222
1988  11  15  47480  -0.121243   0.182361  -0.0457651   0.0014845  -0.004831   0.000842   0.000624   0.000663  0.0000160  0.0000158    0.000616    0.000224
1988  11  16  47481  -0.122336   0.184277  -0.0473941   0.0017859  -0.004642   0.000941   0.001174   0.002108  0.0000160  0.0000138    0.000616    0.000224
1988  11  17  47482  -0.123597   0.186457  -0.0493395   0.0020986  -0.004308   0.000956   0.001354   0.002667  0.0000116  0.0000137    0.000616    0.000190
1988  11  18  47483  -0.125053   0.189159  -0.0515718   0.0023460  -0.004016   0.000974   0.000847   0.000846  0.0000114  0.0000115    0.000616    0.000188
1988  11  19  47484  -0.126328   0.192194  -0.0539920   0.0024668  -0.003964   0.001058   0.000532   0.000530  0.0000114  0.0000114    0.000616    0.000188
1988  11  20  47485  -0.127368   0.195287  -0.0564540   0.0024299  -0.004161   0.001166   0.000432   0.000431  0.0000114  0.0000114    0.000616    0.000188
1988  11  21  47486  -0.128713   0.198389  -0.0588014   0.0022447  -0.004416   0.001185   0.001012   0.000998  0.0000114  0.0000107    0.000616    0.000188
1988  11  22  47487  -0.130926   0.201501  -0.0609091   0.0019604  -0.004553   0.001068   0.003143   0.002875  0.0000100  0.0000107    0.000571    0.000157
1988  11  23  47488  -0.133930   0.204380  -0.0627143   0.0016503  -0.004610   0.000884   0.000593   0.000608  0.0000099  0.0000099    0.000568    0.000155
1988  11  24  47489  -0.136839   0.206550  -0.0642293   0.0013896  -0.004760   0.000723   0.000376   0.000387  0.0000099  0.0000099    0.000568    0.000155
1988  11  25  47490  -0.138983   0.208126  -0.0655317   0.0012319  -0.005042   0.000608   0.000519   0.000534  0.0000099  0.0000099    0.000568    0.000155
1988  11  26  47491  -0.140916   0.210401  -0.0667362   0.0011964  -0.005278   0.000549   0.000891   0.000916  0.0000099  0.0000099    0.000568    0.000155
1988  11  27  47492  -0.142999   0.213824  -0.0679604   0.0012674  -0.005260   0.000609   0.000611   0.000591  0.0000098  0.0000099    0.000411    0.000195
1988  11  28  47493  -0.145029   0.217606  -0.0692942   0.0014076  -0.004946   0.000856   0.000307   0.000294  0.0000098  0.0000098    0.000404    0.000197
1988  11  29  47494  -0.146797   0.220732  -0.0707858   0.0015750  -0.004432   0.001257   0.000318   0.000304  0.0000097  0.0000096    0.000410    0.000182
1988  11  30  47495  -0.148648   0.223098  -0.0724439   0.0017372  -0.003833   0.001669   0.000393   0.000380  0.0000095  0.0000095    0.000433    0.000148
1988  12   1  47496  -0.151395   0.225799  -0.0742515   0.0018697  -0.003278   0.001948   0.000580   0.000574  0.0000093  0.0000094    0.000451    0.000134
1988  12   2  47497  -0.154861   0.228804  -0.0761678   0.0019489  -0.002867   0.002056   0.000900   0.000970  0.0000094  0.0000106    0.000457    0.000136
1988  12   3  47498  -0.156958   0.231428  -0.0781290   0.0019549  -0.002634   0.002031   0.000634   0.001040  0.0000118  0.0000106    0.000480    0.000299
1988  12   4  47499  -0.156398   0.233511  -0.0800551   0.0018781  -0.002526   0.001895   0.000423   0.000756  0.0000118  0.0000118    0.000480    0.000302
1988  12   5  47500  -0.155321   0.235907  -0.0818641   0.0017288  -0.002453   0.001639   0.000348   0.000637  0.0000118  0.0000118    0.000480    0.000302
1988  12   6  47501  -0.155993   0.239029  -0.0834958   0.0015379  -0.002424   0.001302   0.000851   0.001429  0.0000118  0.0000134    0.000480    0.000302
1988  12   7  47502  -0.158044   0.242276  -0.0849304   0.0013465  -0.002571   0.001015   0.003414   0.002690  0.0000150  0.0000136    0.000731    0.000310
1988  12   8  47503  -0.160019   0.245166  -0.0861904   0.0011903  -0.003013   0.000928   0.000863   0.000861  0.0000154  0.0000151    0.000778    0.000311
1988  12   9  47504  -0.161292   0.248134  -0.0873269   0.0010881  -0.003686   0.001082   0.000492   0.000487  0.0000153  0.0000136    0.000766    0.000302
1988  12  10  47505  -0.162150   0.251634  -0.0883973   0.0010418  -0.004294   0.001368   0.000368   0.000241  0.0000117  0.0000118    0.000533    0.000178
1988  12  11  47506  -0.162932   0.255067  -0.0894509   0.0010539  -0.004419   0.001577   0.000260   0.000145  0.0000084  0.0000100    0.000356    0.000111
1988  12  12  47507  -0.163739   0.257775  -0.0905444   0.0011428  -0.003879   0.001577   0.000320   0.000180  0.0000082  0.0000092    0.000350    0.000109
1988  12  13  47508  -0.164608   0.260508  -0.0917621   0.0013196  -0.003035   0.001452   0.000610   0.000510  0.0000100  0.0000091    0.000440    0.000205
1988  12  14  47509  -0.165680   0.263911  -0.0931869   0.0015536  -0.002499   0.001381   0.000361   0.000393  0.0000100  0.0000095    0.000449    0.000205
1988  12  15  47510  -0.167143   0.266826  -0.0948486   0.0017698  -0.002635   0.001444   0.000311   0.000316  0.0000089  0.0000109    0.000412    0.000129
1988  12  16  47511  -0.168007   0.268674  -0.0966874   0.0018892  -0.003205   0.001457   0.000429   0.000406  0.0000117  0.0000196    0.000551    0.000153
1988  12  17  47512  -0.167791   0.270840  -0.0985792   0.0018685  -0.003760   0.001377   0.001339   0.001029  0.0000303  0.0000167    0.001773    0.000476
1988  12  18  47513  -0.167317   0.274291  -0.1003790   0.0017060  -0.003979   0.001380   0.000677   0.000715  0.0000216  0.0000214    0.001499    0.000420
1988  12  19  47514  -0.166904   0.277879  -0.1019586   0.0014378  -0.003757   0.001602   0.000330   0.000353  0.0000126  0.0000187    0.000723    0.000209
1988  12  20  47515  -0.166017   0.280416  -0.1032424   0.0011319  -0.003264   0.001989   0.000430   0.000457  0.0000158  0.0000137    0.000841    0.000286
1988  12  21  47516  -0.166136   0.283539  -0.1042331   0.0008628  -0.002984   0.002211   0.000663   0.000750  0.0000149  0.0000134    0.001233    0.000719
1988  12  22  47517  -0.167048   0.287285  -0.1049983   0.0006858  -0.002947   0.002105   0.000578   0.000699  0.0000111  0.0000127    0.001058    0.000804
1988  12  23  47518  -0.167058   0.290098  -0.1056450   0.0006273  -0.002867   0.001797   0.000408   0.000428  0.0000105  0.0000107    0.000426    0.000301
1988  12  24  47519  -0.166086   0.292200  -0.1062917   0.0006799  -0.002702   0.001508   0.000452   0.000461  0.0000104  0.0000104    0.000364    0.000256
1988  12  25  47520  -0.164856   0.294473  -0.1070334   0.0008100  -0.002471   0.001396   0.001132   0.001153  0.0000104  0.0000104    0.000362    0.000254
1988  12  26  47521  -0.163926   0.297444  -0.1079260   0.0009771  -0.002180   0.001453   0.004096   0.004250  0.0000104  0.0000110    0.000362    0.000252
1988  12  27  47522  -0.163524   0.301274  -0.1089888   0.0011478  -0.001888   0.001557   0.001610   0.001733  0.0000116  0.0000110    0.000451    0.000176
1988  12  28  47523  -0.163439   0.305571  -0.1102126   0.0012975  -0.001694   0.001607   0.000768   0.000731  0.0000116  0.0000116    0.000451    0.000176
1988  12  29  47524  -0.163125   0.309435  -0.1115674   0.0014086  -0.001664   0.001615   0.000446   0.000415  0.0000116  0.0000116    0.000451    0.000176
1988  12  30  47525  -0.162036   0.311914  -0.1130088   0.0014701  -0.001784   0.001666   0.000555   0.000520  0.0000116  0.0000116    0.000451    0.000176
1988  12  31  47526  -0.160923   0.313631  -0.1144850   0.0014775  -0.002001   0.001790   0.001181   0.001178  0.0000116  0.0000114    0.000451    0.000176
