

                   INTERNATIONAL EARTH ROTATION AND REFERENCE SYSTEMS SERVICE
                        EARTH ORIENTATION PARAMETERS
                          EOP (IERS) 08 C04

  
             FORMAT(3(I4),I7,2(F11.6),2(F12.7),2(F11.6),2(F11.6),2(F11.7),2F12.6)
**********************************************************************************
  
      Date      MJD      x          y        UT1-UTC       LOD         dPsi      dEps       x Err     y Err   UT1-UTC Err  LOD Err    dPsi Err   dEpsilon Err
                         "          "           s           s            "         "        "          "          s           s            "         "
     (0h UTC)

1976   1   1  42778  -0.142200   0.194300   0.7258224   0.0024030   0.035082   0.001135   0.015000   0.015000  0.0019000  0.0007000    0.005000    0.002000
1976   1   2  42779  -0.143200   0.196600   0.7233963   0.0024470   0.035408   0.001371   0.015000   0.015000  0.0019000  0.0007000    0.005000    0.002000
1976   1   3  42780  -0.144100   0.199000   0.7209292   0.0025060   0.035647   0.001626   0.015000   0.015000  0.0019000  0.0007000    0.005000    0.002000
1976   1   4  42781  -0.144899   0.201301   0.7183831   0.0025760   0.035761   0.001721   0.015000   0.015000  0.0019000  0.0007000    0.005000    0.002000
1976   1   5  42782  -0.145799   0.203701   0.7157740   0.0026370   0.035774   0.001616   0.015000   0.015000  0.0019000  0.0007000    0.005000    0.002000
1976   1   6  42783  -0.146599   0.206201   0.7131179   0.0026700   0.035698   0.001424   0.015000   0.015000  0.0019000  0.0007000    0.005000    0.002000
1976   1   7  42784  -0.147299   0.208601   0.7104348   0.0026810   0.035539   0.001289   0.015000   0.015000  0.0019000  0.0007000    0.005000    0.002000
1976   1   8  42785  -0.147998   0.211102   0.7077667   0.0026620   0.035343   0.001258   0.015000   0.015000  0.0019000  0.0007000    0.005000    0.002000
1976   1   9  42786  -0.148698   0.213602   0.7051216   0.0026150   0.035199   0.001256   0.015000   0.015000  0.0019000  0.0007000    0.005000    0.002000
1976   1  10  42787  -0.149398   0.216102   0.7025425   0.0025490   0.035162   0.001194   0.015000   0.015000  0.0019000  0.0007000    0.005000    0.002000
1976   1  11  42788  -0.149998   0.218602   0.7000254   0.0024860   0.035202   0.001079   0.015000   0.015000  0.0019000  0.0007000    0.005000    0.002000
1976   1  12  42789  -0.150597   0.221203   0.6975683   0.0024210   0.035237   0.001014   0.015000   0.015000  0.0019000  0.0007000    0.005000    0.002000
1976   1  13  42790  -0.151097   0.223803   0.6951652   0.0023890   0.035215   0.001063   0.015000   0.015000  0.0019000  0.0007000    0.005000    0.002000
1976   1  14  42791  -0.151697   0.226403   0.6927751   0.0024060   0.035155   0.001145   0.015000   0.015000  0.0019000  0.0007000    0.005000    0.002000
1976   1  15  42792  -0.152096   0.229004   0.6903350   0.0024750   0.035132   0.001094   0.015000   0.015000  0.0019000  0.0007000    0.005000    0.002000
1976   1  16  42793  -0.152596   0.231604   0.6877959   0.0026030   0.035237   0.000861   0.015000   0.015000  0.0019000  0.0007000    0.005000    0.002000
1976   1  17  42794  -0.152996   0.234204   0.6850998   0.0027970   0.035499   0.000614   0.015000   0.015000  0.0019000  0.0007000    0.005000    0.002000
1976   1  18  42795  -0.153396   0.236804   0.6822017   0.0030110   0.035817   0.000592   0.015000   0.015000  0.0019000  0.0007000    0.005000    0.002000
1976   1  19  42796  -0.153795   0.239405   0.6790806   0.0032160   0.035997   0.000856   0.015000   0.015000  0.0019000  0.0007000    0.005000    0.002000
1976   1  20  42797  -0.154195   0.242005   0.6757775   0.0033770   0.035913   0.001217   0.015000   0.015000  0.0019000  0.0007000    0.005000    0.002000
1976   1  21  42798  -0.154495   0.244605   0.6723654   0.0034420   0.035638   0.001436   0.015000   0.015000  0.0019000  0.0007000    0.005000    0.002000
1976   1  22  42799  -0.154795   0.247305   0.6689343   0.0034140   0.035375   0.001441   0.015000   0.015000  0.0019000  0.0007000    0.005000    0.002000
1976   1  23  42800  -0.154994   0.249906   0.6655612   0.0033120   0.035254   0.001336   0.015000   0.015000  0.0019000  0.0007000    0.005000    0.002000
1976   1  24  42801  -0.155194   0.252506   0.6623221   0.0031620   0.035213   0.001234   0.015000   0.015000  0.0019000  0.0007000    0.005000    0.002000
1976   1  25  42802  -0.155394   0.255106   0.6592360   0.0030130   0.035093   0.001144   0.015000   0.015000  0.0019000  0.0007000    0.005000    0.002000
1976   1  26  42803  -0.155593   0.257607   0.6562849   0.0028970   0.034838   0.001015   0.015000   0.015000  0.0019000  0.0007000    0.005000    0.002000
1976   1  27  42804  -0.155693   0.260207   0.6534228   0.0028270   0.034590   0.000838   0.015000   0.015000  0.0019000  0.0007000    0.005000    0.002000
1976   1  28  42805  -0.155793   0.262707   0.6506107   0.0028090   0.034552   0.000690   0.015000   0.015000  0.0019000  0.0007000    0.005000    0.002000
1976   1  29  42806  -0.155893   0.265307   0.6477876   0.0028360   0.034753   0.000668   0.015000   0.015000  0.0019000  0.0007000    0.005000    0.002000
1976   1  30  42807  -0.155892   0.267808   0.6449255   0.0029010   0.035011   0.000796   0.015000   0.015000  0.0019000  0.0007000    0.005000    0.002000
1976   1  31  42808  -0.155892   0.270308   0.6419804   0.0029780   0.035137   0.000992   0.015000   0.015000  0.0019000  0.0007000    0.005000    0.002000
1976   2   1  42809  -0.155792   0.272808   0.6389723   0.0030340   0.035123   0.001122   0.015000   0.015000  0.0019000  0.0007000    0.005000    0.002000
1976   2   2  42810  -0.155691   0.275309   0.6359212   0.0030730   0.035072   0.001097   0.015000   0.015000  0.0019000  0.0007000    0.005000    0.002000
1976   2   3  42811  -0.155591   0.277709   0.6328471   0.0030680   0.035024   0.000936   0.015000   0.015000  0.0019000  0.0007000    0.005000    0.002000
1976   2   4  42812  -0.155391   0.280209   0.6297960   0.0030380   0.034940   0.000734   0.015000   0.015000  0.0019000  0.0007000    0.005000    0.002000
1976   2   5  42813  -0.155191   0.282609   0.6267819   0.0029780   0.034839   0.000571   0.015000   0.015000  0.0019000  0.0007000    0.005000    0.002000
1976   2   6  42814  -0.154990   0.285010   0.6238478   0.0028960   0.034821   0.000429   0.015000   0.015000  0.0019000  0.0007000    0.005000    0.002000
1976   2   7  42815  -0.154690   0.287410   0.6210037   0.0028020   0.034914   0.000237   0.015000   0.015000  0.0019000  0.0007000    0.005000    0.002000
1976   2   8  42816  -0.154290   0.289810   0.6182526   0.0027000   0.034992  -0.000017   0.015000   0.015000  0.0019000  0.0007000    0.005000    0.002000
1976   2   9  42817  -0.153990   0.292110   0.6155855   0.0026270   0.034931  -0.000213   0.015000   0.015000  0.0019000  0.0007000    0.005000    0.002000
1976   2  10  42818  -0.153489   0.294411   0.6129773   0.0025870   0.034784  -0.000213   0.015000   0.015000  0.0019000  0.0007000    0.005000    0.002000
1976   2  11  42819  -0.153089   0.296811   0.6103852   0.0025950   0.034698  -0.000042   0.015000   0.015000  0.0019000  0.0007000    0.005000    0.002000
1976   2  12  42820  -0.152589   0.299111   0.6077681   0.0026620   0.034723   0.000084   0.015000   0.015000  0.0019000  0.0007000    0.005000    0.002000
1976   2  13  42821  -0.151988   0.301312   0.6050400   0.0027920   0.034813  -0.000023   0.015000   0.015000  0.0019000  0.0007000    0.005000    0.002000
1976   2  14  42822  -0.151388   0.303612   0.6021659   0.0029620   0.034971  -0.000276   0.015000   0.015000  0.0019000  0.0007000    0.005000    0.002000
1976   2  15  42823  -0.150788   0.305912   0.5991008   0.0031570   0.035230  -0.000372   0.015000   0.015000  0.0019000  0.0007000    0.005000    0.002000
1976   2  16  42824  -0.150088   0.308112   0.5958627   0.0033090   0.035506  -0.000150   0.015000   0.015000  0.0019000  0.0007000    0.005000    0.002000
1976   2  17  42825  -0.149387   0.310313   0.5925106   0.0033900   0.035626   0.000208   0.015000   0.015000  0.0019000  0.0007000    0.005000    0.002000
1976   2  18  42826  -0.148687   0.312513   0.5891295   0.0033530   0.035531   0.000384   0.015000   0.015000  0.0019000  0.0007000    0.005000    0.002000
1976   2  19  42827  -0.147887   0.314713   0.5858384   0.0032240   0.035330   0.000274   0.015000   0.015000  0.0019000  0.0007000    0.005000    0.002000
1976   2  20  42828  -0.147087   0.316913   0.5827123   0.0030220   0.035158   0.000022   0.015000   0.015000  0.0019000  0.0007000    0.005000    0.002000
1976   2  21  42829  -0.146286   0.319014   0.5797892   0.0028260   0.035056  -0.000213   0.015000   0.015000  0.0019000  0.0007000    0.005000    0.002000
1976   2  22  42830  -0.145386   0.321214   0.5770501   0.0026700   0.034981  -0.000402   0.015000   0.015000  0.0019000  0.0007000    0.005000    0.002000
1976   2  23  42831  -0.144486   0.323314   0.5744390   0.0025720   0.034874  -0.000572   0.015000   0.015000  0.0019000  0.0007000    0.005000    0.002000
1976   2  24  42832  -0.143585   0.325415   0.5718939   0.0025380   0.034729  -0.000716   0.015000   0.015000  0.0019000  0.0007000    0.005000    0.002000
1976   2  25  42833  -0.142585   0.327415   0.5693428   0.0025620   0.034634  -0.000802   0.015000   0.015000  0.0019000  0.0007000    0.005000    0.002000
1976   2  26  42834  -0.141585   0.329515   0.5667447   0.0026390   0.034684  -0.000824   0.015000   0.015000  0.0019000  0.0007000    0.005000    0.002000
1976   2  27  42835  -0.140585   0.331515   0.5640576   0.0027380   0.034848  -0.000793   0.015000   0.015000  0.0019000  0.0007000    0.005000    0.002000
1976   2  28  42836  -0.139584   0.333516   0.5612685   0.0028370   0.035005  -0.000721   0.015000   0.015000  0.0019000  0.0007000    0.005000    0.002000
1976   2  29  42837  -0.138584   0.335516   0.5583884   0.0029280   0.035089  -0.000629   0.015000   0.015000  0.0019000  0.0007000    0.005000    0.002000
1976   3   1  42838  -0.137484   0.337416   0.5554223   0.0029870   0.035136  -0.000580   0.015000   0.015000  0.0019000  0.0007000    0.005000    0.002000
1976   3   2  42839  -0.136484   0.339316   0.5524262   0.0030110   0.035177  -0.000650   0.015000   0.015000  0.0019000  0.0007000    0.005000    0.002000
1976   3   3  42840  -0.135383   0.341217   0.5494011   0.0030110   0.035203  -0.000856   0.015000   0.015000  0.0019000  0.0007000    0.005000    0.002000
1976   3   4  42841  -0.134183   0.343117   0.5464020   0.0029760   0.035239  -0.001127   0.015000   0.015000  0.0019000  0.0007000    0.005000    0.002000
1976   3   5  42842  -0.133083   0.344917   0.5434559   0.0029240   0.035363  -0.001388   0.015000   0.015000  0.0019000  0.0007000    0.005000    0.002000
1976   3   6  42843  -0.131982   0.346718   0.5405537   0.0028700   0.035563  -0.001636   0.015000   0.015000  0.0019000  0.0007000    0.005000    0.002000
1976   3   7  42844  -0.130782   0.348518   0.5377126   0.0028260   0.035671  -0.001897   0.015000   0.015000  0.0019000  0.0007000    0.005000    0.002000
1976   3   8  42845  -0.129582   0.350318   0.5349025   0.0027990   0.035555  -0.002111   0.015000   0.015000  0.0019000  0.0007000    0.005000    0.002000
1976   3   9  42846  -0.128382   0.352018   0.5320894   0.0028140   0.035352  -0.002132   0.015000   0.015000  0.0019000  0.0007000    0.005000    0.002000
1976   3  10  42847  -0.127181   0.353719   0.5292463   0.0028820   0.035332  -0.001903   0.015000   0.015000  0.0019000  0.0007000    0.005000    0.002000
1976   3  11  42848  -0.125981   0.355419   0.5263042   0.0030120   0.035540  -0.001600   0.015000   0.015000  0.0019000  0.0007000    0.005000    0.002000
1976   3  12  42849  -0.124681   0.357119   0.5232021   0.0031910   0.035755  -0.001506   0.015000   0.015000  0.0019000  0.0007000    0.005000    0.002000
1976   3  13  42850  -0.123381   0.358719   0.5199000   0.0034090   0.035839  -0.001689   0.015000   0.015000  0.0019000  0.0007000    0.005000    0.002000
1976   3  14  42851  -0.122080   0.360420   0.5163739   0.0036370   0.035900  -0.001885   0.015000   0.015000  0.0019000  0.0007000    0.005000    0.002000
1976   3  15  42852  -0.120780   0.362020   0.5126528   0.0037930   0.036036  -0.001827   0.015000   0.015000  0.0019000  0.0007000    0.005000    0.002000
1976   3  16  42853  -0.119480   0.363720   0.5088207   0.0038610   0.036167  -0.001592   0.015000   0.015000  0.0019000  0.0007000    0.005000    0.002000
1976   3  17  42854  -0.118079   0.365321   0.5049686   0.0038140   0.036180  -0.001481   0.015000   0.015000  0.0019000  0.0007000    0.005000    0.002000
1976   3  18  42855  -0.116679   0.366921   0.5012245   0.0036700   0.036073  -0.001614   0.015000   0.015000  0.0019000  0.0007000    0.005000    0.002000
1976   3  19  42856  -0.115279   0.368521   0.4976554   0.0034670   0.035892  -0.001839   0.015000   0.015000  0.0019000  0.0007000    0.005000    0.002000
1976   3  20  42857  -0.113779   0.370221   0.4942783   0.0032830   0.035702  -0.002010   0.015000   0.015000  0.0019000  0.0007000    0.005000    0.002000
1976   3  21  42858  -0.112278   0.371822   0.4910722   0.0031500   0.035617  -0.002162   0.015000   0.015000  0.0019000  0.0007000    0.005000    0.002000
1976   3  22  42859  -0.110778   0.373422   0.4879550   0.0030870   0.035680  -0.002354   0.015000   0.015000  0.0019000  0.0007000    0.005000    0.002000
1976   3  23  42860  -0.109178   0.375122   0.4848779   0.0030860   0.035756  -0.002528   0.015000   0.015000  0.0019000  0.0007000    0.005000    0.002000
1976   3  24  42861  -0.107578   0.376722   0.4817668   0.0031420   0.035701  -0.002600   0.015000   0.015000  0.0019000  0.0007000    0.005000    0.002000
1976   3  25  42862  -0.105977   0.378423   0.4785847   0.0032130   0.035591  -0.002585   0.015000   0.015000  0.0019000  0.0007000    0.005000    0.002000
1976   3  26  42863  -0.104277   0.380123   0.4753376   0.0032920   0.035629  -0.002559   0.015000   0.015000  0.0019000  0.0007000    0.005000    0.002000
1976   3  27  42864  -0.102477   0.381823   0.4719945   0.0033710   0.035862  -0.002529   0.015000   0.015000  0.0019000  0.0007000    0.005000    0.002000
1976   3  28  42865  -0.100776   0.383524   0.4685924   0.0034270   0.036140  -0.002446   0.015000   0.015000  0.0019000  0.0007000    0.005000    0.002000
1976   3  29  42866  -0.098876   0.385224   0.4651513   0.0034410   0.036308  -0.002319   0.015000   0.015000  0.0019000  0.0007000    0.005000    0.002000
1976   3  30  42867  -0.097076   0.387024   0.4617122   0.0034310   0.036337  -0.002270   0.015000   0.015000  0.0019000  0.0007000    0.005000    0.002000
1976   3  31  42868  -0.095076   0.388724   0.4583081   0.0033830   0.036304  -0.002416   0.015000   0.015000  0.0019000  0.0007000    0.005000    0.002000
1976   4   1  42869  -0.093175   0.390525   0.4549620   0.0033160   0.036317  -0.002724   0.015000   0.015000  0.0019000  0.0007000    0.005000    0.002000
1976   4   2  42870  -0.091075   0.392225   0.4516779   0.0032530   0.036448  -0.003046   0.015000   0.015000  0.0019000  0.0007000    0.005000    0.002000
1976   4   3  42871  -0.089075   0.394025   0.4484658   0.0031750   0.036656  -0.003279   0.015000   0.015000  0.0019000  0.0007000    0.005000    0.002000
1976   4   4  42872  -0.086975   0.395725   0.4453107   0.0031170   0.036775  -0.003444   0.015000   0.015000  0.0019000  0.0007000    0.005000    0.002000
1976   4   5  42873  -0.084774   0.397526   0.4422085   0.0030930   0.036674  -0.003576   0.015000   0.015000  0.0019000  0.0007000    0.005000    0.002000
1976   4   6  42874  -0.082574   0.399326   0.4390984   0.0031150   0.036476  -0.003614   0.015000   0.015000  0.0019000  0.0007000    0.005000    0.002000
1976   4   7  42875  -0.080374   0.401026   0.4359603   0.0031820   0.036494  -0.003466   0.015000   0.015000  0.0019000  0.0007000    0.005000    0.002000
1976   4   8  42876  -0.078073   0.402827   0.4327152   0.0033150   0.036845  -0.003185   0.015000   0.015000  0.0019000  0.0007000    0.005000    0.002000
1976   4   9  42877  -0.075773   0.404527   0.4293221   0.0034870   0.037278  -0.002985   0.015000   0.015000  0.0019000  0.0007000    0.005000    0.002000
1976   4  10  42878  -0.073373   0.406227   0.4257340   0.0036710   0.037478  -0.003010   0.015000   0.015000  0.0019000  0.0007000    0.005000    0.002000
1976   4  11  42879  -0.070973   0.407927   0.4219749   0.0038480   0.037415  -0.003128   0.015000   0.015000  0.0019000  0.0007000    0.005000    0.002000
1976   4  12  42880  -0.068572   0.409628   0.4180688   0.0039500   0.037258  -0.003111   0.015000   0.015000  0.0019000  0.0007000    0.005000    0.002000
1976   4  13  42881  -0.066172   0.411228   0.4140997   0.0039510   0.037106  -0.002960   0.015000   0.015000  0.0019000  0.0007000    0.005000    0.002000
1976   4  14  42882  -0.063672   0.412828   0.4101926   0.0038440   0.036963  -0.002901   0.015000   0.015000  0.0019000  0.0007000    0.005000    0.002000
1976   4  15  42883  -0.061172   0.414428   0.4064285   0.0036550   0.036819  -0.003037   0.015000   0.015000  0.0019000  0.0007000    0.005000    0.002000
1976   4  16  42884  -0.058671   0.415929   0.4028803   0.0034400   0.036651  -0.003206   0.015000   0.015000  0.0019000  0.0007000    0.005000    0.002000
1976   4  17  42885  -0.056071   0.417429   0.3995382   0.0032530   0.036484  -0.003261   0.015000   0.015000  0.0019000  0.0007000    0.005000    0.002000
1976   4  18  42886  -0.053571   0.418929   0.3963531   0.0031300   0.036465  -0.003283   0.015000   0.015000  0.0019000  0.0007000    0.005000    0.002000
1976   4  19  42887  -0.050970   0.420330   0.3932540   0.0030770   0.036691  -0.003410   0.015000   0.015000  0.0019000  0.0007000    0.005000    0.002000
1976   4  20  42888  -0.048370   0.421730   0.3901699   0.0030780   0.036956  -0.003607   0.015000   0.015000  0.0019000  0.0007000    0.005000    0.002000
1976   4  21  42889  -0.045770   0.423030   0.3870788   0.0031180   0.036932  -0.003732   0.015000   0.015000  0.0019000  0.0007000    0.005000    0.002000
1976   4  22  42890  -0.043170   0.424230   0.3839317   0.0031660   0.036628  -0.003745   0.015000   0.015000  0.0019000  0.0007000    0.005000    0.002000
1976   4  23  42891  -0.040569   0.425431   0.3807486   0.0032160   0.036420  -0.003717   0.015000   0.015000  0.0019000  0.0007000    0.005000    0.002000
1976   4  24  42892  -0.037969   0.426531   0.3775145   0.0032490   0.036558  -0.003681   0.015000   0.015000  0.0019000  0.0007000    0.005000    0.002000
1976   4  25  42893  -0.035369   0.427631   0.3742604   0.0032550   0.036872  -0.003588   0.015000   0.015000  0.0019000  0.0007000    0.005000    0.002000
1976   4  26  42894  -0.032668   0.428632   0.3710243   0.0032310   0.037025  -0.003424   0.015000   0.015000  0.0019000  0.0007000    0.005000    0.002000
1976   4  27  42895  -0.030068   0.429632   0.3678071   0.0031880   0.036897  -0.003304   0.015000   0.015000  0.0019000  0.0007000    0.005000    0.002000
1976   4  28  42896  -0.027468   0.430432   0.3646550   0.0031150   0.036646  -0.003376   0.015000   0.015000  0.0019000  0.0007000    0.005000    0.002000
1976   4  29  42897  -0.024768   0.431232   0.3615709   0.0030420   0.036487  -0.003647   0.015000   0.015000  0.0019000  0.0007000    0.005000    0.002000
1976   4  30  42898  -0.022167   0.432033   0.3585688   0.0029730   0.036511  -0.003958   0.015000   0.015000  0.0019000  0.0007000    0.005000    0.002000
1976   5   1  42899  -0.019567   0.432633   0.3556297   0.0029200   0.036668  -0.004150   0.015000   0.015000  0.0019000  0.0007000    0.005000    0.002000
1976   5   2  42900  -0.016867   0.433233   0.3527196   0.0028960   0.036815  -0.004212   0.015000   0.015000  0.0019000  0.0007000    0.005000    0.002000
1976   5   3  42901  -0.014267   0.433733   0.3498155   0.0029110   0.036814  -0.004236   0.015000   0.015000  0.0019000  0.0007000    0.005000    0.002000
1976   5   4  42902  -0.011566   0.434234   0.3468824   0.0029740   0.036667  -0.004260   0.015000   0.015000  0.0019000  0.0007000    0.005000    0.002000
1976   5   5  42903  -0.008966   0.434534   0.3438503   0.0030880   0.036578  -0.004232   0.015000   0.015000  0.0019000  0.0007000    0.005000    0.002000
1976   5   6  42904  -0.006266   0.434834   0.3406901   0.0032370   0.036760  -0.004111   0.015000   0.015000  0.0019000  0.0007000    0.005000    0.002000
1976   5   7  42905  -0.003665   0.435135   0.3373660   0.0034240   0.037175  -0.003947   0.015000   0.015000  0.0019000  0.0007000    0.005000    0.002000
1976   5   8  42906  -0.000965   0.435235   0.3338529   0.0036010   0.037539  -0.003811   0.015000   0.015000  0.0019000  0.0007000    0.005000    0.002000
1976   5   9  42907   0.001635   0.435335   0.3301858   0.0037320   0.037606  -0.003678   0.015000   0.015000  0.0019000  0.0007000    0.005000    0.002000
1976   5  10  42908   0.004335   0.435335   0.3264027   0.0038020   0.037360  -0.003477   0.015000   0.015000  0.0019000  0.0007000    0.005000    0.002000
1976   5  11  42909   0.007036   0.435336   0.3226036   0.0037790   0.036955  -0.003264   0.015000   0.015000  0.0019000  0.0007000    0.005000    0.002000
1976   5  12  42910   0.009736   0.435136   0.3188745   0.0036670   0.036568  -0.003216   0.015000   0.015000  0.0019000  0.0007000    0.005000    0.002000
1976   5  13  42911   0.012436   0.434936   0.3152964   0.0034920   0.036304  -0.003385   0.015000   0.015000  0.0019000  0.0007000    0.005000    0.002000
1976   5  14  42912   0.015136   0.434736   0.3118903   0.0033150   0.036156  -0.003581   0.015000   0.015000  0.0019000  0.0007000    0.005000    0.002000
1976   5  15  42913   0.017837   0.434337   0.3086521   0.0031720   0.036103  -0.003608   0.015000   0.015000  0.0019000  0.0007000    0.005000    0.002000
1976   5  16  42914   0.020537   0.433937   0.3055240   0.0031070   0.036224  -0.003514   0.015000   0.015000  0.0019000  0.0007000    0.005000    0.002000
1976   5  17  42915   0.023237   0.433537   0.3024259   0.0030960   0.036568  -0.003494   0.015000   0.015000  0.0019000  0.0007000    0.005000    0.002000
1976   5  18  42916   0.026038   0.432938   0.2993168   0.0031150   0.036903  -0.003624   0.015000   0.015000  0.0019000  0.0007000    0.005000    0.002000
1976   5  19  42917   0.028838   0.432438   0.2961827   0.0031550   0.036859  -0.003807   0.015000   0.015000  0.0019000  0.0007000    0.005000    0.002000
1976   5  20  42918   0.031638   0.431738   0.2930106   0.0031850   0.036398  -0.003939   0.015000   0.015000  0.0019000  0.0007000    0.005000    0.002000
1976   5  21  42919   0.034438   0.431038   0.2898275   0.0031860   0.035928  -0.003996   0.015000   0.015000  0.0019000  0.0007000    0.005000    0.002000
1976   5  22  42920   0.037239   0.430339   0.2866564   0.0031610   0.035818  -0.003986   0.015000   0.015000  0.0019000  0.0007000    0.005000    0.002000
1976   5  23  42921   0.040039   0.429539   0.2835142   0.0031090   0.035966  -0.003897   0.015000   0.015000  0.0019000  0.0007000    0.005000    0.002000
1976   5  24  42922   0.042939   0.428639   0.2804581   0.0030190   0.035991  -0.003739   0.015000   0.015000  0.0019000  0.0007000    0.005000    0.002000
1976   5  25  42923   0.045839   0.427739   0.2774830   0.0029170   0.035708  -0.003605   0.015000   0.015000  0.0019000  0.0007000    0.005000    0.002000
1976   5  26  42924   0.048740   0.426740   0.2746189   0.0028020   0.035275  -0.003608   0.015000   0.015000  0.0019000  0.0007000    0.005000    0.002000
1976   5  27  42925   0.051640   0.425740   0.2718788   0.0026790   0.034946  -0.003768   0.015000   0.015000  0.0019000  0.0007000    0.005000    0.002000
1976   5  28  42926   0.054540   0.424740   0.2692547   0.0025810   0.034830  -0.003977   0.015000   0.015000  0.0019000  0.0007000    0.005000    0.002000
1976   5  29  42927   0.057541   0.423641   0.2667066   0.0025100   0.034893  -0.004104   0.015000   0.015000  0.0019000  0.0007000    0.005000    0.002000
1976   5  30  42928   0.060541   0.422541   0.2642225   0.0024750   0.035047  -0.004119   0.015000   0.015000  0.0019000  0.0007000    0.005000    0.002000
1976   5  31  42929   0.063541   0.421341   0.2617413   0.0024960   0.035172  -0.004081   0.015000   0.015000  0.0019000  0.0007000    0.005000    0.002000
1976   6   1  42930   0.066541   0.420141   0.2592152   0.0025540   0.035139  -0.004051   0.015000   0.015000  0.0019000  0.0007000    0.005000    0.002000
1976   6   2  42931   0.069542   0.418842   0.2566191   0.0026540   0.034934  -0.004025   0.015000   0.015000  0.0019000  0.0007000    0.005000    0.002000
1976   6   3  42932   0.072642   0.417542   0.2538980   0.0027800   0.034735  -0.003968   0.015000   0.015000  0.0019000  0.0007000    0.005000    0.002000
1976   6   4  42933   0.075642   0.416242   0.2510469   0.0029180   0.034743  -0.003855   0.015000   0.015000  0.0019000  0.0007000    0.005000    0.002000
1976   6   5  42934   0.078742   0.414942   0.2480808   0.0030180   0.034950  -0.003671   0.015000   0.015000  0.0019000  0.0007000    0.005000    0.002000
1976   6   6  42935   0.081743   0.413543   0.2450287   0.0030650   0.035124  -0.003397   0.015000   0.015000  0.0019000  0.0007000    0.005000    0.002000
1976   6   7  42936   0.084843   0.412143   0.2419756   0.0030380   0.035028  -0.003059   0.015000   0.015000  0.0019000  0.0007000    0.005000    0.002000
1976   6   8  42937   0.087943   0.410643   0.2389874   0.0029370   0.034633  -0.002782   0.015000   0.015000  0.0019000  0.0007000    0.005000    0.002000
1976   6   9  42938   0.091044   0.409144   0.2361213   0.0027780   0.034115  -0.002736   0.015000   0.015000  0.0019000  0.0007000    0.005000    0.002000
1976   6  10  42939   0.094144   0.407744   0.2334382   0.0025970   0.033679  -0.002950   0.015000   0.015000  0.0019000  0.0007000    0.005000    0.002000
1976   6  11  42940   0.097144   0.406144   0.2309181   0.0024390   0.033424  -0.003230   0.015000   0.015000  0.0019000  0.0007000    0.005000    0.002000
1976   6  12  42941   0.100244   0.404644   0.2285410   0.0023270   0.033361  -0.003337   0.015000   0.015000  0.0019000  0.0007000    0.005000    0.002000
1976   6  13  42942   0.103345   0.403045   0.2262319   0.0022920   0.033507  -0.003228   0.015000   0.015000  0.0019000  0.0007000    0.005000    0.002000
1976   6  14  42943   0.106345   0.401545   0.2239398   0.0023090   0.033827  -0.003074   0.015000   0.015000  0.0019000  0.0007000    0.005000    0.002000
1976   6  15  42944   0.109445   0.399945   0.2216076   0.0023490   0.034099  -0.003057   0.015000   0.015000  0.0019000  0.0007000    0.005000    0.002000
1976   6  16  42945   0.112445   0.398345   0.2192445   0.0023840   0.034028  -0.003211   0.015000   0.015000  0.0019000  0.0007000    0.005000    0.002000
1976   6  17  42946   0.115446   0.396646   0.2168584   0.0023950   0.033561  -0.003435   0.015000   0.015000  0.0019000  0.0007000    0.005000    0.002000
1976   6  18  42947   0.118446   0.395046   0.2144753   0.0023750   0.032996  -0.003608   0.015000   0.015000  0.0019000  0.0007000    0.005000    0.002000
1976   6  19  42948   0.121446   0.393346   0.2121162   0.0023260   0.032665  -0.003662   0.015000   0.015000  0.0019000  0.0007000    0.005000    0.002000
1976   6  20  42949   0.124347   0.391647   0.2098221   0.0022590   0.032576  -0.003597   0.015000   0.015000  0.0019000  0.0007000    0.005000    0.002000
1976   6  21  42950   0.127347   0.389947   0.2076060   0.0021780   0.032469  -0.003472   0.015000   0.015000  0.0019000  0.0007000    0.005000    0.002000
1976   6  22  42951   0.130247   0.388247   0.2054808   0.0020720   0.032158  -0.003368   0.015000   0.015000  0.0019000  0.0007000    0.005000    0.002000
1976   6  23  42952   0.133147   0.386547   0.2034517   0.0019840   0.031709  -0.003342   0.015000   0.015000  0.0019000  0.0007000    0.005000    0.002000
1976   6  24  42953   0.135948   0.384748   0.2015176   0.0018980   0.031302  -0.003387   0.015000   0.015000  0.0019000  0.0007000    0.005000    0.002000
1976   6  25  42954   0.138848   0.382948   0.1996475   0.0018370   0.031045  -0.003455   0.015000   0.015000  0.0019000  0.0007000    0.005000    0.002000
1976   6  26  42955   0.141648   0.381248   0.1978204   0.0018230   0.030962  -0.003507   0.015000   0.015000  0.0019000  0.0007000    0.005000    0.002000
1976   6  27  42956   0.144448   0.379348   0.1959863   0.0018540   0.031049  -0.003538   0.015000   0.015000  0.0019000  0.0007000    0.005000    0.002000
1976   6  28  42957   0.147249   0.377549   0.1940961   0.0019430   0.031240  -0.003545   0.015000   0.015000  0.0019000  0.0007000    0.005000    0.002000
1976   6  29  42958   0.149949   0.375749   0.1920850   0.0020770   0.031355  -0.003504   0.015000   0.015000  0.0019000  0.0007000    0.005000    0.002000
1976   6  30  42959   0.152649   0.373849   0.1899319   0.0022500   0.031210  -0.003395   0.015000   0.015000  0.0019000  0.0007000    0.005000    0.002000
1976   7   1  42960   0.155350   0.371950   0.1875928   0.0024160   0.030808  -0.003240   0.015000   0.015000  0.0019000  0.0007000    0.005000    0.002000
1976   7   2  42961   0.158050   0.370050   0.1850987   0.0025630   0.030373  -0.003089   0.015000   0.015000  0.0019000  0.0007000    0.005000    0.002000
1976   7   3  42962   0.160750   0.368150   0.1824836   0.0026550   0.030147  -0.002965   0.015000   0.015000  0.0019000  0.0007000    0.005000    0.002000
1976   7   4  42963   0.163350   0.366150   0.1798115   0.0026770   0.030164  -0.002836   0.015000   0.015000  0.0019000  0.0007000    0.005000    0.002000
1976   7   5  42964   0.165951   0.364251   0.1771613   0.0026320   0.030231  -0.002672   0.015000   0.015000  0.0019000  0.0007000    0.005000    0.002000
1976   7   6  42965   0.168551   0.362251   0.1745752   0.0025350   0.030119  -0.002531   0.015000   0.015000  0.0019000  0.0007000    0.005000    0.002000
1976   7   7  42966   0.171151   0.360251   0.1720991   0.0024160   0.029754  -0.002535   0.015000   0.015000  0.0019000  0.0007000    0.005000    0.002000
1976   7   8  42967   0.173751   0.358251   0.1697390   0.0023080   0.029255  -0.002743   0.015000   0.015000  0.0019000  0.0007000    0.005000    0.002000
1976   7   9  42968   0.176252   0.356252   0.1674679   0.0022440   0.028824  -0.003046   0.015000   0.015000  0.0019000  0.0007000    0.005000    0.002000
1976   7  10  42969   0.178752   0.354252   0.1652418   0.0022310   0.028615  -0.003238   0.015000   0.015000  0.0019000  0.0007000    0.005000    0.002000
1976   7  11  42970   0.181252   0.352252   0.1629966   0.0022670   0.028671  -0.003202   0.015000   0.015000  0.0019000  0.0007000    0.005000    0.002000
1976   7  12  42971   0.183653   0.350153   0.1606935   0.0023410   0.028894  -0.003011   0.015000   0.015000  0.0019000  0.0007000    0.005000    0.002000
1976   7  13  42972   0.186153   0.348153   0.1583024   0.0024220   0.029080  -0.002854   0.015000   0.015000  0.0019000  0.0007000    0.005000    0.002000
1976   7  14  42973   0.188553   0.346153   0.1558463   0.0024850   0.029037  -0.002867   0.015000   0.015000  0.0019000  0.0007000    0.005000    0.002000
1976   7  15  42974   0.190853   0.344053   0.1533442   0.0025130   0.028725  -0.003035   0.015000   0.015000  0.0019000  0.0007000    0.005000    0.002000
1976   7  16  42975   0.193154   0.342054   0.1508421   0.0024950   0.028284  -0.003230   0.015000   0.015000  0.0019000  0.0007000    0.005000    0.002000
1976   7  17  42976   0.195454   0.340054   0.1483649   0.0024540   0.027904  -0.003334   0.015000   0.015000  0.0019000  0.0007000    0.005000    0.002000
1976   7  18  42977   0.197754   0.337954   0.1459528   0.0023770   0.027677  -0.003326   0.015000   0.015000  0.0019000  0.0007000    0.005000    0.002000
1976   7  19  42978   0.199955   0.335955   0.1436077   0.0022920   0.027546  -0.003277   0.015000   0.015000  0.0019000  0.0007000    0.005000    0.002000
1976   7  20  42979   0.202155   0.333855   0.1413616   0.0022000   0.027381  -0.003262   0.015000   0.015000  0.0019000  0.0007000    0.005000    0.002000
1976   7  21  42980   0.204255   0.331855   0.1392145   0.0021160   0.027101  -0.003287   0.015000   0.015000  0.0019000  0.0007000    0.005000    0.002000
1976   7  22  42981   0.206255   0.329755   0.1371314   0.0020440   0.026733  -0.003299   0.015000   0.015000  0.0019000  0.0007000    0.005000    0.002000
1976   7  23  42982   0.208356   0.327656   0.1351032   0.0020270   0.026391  -0.003265   0.015000   0.015000  0.0019000  0.0007000    0.005000    0.002000
1976   7  24  42983   0.210256   0.325556   0.1330721   0.0020440   0.026206  -0.003228   0.015000   0.015000  0.0019000  0.0007000    0.005000    0.002000
1976   7  25  42984   0.212156   0.323456   0.1309980   0.0021120   0.026250  -0.003257   0.015000   0.015000  0.0019000  0.0007000    0.005000    0.002000
1976   7  26  42985   0.214056   0.321356   0.1288319   0.0022390   0.026473  -0.003343   0.015000   0.015000  0.0019000  0.0007000    0.005000    0.002000
1976   7  27  42986   0.215857   0.319257   0.1265168   0.0023950   0.026701  -0.003368   0.015000   0.015000  0.0019000  0.0007000    0.005000    0.002000
1976   7  28  42987   0.217557   0.317057   0.1240266   0.0025750   0.026719  -0.003223   0.015000   0.015000  0.0019000  0.0007000    0.005000    0.002000
1976   7  29  42988   0.219257   0.314857   0.1213825   0.0027240   0.026418  -0.002936   0.015000   0.015000  0.0019000  0.0007000    0.005000    0.002000
1976   7  30  42989   0.220958   0.312658   0.1185974   0.0028250   0.025885  -0.002671   0.015000   0.015000  0.0019000  0.0007000    0.005000    0.002000
1976   7  31  42990   0.222458   0.310458   0.1157603   0.0028360   0.025369  -0.002576   0.015000   0.015000  0.0019000  0.0007000    0.005000    0.002000
1976   8   1  42991   0.223958   0.308158   0.1129422   0.0027780   0.025113  -0.002650   0.015000   0.015000  0.0019000  0.0007000    0.005000    0.002000
1976   8   2  42992   0.225458   0.305858   0.1102241   0.0026520   0.025170  -0.002774   0.015000   0.015000  0.0019000  0.0007000    0.005000    0.002000
1976   8   3  42993   0.226759   0.303559   0.1076469   0.0025010   0.025351  -0.002857   0.015000   0.015000  0.0019000  0.0007000    0.005000    0.002000
1976   8   4  42994   0.228159   0.301159   0.1052168   0.0023630   0.025382  -0.002921   0.015000   0.015000  0.0019000  0.0007000    0.005000    0.002000
1976   8   5  42995   0.229359   0.298759   0.1029087   0.0022540   0.025145  -0.003042   0.015000   0.015000  0.0019000  0.0007000    0.005000    0.002000
1976   8   6  42996   0.230559   0.296359   0.1006906   0.0022020   0.024776  -0.003226   0.015000   0.015000  0.0019000  0.0007000    0.005000    0.002000
1976   8   7  42997   0.231660   0.293860   0.0984935   0.0021890   0.024524  -0.003379   0.015000   0.015000  0.0019000  0.0007000    0.005000    0.002000
1976   8   8  42998   0.232660   0.291360   0.0962863   0.0022330   0.024512  -0.003388   0.015000   0.015000  0.0019000  0.0007000    0.005000    0.002000
1976   8   9  42999   0.233660   0.288860   0.0940212   0.0022980   0.024652  -0.003234   0.015000   0.015000  0.0019000  0.0007000    0.005000    0.002000
1976   8  10  43000   0.234561   0.286261   0.0916921   0.0023470   0.024759  -0.003016   0.015000   0.015000  0.0019000  0.0007000    0.005000    0.002000
1976   8  11  43001   0.235361   0.283661   0.0893270   0.0023780   0.024726  -0.002873   0.015000   0.015000  0.0019000  0.0007000    0.005000    0.002000
1976   8  12  43002   0.236161   0.281061   0.0869499   0.0023690   0.024554  -0.002872   0.015000   0.015000  0.0019000  0.0007000    0.005000    0.002000
1976   8  13  43003   0.236861   0.278361   0.0846018   0.0023210   0.024283  -0.002976   0.015000   0.015000  0.0019000  0.0007000    0.005000    0.002000
1976   8  14  43004   0.237462   0.275662   0.0823086   0.0022510   0.023978  -0.003098   0.015000   0.015000  0.0019000  0.0007000    0.005000    0.002000
1976   8  15  43005   0.238062   0.272962   0.0800955   0.0021600   0.023757  -0.003187   0.015000   0.015000  0.0019000  0.0007000    0.005000    0.002000
1976   8  16  43006   0.238462   0.270262   0.0779814   0.0020690   0.023715  -0.003266   0.015000   0.015000  0.0019000  0.0007000    0.005000    0.002000
1976   8  17  43007   0.238862   0.267462   0.0759583   0.0019800   0.023785  -0.003375   0.015000   0.015000  0.0019000  0.0007000    0.005000    0.002000
1976   8  18  43008   0.239263   0.264663   0.0740162   0.0019170   0.023753  -0.003498   0.015000   0.015000  0.0019000  0.0007000    0.005000    0.002000
1976   8  19  43009   0.239463   0.261863   0.0721220   0.0018850   0.023489  -0.003556   0.015000   0.015000  0.0019000  0.0007000    0.005000    0.002000
1976   8  20  43010   0.239663   0.258963   0.0702319   0.0018950   0.023128  -0.003486   0.015000   0.015000  0.0019000  0.0007000    0.005000    0.002000
1976   8  21  43011   0.239764   0.256164   0.0683058   0.0019640   0.022943  -0.003345   0.015000   0.015000  0.0019000  0.0007000    0.005000    0.002000
1976   8  22  43012   0.239864   0.253264   0.0662857   0.0020960   0.023052  -0.003275   0.015000   0.015000  0.0019000  0.0007000    0.005000    0.002000
1976   8  23  43013   0.239764   0.250364   0.0640986   0.0022750   0.023324  -0.003345   0.015000   0.015000  0.0019000  0.0007000    0.005000    0.002000
1976   8  24  43014   0.239664   0.247464   0.0617254   0.0024850   0.023543  -0.003441   0.015000   0.015000  0.0019000  0.0007000    0.005000    0.002000
1976   8  25  43015   0.239565   0.244565   0.0591283   0.0027030   0.023582  -0.003368   0.015000   0.015000  0.0019000  0.0007000    0.005000    0.002000
1976   8  26  43016   0.239265   0.241665   0.0563432   0.0028670   0.023423  -0.003079   0.015000   0.015000  0.0019000  0.0007000    0.005000    0.002000
1976   8  27  43017   0.238965   0.238765   0.0534111   0.0029620   0.023101  -0.002751   0.015000   0.015000  0.0019000  0.0007000    0.005000    0.002000
1976   8  28  43018   0.238565   0.235865   0.0504420   0.0029600   0.022702  -0.002600   0.015000   0.015000  0.0019000  0.0007000    0.005000    0.002000
1976   8  29  43019   0.238166   0.232866   0.0475178   0.0028780   0.022369  -0.002668   0.015000   0.015000  0.0019000  0.0007000    0.005000    0.002000
1976   8  30  43020   0.237566   0.229966   0.0447017   0.0027510   0.022232  -0.002827   0.015000   0.015000  0.0019000  0.0007000    0.005000    0.002000
1976   8  31  43021   0.237066   0.227066   0.0420046   0.0026270   0.022327  -0.002954   0.015000   0.015000  0.0019000  0.0007000    0.005000    0.002000
1976   9   1  43022   0.236367   0.224067   0.0394245   0.0025420   0.022551  -0.003035   0.015000   0.015000  0.0019000  0.0007000    0.005000    0.002000
1976   9   2  43023   0.235667   0.221167   0.0369004   0.0025150   0.022740  -0.003109   0.015000   0.015000  0.0019000  0.0007000    0.005000    0.002000
1976   9   3  43024   0.234867   0.218267   0.0343632   0.0025490   0.022806  -0.003184   0.015000   0.015000  0.0019000  0.0007000    0.005000    0.002000
1976   9   4  43025   0.234067   0.215367   0.0317761   0.0026330   0.022810  -0.003225   0.015000   0.015000  0.0019000  0.0007000    0.005000    0.002000
1976   9   5  43026   0.233168   0.212468   0.0290880   0.0027460   0.022851  -0.003195   0.015000   0.015000  0.0019000  0.0007000    0.005000    0.002000
1976   9   6  43027   0.232268   0.209568   0.0262909   0.0028650   0.022923  -0.003084   0.015000   0.015000  0.0019000  0.0007000    0.005000    0.002000
1976   9   7  43028   0.231268   0.206668   0.0233717   0.0029680   0.022935  -0.002910   0.015000   0.015000  0.0019000  0.0007000    0.005000    0.002000
1976   9   8  43029   0.230268   0.203768   0.0203646   0.0030380   0.022850  -0.002723   0.015000   0.015000  0.0019000  0.0007000    0.005000    0.002000
1976   9   9  43030   0.229169   0.200969   0.0173095   0.0030670   0.022705  -0.002597   0.015000   0.015000  0.0019000  0.0007000    0.005000    0.002000
1976   9  10  43031   0.228069   0.198169   0.0142434   0.0030600   0.022526  -0.002591   0.015000   0.015000  0.0019000  0.0007000    0.005000    0.002000
1976   9  11  43032   0.226869   0.195269   0.0112083   0.0030260   0.022334  -0.002709   0.015000   0.015000  0.0019000  0.0007000    0.005000    0.002000
1976   9  12  43033   0.225670   0.192570   0.0082061   0.0029670   0.022228  -0.002892   0.015000   0.015000  0.0019000  0.0007000    0.005000    0.002000
1976   9  13  43034   0.224470   0.189770   0.0052650   0.0029160   0.022342  -0.003082   0.015000   0.015000  0.0019000  0.0007000    0.005000    0.002000
1976   9  14  43035   0.223170   0.187070   0.0023809   0.0028560   0.022632  -0.003260   0.015000   0.015000  0.0019000  0.0007000    0.005000    0.002000
1976   9  15  43036   0.221970   0.184370  -0.0004562   0.0028210   0.022826  -0.003423   0.015000   0.015000  0.0019000  0.0007000    0.005000    0.002000
1976   9  16  43037   0.220671   0.181671  -0.0032853   0.0028230   0.022704  -0.003519   0.015000   0.015000  0.0019000  0.0007000    0.005000    0.002000
1976   9  17  43038   0.219271   0.179071  -0.0061265   0.0028700   0.022407  -0.003466   0.015000   0.015000  0.0019000  0.0007000    0.005000    0.002000
1976   9  18  43039   0.217971   0.176371  -0.0090316   0.0029580   0.022308  -0.003265   0.015000   0.015000  0.0019000  0.0007000    0.005000    0.002000
1976   9  19  43040   0.216571   0.173871  -0.0120597   0.0031060   0.022562  -0.003055   0.015000   0.015000  0.0019000  0.0007000    0.005000    0.002000
1976   9  20  43041   0.215172   0.171272  -0.0152578   0.0032860   0.022927  -0.003001   0.015000   0.015000  0.0019000  0.0007000    0.005000    0.002000
1976   9  21  43042   0.213772   0.168872  -0.0186400   0.0034860   0.023089  -0.003092   0.015000   0.015000  0.0019000  0.0007000    0.005000    0.002000
1976   9  22  43043   0.212372   0.166372  -0.0222151   0.0036700   0.023014  -0.003131   0.015000   0.015000  0.0019000  0.0007000    0.005000    0.002000
1976   9  23  43044   0.210873   0.163973  -0.0259592   0.0037930   0.022887  -0.002979   0.015000   0.015000  0.0019000  0.0007000    0.005000    0.002000
1976   9  24  43045   0.209373   0.161573  -0.0297713   0.0038140   0.022861  -0.002729   0.015000   0.015000  0.0019000  0.0007000    0.005000    0.002000
1976   9  25  43046   0.207973   0.159273  -0.0335634   0.0037450   0.022916  -0.002564   0.015000   0.015000  0.0019000  0.0007000    0.005000    0.002000
1976   9  26  43047   0.206473   0.156973  -0.0372376   0.0036020   0.022898  -0.002510   0.015000   0.015000  0.0019000  0.0007000    0.005000    0.002000
1976   9  27  43048   0.204974   0.154774  -0.0407487   0.0034220   0.022687  -0.002463   0.015000   0.015000  0.0019000  0.0007000    0.005000    0.002000
1976   9  28  43049   0.203374   0.152574  -0.0440998   0.0032760   0.022390  -0.002406   0.015000   0.015000  0.0019000  0.0007000    0.005000    0.002000
1976   9  29  43050   0.201874   0.150374  -0.0473209   0.0031780   0.022313  -0.002440   0.015000   0.015000  0.0019000  0.0007000    0.005000    0.002000
1976   9  30  43051   0.200274   0.148274  -0.0504771   0.0031460   0.022635  -0.002595   0.015000   0.015000  0.0019000  0.0007000    0.005000    0.002000
1976  10   1  43052   0.198775   0.146175  -0.0536302   0.0031680   0.023178  -0.002745   0.015000   0.015000  0.0019000  0.0007000    0.005000    0.002000
1976  10   2  43053   0.197175   0.144175  -0.0568343   0.0032230   0.023610  -0.002761   0.015000   0.015000  0.0019000  0.0007000    0.005000    0.002000
1976  10   3  43054   0.195575   0.142175  -0.0600904   0.0032890   0.023794  -0.002656   0.015000   0.015000  0.0019000  0.0007000    0.005000    0.002000
1976  10   4  43055   0.193976   0.140276  -0.0634105   0.0033480   0.023808  -0.002523   0.015000   0.015000  0.0019000  0.0007000    0.005000    0.002000
1976  10   5  43056   0.192376   0.138376  -0.0667777   0.0033820   0.023749  -0.002401   0.015000   0.015000  0.0019000  0.0007000    0.005000    0.002000
1976  10   6  43057   0.190676   0.136476  -0.0701538   0.0033740   0.023650  -0.002264   0.015000   0.015000  0.0019000  0.0007000    0.005000    0.002000
1976  10   7  43058   0.188976   0.134676  -0.0735139   0.0033400   0.023531  -0.002113   0.015000   0.015000  0.0019000  0.0007000    0.005000    0.002000
1976  10   8  43059   0.187377   0.132877  -0.0768240   0.0032750   0.023416  -0.002025   0.015000   0.015000  0.0019000  0.0007000    0.005000    0.002000
1976  10   9  43060   0.185677   0.131077  -0.0800482   0.0031810   0.023338  -0.002079   0.015000   0.015000  0.0019000  0.0007000    0.005000    0.002000
1976  10  10  43061   0.183877   0.129377  -0.0831943   0.0030900   0.023370  -0.002249   0.015000   0.015000  0.0019000  0.0007000    0.005000    0.002000
1976  10  11  43062   0.182178   0.127678  -0.0862404   0.0030070   0.023595  -0.002424   0.015000   0.015000  0.0019000  0.0007000    0.005000    0.002000
1976  10  12  43063   0.180378   0.125978  -0.0892135   0.0029430   0.023973  -0.002537   0.015000   0.015000  0.0019000  0.0007000    0.005000    0.002000
1976  10  13  43064   0.178578   0.124378  -0.0921367   0.0029190   0.024277  -0.002614   0.015000   0.015000  0.0019000  0.0007000    0.005000    0.002000
1976  10  14  43065   0.176778   0.122678  -0.0950658   0.0029360   0.024295  -0.002679   0.015000   0.015000  0.0019000  0.0007000    0.005000    0.002000
1976  10  15  43066   0.174879   0.121079  -0.0980239   0.0029880   0.024127  -0.002671   0.015000   0.015000  0.0019000  0.0007000    0.005000    0.002000
1976  10  16  43067   0.172979   0.119579  -0.1010690   0.0030990   0.024128  -0.002514   0.015000   0.015000  0.0019000  0.0007000    0.005000    0.002000
1976  10  17  43068   0.171079   0.117979  -0.1042362   0.0032540   0.024475  -0.002257   0.015000   0.015000  0.0019000  0.0007000    0.005000    0.002000
1976  10  18  43069   0.169079   0.116479  -0.1075863   0.0034390   0.024917  -0.002067   0.015000   0.015000  0.0019000  0.0007000    0.005000    0.002000
1976  10  19  43070   0.167080   0.114980  -0.1111074   0.0036210   0.025094  -0.002040   0.015000   0.015000  0.0019000  0.0007000    0.005000    0.002000
1976  10  20  43071   0.165080   0.113480  -0.1148185   0.0037820   0.024968  -0.002069   0.015000   0.015000  0.0019000  0.0007000    0.005000    0.002000
1976  10  21  43072   0.162980   0.111980  -0.1186497   0.0038660   0.024828  -0.002002   0.015000   0.015000  0.0019000  0.0007000    0.005000    0.002000
1976  10  22  43073   0.160881   0.110481  -0.1225198   0.0038670   0.024952  -0.001867   0.015000   0.015000  0.0019000  0.0007000    0.005000    0.002000
1976  10  23  43074   0.158781   0.109081  -0.1263529   0.0037770   0.025357  -0.001795   0.015000   0.015000  0.0019000  0.0007000    0.005000    0.002000
1976  10  24  43075   0.156581   0.107681  -0.1300540   0.0036180   0.025760  -0.001767   0.015000   0.015000  0.0019000  0.0007000    0.005000    0.002000
1976  10  25  43076   0.154381   0.106281  -0.1335871   0.0034520   0.025771  -0.001635   0.015000   0.015000  0.0019000  0.0007000    0.005000    0.002000
1976  10  26  43077   0.152082   0.104982  -0.1369813   0.0033270   0.025319  -0.001416   0.015000   0.015000  0.0019000  0.0007000    0.005000    0.002000
1976  10  27  43078   0.149782   0.103682  -0.1402724   0.0032670   0.024866  -0.001348   0.015000   0.015000  0.0019000  0.0007000    0.005000    0.002000
1976  10  28  43079   0.147382   0.102382  -0.1435265   0.0032590   0.024961  -0.001561   0.015000   0.015000  0.0019000  0.0007000    0.005000    0.002000
1976  10  29  43080   0.144982   0.101082  -0.1468146   0.0033020   0.025584  -0.001860   0.015000   0.015000  0.0019000  0.0007000    0.005000    0.002000
1976  10  30  43081   0.142583   0.099883  -0.1501348   0.0033480   0.026193  -0.001967   0.015000   0.015000  0.0019000  0.0007000    0.005000    0.002000
1976  10  31  43082   0.140083   0.098683  -0.1534989   0.0033760   0.026399  -0.001835   0.015000   0.015000  0.0019000  0.0007000    0.005000    0.002000
1976  11   1  43083   0.137583   0.097483  -0.1568820   0.0033850   0.026305  -0.001634   0.015000   0.015000  0.0019000  0.0007000    0.005000    0.002000
1976  11   2  43084   0.135084   0.096384  -0.1602691   0.0033660   0.026188  -0.001495   0.015000   0.015000  0.0019000  0.0007000    0.005000    0.002000
1976  11   3  43085   0.132484   0.095284  -0.1636143   0.0033170   0.026137  -0.001396   0.015000   0.015000  0.0019000  0.0007000    0.005000    0.002000
1976  11   4  43086   0.129884   0.094184  -0.1668944   0.0032400   0.026095  -0.001270   0.015000   0.015000  0.0019000  0.0007000    0.005000    0.002000
1976  11   5  43087   0.127184   0.093184  -0.1700765   0.0031300   0.026045  -0.001141   0.015000   0.015000  0.0019000  0.0007000    0.005000    0.002000
1976  11   6  43088   0.124585   0.092185  -0.1731516   0.0030100   0.026035  -0.001096   0.015000   0.015000  0.0019000  0.0007000    0.005000    0.002000
1976  11   7  43089   0.121785   0.091285  -0.1761078   0.0029040   0.026113  -0.001147   0.015000   0.015000  0.0019000  0.0007000    0.005000    0.002000
1976  11   8  43090   0.119085   0.090285  -0.1789559   0.0028050   0.026292  -0.001206   0.015000   0.015000  0.0019000  0.0007000    0.005000    0.002000
1976  11   9  43091   0.116285   0.089385  -0.1817260   0.0027310   0.026541  -0.001201   0.015000   0.015000  0.0019000  0.0007000    0.005000    0.002000
1976  11  10  43092   0.113486   0.088586  -0.1844302   0.0026930   0.026767  -0.001172   0.015000   0.015000  0.0019000  0.0007000    0.005000    0.002000
1976  11  11  43093   0.110586   0.087786  -0.1871273   0.0027060   0.026861  -0.001200   0.015000   0.015000  0.0019000  0.0007000    0.005000    0.002000
1976  11  12  43094   0.107686   0.086886  -0.1898584   0.0027530   0.026839  -0.001264   0.015000   0.015000  0.0019000  0.0007000    0.005000    0.002000
1976  11  13  43095   0.104787   0.086187  -0.1926465   0.0028400   0.026890  -0.001246   0.015000   0.015000  0.0019000  0.0007000    0.005000    0.002000
1976  11  14  43096   0.101787   0.085387  -0.1955487   0.0029690   0.027164  -0.001080   0.015000   0.015000  0.0019000  0.0007000    0.005000    0.002000
1976  11  15  43097   0.098787   0.084687  -0.1985998   0.0031220   0.027544  -0.000842   0.015000   0.015000  0.0019000  0.0007000    0.005000    0.002000
1976  11  16  43098   0.095787   0.083987  -0.2017899   0.0032640   0.027753  -0.000646   0.015000   0.015000  0.0019000  0.0007000    0.005000    0.002000
1976  11  17  43099   0.092688   0.083288  -0.2051050   0.0033660   0.027692  -0.000499   0.015000   0.015000  0.0019000  0.0007000    0.005000    0.002000
1976  11  18  43100   0.089588   0.082588  -0.2084982   0.0034090   0.027540  -0.000343   0.015000   0.015000  0.0019000  0.0007000    0.005000    0.002000
1976  11  19  43101   0.086488   0.081988  -0.2118953   0.0033690   0.027552  -0.000227   0.015000   0.015000  0.0019000  0.0007000    0.005000    0.002000
1976  11  20  43102   0.083288   0.081388  -0.2152134   0.0032590   0.027830  -0.000275   0.015000   0.015000  0.0019000  0.0007000    0.005000    0.002000
1976  11  21  43103   0.080189   0.080789  -0.2184005   0.0031140   0.028227  -0.000447   0.015000   0.015000  0.0019000  0.0007000    0.005000    0.002000
1976  11  22  43104   0.076889   0.080189  -0.2214477   0.0029930   0.028412  -0.000512   0.015000   0.015000  0.0019000  0.0007000    0.005000    0.002000
1976  11  23  43105   0.073689   0.079589  -0.2243948   0.0029240   0.028194  -0.000359   0.015000   0.015000  0.0019000  0.0007000    0.005000    0.002000
1976  11  24  43106   0.070390   0.079090  -0.2273079   0.0029110   0.027842  -0.000196   0.015000   0.015000  0.0019000  0.0007000    0.005000    0.002000
1976  11  25  43107   0.067090   0.078490  -0.2302440   0.0029580   0.027847  -0.000271   0.015000   0.015000  0.0019000  0.0007000    0.005000    0.002000
1976  11  26  43108   0.063690   0.077990  -0.2332312   0.0030270   0.028300  -0.000535   0.015000   0.015000  0.0019000  0.0007000    0.005000    0.002000
1976  11  27  43109   0.060390   0.077490  -0.2362843   0.0030880   0.028746  -0.000715   0.015000   0.015000  0.0019000  0.0007000    0.005000    0.002000
1976  11  28  43110   0.056991   0.077091  -0.2393994   0.0031250   0.028790  -0.000664   0.015000   0.015000  0.0019000  0.0007000    0.005000    0.002000
1976  11  29  43111   0.053491   0.076591  -0.2425256   0.0031320   0.028546  -0.000484   0.015000   0.015000  0.0019000  0.0007000    0.005000    0.002000
1976  11  30  43112   0.049991   0.076191  -0.2456437   0.0031000   0.028360  -0.000339   0.015000   0.015000  0.0019000  0.0007000    0.005000    0.002000
1976  12   1  43113   0.046491   0.075791  -0.2487168   0.0030420   0.028343  -0.000263   0.015000   0.015000  0.0019000  0.0007000    0.005000    0.002000
1976  12   2  43114   0.042992   0.075392  -0.2517309   0.0029740   0.028369  -0.000196   0.015000   0.015000  0.0019000  0.0007000    0.005000    0.002000
1976  12   3  43115   0.039392   0.074992  -0.2546611   0.0028830   0.028368  -0.000108   0.015000   0.015000  0.0019000  0.0007000    0.005000    0.002000
1976  12   4  43116   0.035792   0.074692  -0.2574982   0.0027930   0.028390  -0.000032   0.015000   0.015000  0.0019000  0.0007000    0.005000    0.002000
1976  12   5  43117   0.032193   0.074293  -0.2602513   0.0027070   0.028464   0.000003   0.015000   0.015000  0.0019000  0.0007000    0.005000    0.002000
1976  12   6  43118   0.028493   0.074093  -0.2629314   0.0026560   0.028535   0.000027   0.015000   0.015000  0.0019000  0.0007000    0.005000    0.002000
1976  12   7  43119   0.024793   0.073793  -0.2655656   0.0026290   0.028577   0.000068   0.015000   0.015000  0.0019000  0.0007000    0.005000    0.002000
1976  12   8  43120   0.021093   0.073593  -0.2681927   0.0026300   0.028643   0.000087   0.015000   0.015000  0.0019000  0.0007000    0.005000    0.002000
1976  12   9  43121   0.017294   0.073394  -0.2708398   0.0026820   0.028774   0.000023   0.015000   0.015000  0.0019000  0.0007000    0.005000    0.002000
1976  12  10  43122   0.013494   0.073294  -0.2735600   0.0027620   0.028920  -0.000108   0.015000   0.015000  0.0019000  0.0007000    0.005000    0.002000
1976  12  11  43123   0.009694   0.073094  -0.2763751   0.0028720   0.029032  -0.000193   0.015000   0.015000  0.0019000  0.0007000    0.005000    0.002000
1976  12  12  43124   0.005894   0.073094  -0.2793082   0.0029850   0.029139  -0.000133   0.015000   0.015000  0.0019000  0.0007000    0.005000    0.002000
1976  12  13  43125   0.001995   0.073095  -0.2823333   0.0030910   0.029279   0.000075   0.015000   0.015000  0.0019000  0.0007000    0.005000    0.002000
1976  12  14  43126  -0.001905   0.073095  -0.2854705   0.0031660   0.029394   0.000361   0.015000   0.015000  0.0019000  0.0007000    0.005000    0.002000
1976  12  15  43127  -0.005805   0.073195  -0.2886586   0.0032000   0.029384   0.000664   0.015000   0.015000  0.0019000  0.0007000    0.005000    0.002000
1976  12  16  43128  -0.009704   0.073296  -0.2918387   0.0031600   0.029236   0.000938   0.015000   0.015000  0.0019000  0.0007000    0.005000    0.002000
1976  12  17  43129  -0.013604   0.073496  -0.2949678   0.0030680   0.029046   0.001076   0.015000   0.015000  0.0019000  0.0007000    0.005000    0.002000
1976  12  18  43130  -0.017604   0.073696  -0.2979610   0.0029250   0.028932   0.000951   0.015000   0.015000  0.0019000  0.0007000    0.005000    0.002000
1976  12  19  43131  -0.021504   0.073996  -0.3008261   0.0027960   0.028934   0.000601   0.015000   0.015000  0.0019000  0.0007000    0.005000    0.002000
1976  12  20  43132  -0.025503   0.074297  -0.3035542   0.0026900   0.028968   0.000294   0.015000   0.015000  0.0019000  0.0007000    0.005000    0.002000
1976  12  21  43133  -0.029503   0.074697  -0.3062154   0.0026430   0.028938   0.000275   0.015000   0.015000  0.0019000  0.0007000    0.005000    0.002000
1976  12  22  43134  -0.033403   0.075197  -0.3088705   0.0026650   0.028912   0.000496   0.015000   0.015000  0.0019000  0.0007000    0.005000    0.002000
1976  12  23  43135  -0.037403   0.075697  -0.3115666   0.0027230   0.029078   0.000681   0.015000   0.015000  0.0019000  0.0007000    0.005000    0.002000
1976  12  24  43136  -0.041402   0.076298  -0.3143167   0.0027830   0.029430   0.000664   0.015000   0.015000  0.0019000  0.0007000    0.005000    0.002000
1976  12  25  43137  -0.045302   0.076898  -0.3171259   0.0028290   0.029682   0.000524   0.015000   0.015000  0.0019000  0.0007000    0.005000    0.002000
1976  12  26  43138  -0.049202   0.077598  -0.3199610   0.0028360   0.029600   0.000427   0.015000   0.015000  0.0019000  0.0007000    0.005000    0.002000
1976  12  27  43139  -0.053201   0.078399  -0.3227861   0.0028070   0.029299   0.000433   0.015000   0.015000  0.0019000  0.0007000    0.005000    0.002000
1976  12  28  43140  -0.057101   0.079199  -0.3255753   0.0027570   0.029067   0.000479   0.015000   0.015000  0.0019000  0.0007000    0.005000    0.002000
1976  12  29  43141  -0.060901   0.080099  -0.3282924   0.0026850   0.029006   0.000498   0.015000   0.015000  0.0019000  0.0007000    0.005000    0.002000
1976  12  30  43142  -0.064801   0.081099  -0.3309315   0.0026010   0.029014   0.000483   0.015000   0.015000  0.0019000  0.0007000    0.005000    0.002000
1976  12  31  43143  -0.068600   0.082100  -0.3334846   0.0025150   0.029028   0.000464   0.015000   0.015000  0.0019000  0.0007000    0.005000    0.002000
