

                   INTERNATIONAL EARTH ROTATION AND REFERENCE SYSTEMS SERVICE
                        EARTH ORIENTATION PARAMETERS
                          EOP (IERS) 08 C04

  
             FORMAT(3(I4),I7,2(F11.6),2(F12.7),2(F11.6),2(F11.6),2(F11.7),2F12.6)
**********************************************************************************
  
      Date      MJD      x          y        UT1-UTC       LOD         dPsi      dEps       x Err     y Err   UT1-UTC Err  LOD Err    dPsi Err   dEpsilon Err
                         "          "           s           s            "         "        "          "          s           s            "         "
     (0h UTC)

1985   1   1  46066   0.041690   0.021759  -0.1586237   0.0018628   0.000582   0.003961   0.001448   0.001114  0.0000228  0.0000223    0.001087    0.000347
1985   1   2  46067   0.038735   0.022066  -0.1604526   0.0017803   0.000490   0.004252   0.003755   0.005413  0.0000217  0.0000222    0.000743    0.000257
1985   1   3  46068   0.035024   0.022699  -0.1621751   0.0016544   0.000535   0.004417   0.001508   0.001636  0.0000217  0.0000217    0.000727    0.000252
1985   1   4  46069   0.031055   0.023325  -0.1637596   0.0015100   0.000737   0.004345   0.000749   0.000788  0.0000217  0.0000217    0.000727    0.000252
1985   1   5  46070   0.027598   0.023773  -0.1652035   0.0013790   0.001099   0.004062   0.000870   0.000915  0.0000217  0.0000216    0.000727    0.000252
1985   1   6  46071   0.024111   0.024238  -0.1665383   0.0012971   0.001592   0.003710   0.002828   0.003168  0.0000216  0.0000179    0.000727    0.000252
1985   1   7  46072   0.019663   0.024926  -0.1678297   0.0012972   0.002148   0.003442   0.002693   0.003079  0.0000142  0.0000177    0.000770    0.000356
1985   1   8  46073   0.014642   0.025566  -0.1691691   0.0013962   0.002642   0.003342   0.000430   0.000463  0.0000139  0.0000140    0.000774    0.000371
1985   1   9  46074   0.010177   0.025813  -0.1706526   0.0015856   0.002914   0.003391   0.000417   0.000449  0.0000139  0.0000139    0.000774    0.000371
1985   1  10  46075   0.006760   0.025983  -0.1723540   0.0018277   0.002842   0.003501   0.000468   0.000504  0.0000139  0.0000139    0.000774    0.000371
1985   1  11  46076   0.003335   0.027268  -0.1742997   0.0020654   0.002424   0.003599   0.001735   0.001971  0.0000139  0.0000211    0.000774    0.000371
1985   1  12  46077  -0.001295   0.030210  -0.1764561   0.0022379   0.001788   0.003681   0.004466   0.008414  0.0000283  0.0000234    0.001219    0.000359
1985   1  13  46078  -0.006406   0.033055  -0.1787342   0.0022990   0.001115   0.003789   0.002424   0.001718  0.0000329  0.0000306    0.001302    0.000358
1985   1  14  46079  -0.010098   0.033197  -0.1810107   0.0022298   0.000548   0.003927   0.002480   0.001698  0.0000329  0.0000329    0.001302    0.000358
1985   1  15  46080  -0.011891   0.030463  -0.1831580   0.0020433   0.000175   0.004042   0.003160   0.002127  0.0000329  0.0000329    0.001302    0.000358
1985   1  16  46081  -0.013930   0.028339  -0.1850766   0.0017814   0.000058   0.004076   0.004416   0.002880  0.0000329  0.0000310    0.001302    0.000358
1985   1  17  46082  -0.016962   0.029477  -0.1867197   0.0015051   0.000256   0.004003   0.007166   0.007921  0.0000291  0.0000308    0.001319    0.000449
1985   1  18  46083  -0.020273   0.033575  -0.1881050   0.0012769   0.000782   0.003832   0.005758   0.004319  0.0000288  0.0000289    0.001321    0.000460
1985   1  19  46084  -0.023285   0.037915  -0.1893059   0.0011420   0.001542   0.003580   0.003862   0.002318  0.0000288  0.0000288    0.001321    0.000460
1985   1  20  46085  -0.026808   0.039852  -0.1904260   0.0011130   0.002329   0.003287   0.003487   0.002021  0.0000288  0.0000288    0.001321    0.000460
1985   1  21  46086  -0.030369   0.039760  -0.1915637   0.0011702   0.002908   0.003033   0.005792   0.002891  0.0000288  0.0000419    0.001321    0.000460
1985   1  22  46087  -0.032917   0.040216  -0.1927861   0.0012745   0.003124   0.002916   0.006092   0.003103  0.0000550  0.0000436    0.002191    0.000694
1985   1  23  46088  -0.035246   0.042671  -0.1941190   0.0013869   0.002926   0.002979   0.003669   0.003316  0.0000583  0.0000484    0.002330    0.000712
1985   1  24  46089  -0.039779   0.045800  -0.1955546   0.0014836   0.002334   0.003161   0.002947   0.002323  0.0000419  0.0000424    0.002025    0.000592
1985   1  25  46090  -0.045516   0.046666  -0.1970725   0.0015596   0.001484   0.003346   0.002750   0.001594  0.0000265  0.0000320    0.001529    0.000424
1985   1  26  46091  -0.049426   0.046685  -0.1986546   0.0016101   0.000711   0.003473   0.003198   0.001593  0.0000222  0.0000241    0.001336    0.000365
1985   1  27  46092  -0.051911   0.048624  -0.2002710   0.0016193   0.000316   0.003572   0.006636   0.004932  0.0000217  0.0000234    0.001273    0.000329
1985   1  28  46093  -0.055060   0.051730  -0.2018729   0.0015744   0.000343   0.003688   0.001415   0.001963  0.0000246  0.0000232    0.001077    0.000222
1985   1  29  46094  -0.059440   0.053424  -0.2034039   0.0014736   0.000565   0.003804   0.000859   0.001193  0.0000246  0.0000246    0.001076    0.000221
1985   1  30  46095  -0.063865   0.052619  -0.2048111   0.0013261   0.000705   0.003846   0.001224   0.001659  0.0000246  0.0000246    0.001076    0.000221
1985   1  31  46096  -0.067213   0.052213  -0.2060545   0.0011498   0.000699   0.003769   0.002531   0.003017  0.0000246  0.0000269    0.001076    0.000222
1985   2   1  46097  -0.069193   0.053940  -0.2071171   0.0009739   0.000675   0.003597   0.007695   0.004895  0.0000292  0.0000271    0.001033    0.000268
1985   2   2  46098  -0.070417   0.056789  -0.2080184   0.0008391   0.000738   0.003369   0.002115   0.002056  0.0000296  0.0000294    0.001030    0.000273
1985   2   3  46099  -0.071981   0.059250  -0.2088227   0.0007894   0.000907   0.003099   0.001020   0.001037  0.0000296  0.0000296    0.001030    0.000273
1985   2   4  46100  -0.074582   0.061100  -0.2096339   0.0008555   0.001249   0.002821   0.001077   0.001098  0.0000296  0.0000296    0.001030    0.000273
1985   2   5  46101  -0.077734   0.062571  -0.2105713   0.0010381   0.001887   0.002648   0.004231   0.004318  0.0000296  0.0000227    0.001029    0.000273
1985   2   6  46102  -0.080399   0.063962  -0.2117357   0.0013024   0.002758   0.002684   0.003990   0.006390  0.0000157  0.0000224    0.000772    0.000302
1985   2   7  46103  -0.082199   0.065528  -0.2131777   0.0015850   0.003490   0.002881   0.000456   0.000761  0.0000153  0.0000155    0.000759    0.000305
1985   2   8  46104  -0.083636   0.067368  -0.2148799   0.0018142   0.003693   0.003057   0.000407   0.000680  0.0000153  0.0000153    0.000759    0.000305
1985   2   9  46105  -0.085430   0.069475  -0.2167598   0.0019334   0.003330   0.003106   0.000409   0.000682  0.0000153  0.0000153    0.000759    0.000305
1985   2  10  46106  -0.087839   0.071819  -0.2186944   0.0019194   0.002695   0.003102   0.000859   0.001428  0.0000153  0.0000159    0.000759    0.000305
1985   2  11  46107  -0.090618   0.074350  -0.2205555   0.0017868   0.002098   0.003175   0.004867   0.005974  0.0000165  0.0000160    0.000719    0.000226
1985   2  12  46108  -0.093385   0.076973  -0.2222442   0.0015798   0.001653   0.003341   0.000906   0.001155  0.0000167  0.0000166    0.000716    0.000221
1985   2  13  46109  -0.095979   0.079584  -0.2237135   0.0013573   0.001335   0.003509   0.000465   0.000586  0.0000167  0.0000167    0.000716    0.000221
1985   2  14  46110  -0.098497   0.082113  -0.2249764   0.0011778   0.001140   0.003594   0.000451   0.000568  0.0000167  0.0000167    0.000716    0.000221
1985   2  15  46111  -0.101126   0.084523  -0.2260997   0.0010850   0.001148   0.003562   0.000573   0.000717  0.0000167  0.0000155    0.000716    0.000221
1985   2  16  46112  -0.104054   0.086789  -0.2271824   0.0010971   0.001415   0.003413   0.003387   0.003273  0.0000143  0.0000154    0.000829    0.000138
1985   2  17  46113  -0.107368   0.088852  -0.2283272   0.0012035   0.001847   0.003186   0.000995   0.000958  0.0000142  0.0000142    0.000841    0.000135
1985   2  18  46114  -0.110968   0.090661  -0.2296138   0.0013726   0.002254   0.002979   0.000476   0.000459  0.0000142  0.0000142    0.000841    0.000135
1985   2  19  46115  -0.114666   0.092304  -0.2310843   0.0015646   0.002529   0.002915   0.000539   0.000519  0.0000142  0.0000142    0.000841    0.000135
1985   2  20  46116  -0.118389   0.094071  -0.2327421   0.0017425   0.002709   0.003028   0.001915   0.001843  0.0000142  0.0000146    0.000841    0.000135
1985   2  21  46117  -0.122192   0.096194  -0.2345581   0.0018777   0.002856   0.003208   0.003116   0.003122  0.0000151  0.0000147    0.000844    0.000157
1985   2  22  46118  -0.126110   0.098542  -0.2364792   0.0019512   0.002952   0.003289   0.000459   0.000463  0.0000152  0.0000152    0.000845    0.000159
1985   2  23  46119  -0.130081   0.100733  -0.2384383   0.0019538   0.002954   0.003214   0.000442   0.000446  0.0000152  0.0000152    0.000845    0.000159
1985   2  24  46120  -0.133992   0.102552  -0.2403643   0.0018873   0.002889   0.003069   0.000455   0.000459  0.0000152  0.0000152    0.000845    0.000159
1985   2  25  46121  -0.137724   0.104238  -0.2421943   0.0017651   0.002815   0.002953   0.001490   0.001503  0.0000152  0.0000144    0.000844    0.000159
1985   2  26  46122  -0.141173   0.106298  -0.2438832   0.0016091   0.002697   0.002851   0.004949   0.004941  0.0000136  0.0000143    0.000539    0.000144
1985   2  27  46123  -0.144266   0.109045  -0.2454098   0.0014447   0.002474   0.002690   0.000636   0.000642  0.0000135  0.0000135    0.000526    0.000143
1985   2  28  46124  -0.147030   0.112323  -0.2467781   0.0012953   0.002231   0.002480   0.000500   0.000504  0.0000135  0.0000135    0.000526    0.000143
1985   3   1  46125  -0.149660   0.115606  -0.2480139   0.0011825   0.002149   0.002337   0.000667   0.000674  0.0000135  0.0000135    0.000526    0.000143
1985   3   2  46126  -0.152446   0.118386  -0.2491654   0.0011309   0.002238   0.002304   0.001049   0.001066  0.0000135  0.0000162    0.000526    0.000143
1985   3   3  46127  -0.155387   0.120724  -0.2503076   0.0011700   0.002329   0.002225   0.001275   0.001038  0.0000189  0.0000165    0.000779    0.000224
1985   3   4  46128  -0.158218   0.123146  -0.2515436   0.0013243   0.002431   0.001912   0.000917   0.000695  0.0000195  0.0000178    0.000817    0.000239
1985   3   5  46129  -0.160713   0.126162  -0.2529912   0.0015944   0.002835   0.001446   0.000722   0.000624  0.0000168  0.0000147    0.000760    0.000236
1985   3   6  46130  -0.163039   0.129828  -0.2547504   0.0019417   0.003594   0.001153   0.000372   0.000402  0.0000099  0.0000124    0.000541    0.000214
1985   3   7  46131  -0.165814   0.133632  -0.2568641   0.0022883   0.004119   0.001216   0.000293   0.000328  0.0000079  0.0000088    0.000454    0.000199
1985   3   8  46132  -0.169505   0.137084  -0.2592868   0.0025407   0.003719   0.001442   0.000288   0.000324  0.0000078  0.0000103    0.000446    0.000198
1985   3   9  46133  -0.173914   0.140167  -0.2618874   0.0026316   0.002433   0.001529   0.001398   0.001567  0.0000126  0.0003150    0.000718    0.000317
1985   3  10  46134  -0.178299   0.143120  -0.2644931   0.0025498   0.001015   0.001438   0.025155   0.017142  0.0006222  0.0003950    0.004221    0.001519
1985   3  11  46135  -0.181793   0.146063  -0.2669493   0.0023407   0.000237   0.001341   0.026660   0.016713  0.0007775  0.0006854    0.004232    0.001522
1985   3  12  46136  -0.183883   0.148719  -0.2691646   0.0020801   0.000353   0.001325   0.021064   0.005350  0.0007487  0.0004496    0.004250    0.001533
1985   3  13  46137  -0.184987   0.151287  -0.2711249   0.0018426   0.001117   0.001328   0.009703   0.003251  0.0001217  0.0003947    0.004142    0.001688
1985   3  14  46138  -0.185989   0.154452  -0.2728813   0.0016803   0.002114   0.001311   0.002312   0.001660  0.0000408  0.0000714    0.001854    0.000636
1985   3  15  46139  -0.187174   0.158311  -0.2745226   0.0016157   0.003051   0.001300   0.001048   0.000776  0.0000211  0.0000292    0.000989    0.000330
1985   3  16  46140  -0.188062   0.162287  -0.2761470   0.0016468   0.003882   0.001279   0.000868   0.000643  0.0000176  0.0000192    0.000829    0.000276
1985   3  17  46141  -0.188810   0.166188  -0.2778424   0.0017537   0.004597   0.001174   0.000926   0.000686  0.0000172  0.0000186    0.000808    0.000269
1985   3  18  46142  -0.190302   0.170354  -0.2796700   0.0019036   0.005086   0.000975   0.002936   0.002430  0.0000195  0.0000185    0.000680    0.000211
1985   3  19  46143  -0.193070   0.175013  -0.2816536   0.0020575   0.005236   0.000813   0.001351   0.001276  0.0000198  0.0000196    0.000672    0.000208
1985   3  20  46144  -0.196369   0.179770  -0.2837783   0.0021797   0.005079   0.000829   0.000737   0.000716  0.0000198  0.0000198    0.000672    0.000208
1985   3  21  46145  -0.198367   0.183669  -0.2859979   0.0022458   0.004794   0.001005   0.000868   0.000836  0.0000198  0.0000198    0.000672    0.000208
1985   3  22  46146  -0.198899   0.186920  -0.2882491   0.0022463   0.004560   0.001172   0.002398   0.002020  0.0000198  0.0000173    0.000672    0.000208
1985   3  23  46147  -0.199019   0.190418  -0.2904676   0.0021860   0.004456   0.001205   0.001769   0.001576  0.0000149  0.0000172    0.000600    0.000273
1985   3  24  46148  -0.199161   0.194466  -0.2926000   0.0020794   0.004490   0.001143   0.000397   0.000385  0.0000146  0.0000148    0.000594    0.000281
1985   3  25  46149  -0.199145   0.198772  -0.2946109   0.0019453   0.004629   0.001080   0.000452   0.000437  0.0000146  0.0000146    0.000594    0.000281
1985   3  26  46150  -0.198777   0.202884  -0.2964838   0.0018021   0.004789   0.001002   0.000593   0.000572  0.0000146  0.0000146    0.000594    0.000281
1985   3  27  46151  -0.198410   0.206658  -0.2982179   0.0016653   0.004904   0.000808   0.001346   0.001229  0.0000146  0.0000133    0.000594    0.000281
1985   3  28  46152  -0.198601   0.210608  -0.2998260   0.0015485   0.005050   0.000501   0.003441   0.002466  0.0000120  0.0000132    0.000541    0.000316
1985   3  29  46153  -0.199399   0.214980  -0.3013340   0.0014673   0.005405   0.000258   0.000600   0.000772  0.0000118  0.0000119    0.000537    0.000320
1985   3  30  46154  -0.200138   0.219267  -0.3027867   0.0014434   0.005936   0.000223   0.000405   0.000532  0.0000118  0.0000118    0.000537    0.000320
1985   3  31  46155  -0.200289   0.223107  -0.3042534   0.0015027   0.006296   0.000284   0.000593   0.000768  0.0000118  0.0000118    0.000537    0.000320
1985   4   1  46156  -0.200237   0.227075  -0.3058271   0.0016628   0.006257   0.000177   0.001502   0.001714  0.0000118  0.0000137    0.000537    0.000320
1985   4   2  46157  -0.200731   0.231396  -0.3076069   0.0019141   0.006091  -0.000125   0.002907   0.001992  0.0000156  0.0000139    0.000620    0.000237
1985   4   3  46158  -0.202035   0.235522  -0.3096630   0.0022062   0.006187  -0.000302   0.001169   0.001095  0.0000161  0.0000158    0.000628    0.000233
1985   4   4  46159  -0.203614   0.239258  -0.3119972   0.0024543   0.006426  -0.000107   0.000666   0.000673  0.0000161  0.0000161    0.000628    0.000233
1985   4   5  46160  -0.204383   0.243524  -0.3145216   0.0025695   0.006336   0.000263   0.000831   0.000844  0.0000161  0.0000161    0.000628    0.000233
1985   4   6  46161  -0.204286   0.247852  -0.3170733   0.0024996   0.005816   0.000423   0.001652   0.001639  0.0000161  0.0000165    0.000628    0.000233
1985   4   7  46162  -0.203722   0.251674  -0.3194663   0.0022573   0.005285   0.000303   0.001032   0.001173  0.0000169  0.0000165    0.000682    0.000353
1985   4   8  46163  -0.203062   0.255080  -0.3215599   0.0019200   0.005102   0.000153   0.000426   0.000495  0.0000170  0.0000169    0.000687    0.000375
1985   4   9  46164  -0.202563   0.258469  -0.3233102   0.0015964   0.005192   0.000116   0.000426   0.000495  0.0000170  0.0000170    0.000687    0.000375
1985   4  10  46165  -0.202250   0.262161  -0.3247815   0.0013806   0.005272   0.000083   0.000433   0.000504  0.0000170  0.0000170    0.000687    0.000375
1985   4  11  46166  -0.201920   0.266027  -0.3261110   0.0013154   0.005167  -0.000041   0.001280   0.001470  0.0000170  0.0000175    0.000687    0.000375
1985   4  12  46167  -0.201326   0.269764  -0.3274500   0.0013870   0.004884  -0.000164   0.006251   0.005414  0.0000180  0.0000176    0.000709    0.000377
1985   4  13  46168  -0.200459   0.273425  -0.3289132   0.0015454   0.004604  -0.000179   0.000969   0.001034  0.0000182  0.0000181    0.000711    0.000377
1985   4  14  46169  -0.199640   0.277552  -0.3305577   0.0017355   0.004612  -0.000145   0.000694   0.000738  0.0000182  0.0000182    0.000711    0.000377
1985   4  15  46170  -0.199083   0.282203  -0.3323903   0.0019155   0.005050  -0.000175   0.000978   0.001010  0.0000182  0.0000182    0.000711    0.000377
1985   4  16  46171  -0.198510   0.286200  -0.3343855   0.0020611   0.005734  -0.000232   0.001828   0.001677  0.0000181  0.0000149    0.000711    0.000377
1985   4  17  46172  -0.197935   0.289123  -0.3365012   0.0021593   0.006295  -0.000151   0.002863   0.003299  0.0000117  0.0000148    0.000834    0.000204
1985   4  18  46173  -0.197595   0.291634  -0.3386866   0.0022033   0.006464   0.000160   0.001044   0.001081  0.0000114  0.0000115    0.000849    0.000198
1985   4  19  46174  -0.197481   0.294665  -0.3408867   0.0021904   0.006191   0.000612   0.000511   0.000521  0.0000114  0.0000114    0.000849    0.000198
1985   4  20  46175  -0.197168   0.298532  -0.3430461   0.0021211   0.005604   0.001034   0.000560   0.000568  0.0000114  0.0000114    0.000849    0.000198
1985   4  21  46176  -0.196576   0.302397  -0.3451109   0.0019982   0.004998   0.001299   0.001964   0.001805  0.0000114  0.0000125    0.000849    0.000198
1985   4  22  46177  -0.196008   0.305532  -0.3470315   0.0018313   0.004770   0.001303   0.003366   0.002808  0.0000135  0.0000126    0.000538    0.000244
1985   4  23  46178  -0.195712   0.308702  -0.3487721   0.0016430   0.005226   0.000899   0.000494   0.000579  0.0000139  0.0000141    0.000527    0.000252
1985   4  24  46179  -0.195708   0.312959  -0.3503261   0.0014711   0.006337  -0.000010   0.000514   0.000601  0.0000148  0.0000164    0.000557    0.000263
1985   4  25  46180  -0.195813   0.318044  -0.3517317   0.0013623   0.007673  -0.001225   0.000774   0.000880  0.0000190  0.0000202    0.000696    0.000307
1985   4  26  46181  -0.195763   0.321641  -0.3530743   0.0013420   0.008516  -0.002145   0.002463   0.002147  0.0000257  0.0000217    0.000891    0.000355
1985   4  27  46182  -0.195773   0.324037  -0.3544436   0.0014041   0.008492  -0.002311   0.005067   0.002958  0.0000243  0.0000198    0.000933    0.000376
1985   4  28  46183  -0.196000   0.326977  -0.3559125   0.0015358   0.007718  -0.001811   0.000591   0.000563  0.0000138  0.0000191    0.000783    0.000463
1985   4  29  46184  -0.196057   0.330661  -0.3575426   0.0017308   0.006662  -0.001156   0.000498   0.000476  0.0000138  0.0000138    0.000783    0.000464
1985   4  30  46185  -0.195549   0.334573  -0.3593902   0.0019834   0.005989  -0.000782   0.000736   0.000702  0.0000138  0.0000144    0.000783    0.000464
1985   5   1  46186  -0.194529   0.338598  -0.3615045   0.0022660   0.006055  -0.000680   0.001811   0.001709  0.0000150  0.0000628    0.000854    0.000493
1985   5   2  46187  -0.193343   0.342553  -0.3638903   0.0025116   0.006518  -0.000593   0.005183   0.004936  0.0001118  0.0000308    0.004410    0.000846
1985   5   3  46188  -0.192191   0.346110  -0.3664738   0.0026355   0.006649  -0.000446   0.001919   0.001864  0.0000466  0.0000684    0.002003    0.000711
1985   5   4  46189  -0.190876   0.349453  -0.3691015   0.0025667   0.006143  -0.000352   0.000986   0.000936  0.0000249  0.0000338    0.001090    0.000520
1985   5   5  46190  -0.188912   0.353261  -0.3715626   0.0023017   0.005428  -0.000215   0.000895   0.000871  0.0000209  0.0000381    0.000917    0.000461
1985   5   6  46191  -0.186116   0.357009  -0.3736903   0.0019247   0.005112  -0.000030   0.003794   0.003428  0.0000513  0.0000515    0.002118    0.000844
1985   5   7  46192  -0.183189   0.359868  -0.3754291   0.0015621   0.005342  -0.000039   0.006496   0.002631  0.0000822  0.0000443    0.002014    0.000505
1985   5   8  46193  -0.181736   0.362661  -0.3768524   0.0013380   0.005755  -0.000494   0.002046   0.000998  0.0000373  0.0000518    0.001070    0.000299
1985   5   9  46194  -0.182479   0.367075  -0.3781475   0.0013105   0.005665  -0.001124   0.000967   0.000604  0.0000214  0.0000264    0.000846    0.000349
1985   5  10  46195  -0.180902   0.370972  -0.3795073   0.0014047   0.005258  -0.001375   0.000586   0.000452  0.0000156  0.0000177    0.000764    0.000260
1985   5  11  46196  -0.177926   0.373844  -0.3809769   0.0015061   0.005038  -0.001303   0.000543   0.000446  0.0000140  0.0000195    0.000737    0.000205
1985   5  12  46197  -0.176166   0.376777  -0.3825265   0.0015888   0.005318  -0.001243   0.001466   0.001191  0.0000234  0.0000228    0.001167    0.000343
1985   5  13  46198  -0.174266   0.379982  -0.3841517   0.0016726   0.006010  -0.001239   0.001527   0.001257  0.0000316  0.0000207    0.001152    0.000663
1985   5  14  46199  -0.171937   0.383463  -0.3858618   0.0017569   0.006559  -0.001079   0.000767   0.000635  0.0000180  0.0000255    0.000681    0.000384
1985   5  15  46200  -0.169828   0.387102  -0.3876504   0.0018147   0.006379  -0.000496   0.000697   0.000598  0.0000195  0.0000158    0.000710    0.000320
1985   5  16  46201  -0.167890   0.390456  -0.3894724   0.0018117   0.005391   0.000380   0.000404   0.000368  0.0000136  0.0000152    0.000465    0.000170
1985   5  17  46202  -0.166217   0.393176  -0.3912539   0.0017334   0.004241   0.000895   0.000494   0.000448  0.0000110  0.0000140    0.000374    0.000136
1985   5  18  46203  -0.164907   0.395631  -0.3929214   0.0015927   0.003547   0.000610   0.000813   0.000762  0.0000145  0.0000140    0.000509    0.000208
1985   5  19  46204  -0.163273   0.398119  -0.3944266   0.0014175   0.003404  -0.000288   0.000642   0.000658  0.0000171  0.0000158    0.000612    0.000287
1985   5  20  46205  -0.160473   0.400641  -0.3957515   0.0012374   0.003552  -0.001223   0.000709   0.000727  0.0000171  0.0000171    0.000613    0.000288
1985   5  21  46206  -0.156662   0.403319  -0.3969063   0.0010788   0.003733  -0.001724   0.002416   0.002616  0.0000171  0.0000166    0.000613    0.000288
1985   5  22  46207  -0.152746   0.406316  -0.3979242   0.0009643   0.003834  -0.001716   0.003763   0.004306  0.0000162  0.0000166    0.000856    0.000231
1985   5  23  46208  -0.149310   0.409452  -0.3988582   0.0009129   0.003835  -0.001434   0.000629   0.000604  0.0000161  0.0000161    0.000897    0.000227
1985   5  24  46209  -0.146269   0.412289  -0.3997779   0.0009408   0.003782  -0.001147   0.000547   0.000524  0.0000161  0.0000161    0.000897    0.000227
1985   5  25  46210  -0.143259   0.414647  -0.4007679   0.0010608   0.003783  -0.000987   0.000550   0.000527  0.0000161  0.0000161    0.000897    0.000227
1985   5  26  46211  -0.140107   0.416987  -0.4019234   0.0012760   0.003914  -0.000955   0.001283   0.001227  0.0000161  0.0000150    0.000896    0.000227
1985   5  27  46212  -0.136969   0.419899  -0.4033350   0.0015675   0.004126  -0.001009   0.004138   0.004031  0.0000140  0.0000150    0.000473    0.000314
1985   5  28  46213  -0.134189   0.423242  -0.4050590   0.0018845   0.004290  -0.001063   0.000780   0.000809  0.0000139  0.0000139    0.000459    0.000326
1985   5  29  46214  -0.132066   0.425932  -0.4070851   0.0021505   0.004303  -0.000975   0.000488   0.000506  0.0000139  0.0000139    0.000459    0.000326
1985   5  30  46215  -0.130370   0.427568  -0.4093210   0.0022873   0.004108  -0.000650   0.000672   0.000688  0.0000139  0.0000139    0.000459    0.000326
1985   5  31  46216  -0.128110   0.429829  -0.4116083   0.0022484   0.003720  -0.000197   0.001233   0.001206  0.0000139  0.0000139    0.000460    0.000326
1985   6   1  46217  -0.125319   0.432795  -0.4137691   0.0020422   0.003284   0.000151   0.003538   0.003491  0.0000140  0.0000139    0.000810    0.000232
1985   6   2  46218  -0.122724   0.435257  -0.4156637   0.0017330   0.003016   0.000287   0.001122   0.001481  0.0000140  0.0000140    0.000901    0.000227
1985   6   3  46219  -0.120536   0.436972  -0.4172360   0.0014166   0.003001   0.000290   0.000526   0.000716  0.0000140  0.0000140    0.000901    0.000227
1985   6   4  46220  -0.118144   0.439258  -0.4185254   0.0011814   0.003135   0.000211   0.000522   0.000710  0.0000140  0.0000140    0.000901    0.000227
1985   6   5  46221  -0.115314   0.442206  -0.4196416   0.0010754   0.003300  -0.000032   0.001925   0.002540  0.0000140  0.0000134    0.000900    0.000227
1985   6   6  46222  -0.112417   0.444688  -0.4207170   0.0010954   0.003438  -0.000463   0.003903   0.004257  0.0000128  0.0000133    0.000684    0.000350
1985   6   7  46223  -0.109887   0.446265  -0.4218597   0.0011996   0.003452  -0.000880   0.000456   0.000537  0.0000127  0.0000127    0.000670    0.000376
1985   6   8  46224  -0.107853   0.447718  -0.4231271   0.0013337   0.003234  -0.001021   0.000377   0.000443  0.0000127  0.0000127    0.000670    0.000376
1985   6   9  46225  -0.106139   0.449932  -0.4245248   0.0014531   0.002850  -0.000847   0.000377   0.000444  0.0000127  0.0000127    0.000670    0.000376
1985   6  10  46226  -0.104363   0.452753  -0.4260225   0.0015306   0.002544  -0.000552   0.000687   0.000809  0.0000127  0.0000148    0.000670    0.000376
1985   6  11  46227  -0.102207   0.455240  -0.4275706   0.0015531   0.002457  -0.000314   0.003934   0.004707  0.0000168  0.0000151    0.000778    0.000300
1985   6  12  46228  -0.099742   0.456798  -0.4291105   0.0015148   0.002488  -0.000137   0.001125   0.001114  0.0000175  0.0000171    0.000790    0.000295
1985   6  13  46229  -0.097579   0.458028  -0.4305811   0.0014180   0.002482   0.000052   0.000619   0.000605  0.0000175  0.0000175    0.000790    0.000295
1985   6  14  46230  -0.096127   0.459948  -0.4319292   0.0012772   0.002436   0.000214   0.000847   0.000809  0.0000175  0.0000174    0.000790    0.000295
1985   6  15  46231  -0.094474   0.462244  -0.4331226   0.0011177   0.002410   0.000178   0.001553   0.001354  0.0000174  0.0000154    0.000790    0.000295
1985   6  16  46232  -0.092076   0.464293  -0.4341583   0.0009674   0.002361  -0.000162   0.002136   0.002140  0.0000134  0.0000154    0.000482    0.000196
1985   6  17  46233  -0.089231   0.465817  -0.4350597   0.0008463   0.002173  -0.000679   0.000963   0.001044  0.0000133  0.0000137    0.000475    0.000192
1985   6  18  46234  -0.086430   0.466866  -0.4358631   0.0007609   0.001844  -0.001082   0.000588   0.000630  0.0000139  0.0000113    0.000512    0.000195
1985   6  19  46235  -0.083661   0.467616  -0.4366032   0.0007100   0.001575  -0.001131   0.000481   0.000455  0.0000092  0.0000089    0.000608    0.000185
1985   6  20  46236  -0.080432   0.468829  -0.4373119   0.0007009   0.001745  -0.000699   0.000227   0.000209  0.0000038  0.0000061    0.000353    0.000123
1985   6  21  46237  -0.077278   0.470420  -0.4380356   0.0007601   0.001976  -0.000328   0.000176   0.000163  0.0000029  0.0000044    0.000276    0.000102
1985   6  22  46238  -0.074822   0.471837  -0.4388576   0.0009164   0.001846  -0.000498   0.000283   0.000267  0.0000049  0.0000097    0.000424    0.000158
1985   6  23  46239  -0.072762   0.473006  -0.4398826   0.0011644   0.001544  -0.001048   0.000604   0.000642  0.0000164  0.0000109    0.000758    0.000289
1985   6  24  46240  -0.070437   0.474088  -0.4411855   0.0014507   0.001410  -0.001533   0.000614   0.000655  0.0000169  0.0000167    0.000763    0.000291
1985   6  25  46241  -0.067463   0.475099  -0.4427666   0.0016962   0.001519  -0.001612   0.001454   0.001324  0.0000169  0.0000157    0.000763    0.000291
1985   6  26  46242  -0.063902   0.475956  -0.4445457   0.0018304   0.001659  -0.001235   0.004924   0.002200  0.0000145  0.0000156    0.000591    0.000299
1985   6  27  46243  -0.060109   0.476776  -0.4463854   0.0018113   0.001601  -0.000602   0.000884   0.001192  0.0000143  0.0000144    0.000582    0.000300
1985   6  28  46244  -0.056494   0.478076  -0.4481254   0.0016327   0.001306  -0.000016   0.000566   0.000837  0.0000143  0.0000143    0.000582    0.000300
1985   6  29  46245  -0.053238   0.480016  -0.4496190   0.0013282   0.000912   0.000307   0.000740   0.001061  0.0000143  0.0000143    0.000582    0.000300
1985   6  30  46246  -0.050126   0.481598  -0.4507721   0.0009682   0.000563   0.000367   0.001132   0.001489  0.0000143  0.0000164    0.000582    0.000300
1985   7   1  46247  -0.047125   0.482621   0.5484282   0.0006424   0.000277   0.000303   0.002133   0.002027  0.0000185  0.0000167    0.000674    0.000247
1985   7   2  46248  -0.044372   0.483467   0.5479067   0.0004286   0.000006   0.000213   0.001206   0.001215  0.0000190  0.0000188    0.000683    0.000244
1985   7   3  46249  -0.041953   0.484400   0.5475279   0.0003609  -0.000228   0.000079   0.000783   0.000806  0.0000190  0.0000190    0.000683    0.000244
1985   7   4  46250  -0.039700   0.484922   0.5471498   0.0004144  -0.000349  -0.000123   0.000737   0.000757  0.0000190  0.0000189    0.000683    0.000244
1985   7   5  46251  -0.037095   0.485492   0.5466804   0.0005255  -0.000377  -0.000314   0.001933   0.001629  0.0000188  0.0000185    0.000611    0.000221
1985   7   6  46252  -0.033834   0.486919   0.5460971   0.0006320  -0.000462  -0.000377   0.000897   0.000651  0.0000180  0.0000184    0.000452    0.000167
1985   7   7  46253  -0.030401   0.487988   0.5454271   0.0007020  -0.000717  -0.000312   0.000562   0.000432  0.0000179  0.0000178    0.000474    0.000180
1985   7   8  46254  -0.027219   0.487461   0.5447105   0.0007379  -0.001102  -0.000234   0.000529   0.000495  0.0000175  0.0000176    0.000575    0.000249
1985   7   9  46255  -0.023762   0.486612   0.5439714   0.0007441  -0.001543  -0.000215   0.000519   0.000556  0.0000174  0.0000174    0.000673    0.000361
1985   7  10  46256  -0.019948   0.487042   0.5432425   0.0007106  -0.002018  -0.000206   0.001215   0.001248  0.0000173  0.0000161    0.000694    0.000398
1985   7  11  46257  -0.016249   0.488950   0.5425683   0.0006330  -0.002555  -0.000122   0.002709   0.002247  0.0000148  0.0000160    0.000602    0.000217
1985   7  12  46258  -0.012774   0.491119   0.5419899   0.0005215  -0.003115   0.000012   0.000815   0.001037  0.0000146  0.0000147    0.000597    0.000212
1985   7  13  46259  -0.008738   0.491784   0.5415321   0.0003946  -0.003546   0.000038   0.000559   0.000740  0.0000146  0.0000146    0.000597    0.000212
1985   7  14  46260  -0.003851   0.490774   0.5411996   0.0002722  -0.003686  -0.000187   0.000704   0.000918  0.0000146  0.0000146    0.000597    0.000212
1985   7  15  46261   0.000377   0.490534   0.5409782   0.0001718  -0.003511  -0.000621   0.001003   0.001254  0.0000146  0.0000143    0.000597    0.000212
1985   7  16  46262   0.003429   0.491526   0.5408374   0.0001125  -0.003148  -0.001049   0.002741   0.001983  0.0000139  0.0000143    0.001003    0.000433
1985   7  17  46263   0.005976   0.492634   0.5407259   0.0001199  -0.002819  -0.001250   0.001148   0.001114  0.0000139  0.0000142    0.001074    0.000490
1985   7  18  46264   0.009073   0.492940   0.5405649   0.0002200  -0.002721  -0.001161   0.000627   0.000651  0.0000145  0.0000176    0.001123    0.000513
1985   7  19  46265   0.013053   0.493275   0.5402550   0.0004186  -0.002907  -0.000905   0.000674   0.000699  0.0000213  0.0000291    0.001636    0.000745
1985   7  20  46266   0.016873   0.494215   0.5397078   0.0006867  -0.003196  -0.000668   0.001363   0.001008  0.0000437  0.0000196    0.001230    0.000498
1985   7  21  46267   0.019601   0.495302   0.5388802   0.0009651  -0.003355  -0.000543   0.000586   0.000375  0.0000179  0.0000299    0.000382    0.000154
1985   7  22  46268   0.021997   0.495792   0.5377967   0.0011852  -0.003339  -0.000480   0.000486   0.000339  0.0000162  0.0000165    0.000385    0.000153
1985   7  23  46269   0.025063   0.495591   0.5365451   0.0012951  -0.003286  -0.000355   0.000465   0.000502  0.0000151  0.0000155    0.000617    0.000223
1985   7  24  46270   0.028796   0.495351   0.5352494   0.0012718  -0.003380  -0.000099   0.000469   0.000586  0.0000149  0.0000195    0.000746    0.000254
1985   7  25  46271   0.032601   0.495290   0.5340421   0.0011221  -0.003749   0.000203   0.001421   0.001583  0.0000239  0.0001190    0.001111    0.000377
1985   7  26  46272   0.035910   0.495186   0.5330346   0.0008803  -0.004316   0.000388   0.003591   0.002917  0.0002232  0.0000380    0.002113    0.000721
1985   7  27  46273   0.038813   0.495113   0.5322926   0.0006026  -0.004868   0.000351   0.001473   0.001189  0.0000522  0.0001221    0.001203    0.000369
1985   7  28  46274   0.041980   0.495524   0.5318192   0.0003568  -0.005219   0.000138   0.000535   0.000429  0.0000210  0.0000357    0.000493    0.000145
1985   7  29  46275   0.045587   0.495892   0.5315500   0.0002063  -0.005292  -0.000102   0.000663   0.000527  0.0000193  0.0000201    0.000450    0.000132
1985   7  30  46276   0.049713   0.495702   0.5313671   0.0001862  -0.005174  -0.000270   0.001298   0.000995  0.0000192  0.0000176    0.000449    0.000132
1985   7  31  46277   0.053492   0.495364   0.5311395   0.0002865  -0.005025  -0.000361   0.002335   0.001766  0.0000160  0.0000174    0.000646    0.000218
1985   8   1  46278   0.055713   0.495607   0.5307681   0.0004606  -0.004983  -0.000392   0.001024   0.001118  0.0000155  0.0000157    0.000830    0.000370
1985   8   2  46279   0.056926   0.496130   0.5302096   0.0006516  -0.005162  -0.000366   0.000586   0.000706  0.0000155  0.0000155    0.000830    0.000370
1985   8   3  46280   0.060127   0.495109   0.5294720   0.0008170  -0.005634  -0.000309   0.000706   0.000857  0.0000155  0.0000156    0.000830    0.000370
1985   8   4  46281   0.064630   0.493592   0.5285932   0.0009357  -0.006339  -0.000303   0.001404   0.001642  0.0000156  0.0000365    0.000837    0.000373
1985   8   5  46282   0.068500   0.493051   0.5276229   0.0009992  -0.007011  -0.000428   0.001608   0.001589  0.0000576  0.0000264    0.003178    0.000865
1985   8   6  46283   0.071430   0.493361   0.5266176   0.0009998  -0.007249  -0.000647   0.000676   0.000662  0.0000373  0.0000416    0.002230    0.000551
1985   8   7  46284   0.074209   0.493695   0.5256439   0.0009280  -0.006791  -0.000792   0.000676   0.000661  0.0000257  0.0000291    0.001581    0.000383
1985   8   8  46285   0.077658   0.493460   0.5247774   0.0007827  -0.005672  -0.000655   0.000709   0.000694  0.0000209  0.0000214    0.001295    0.000312
1985   8   9  46286   0.081699   0.492880   0.5240870   0.0005825  -0.004544  -0.000254   0.001663   0.001467  0.0000171  0.0000166    0.000696    0.000217
1985   8  10  46287   0.085651   0.492437   0.5236124   0.0003657  -0.004358   0.000133   0.000626   0.000477  0.0000123  0.0000150    0.000348    0.000126
1985   8  11  46288   0.089083   0.492056   0.5233473   0.0001819  -0.005511   0.000228   0.000359   0.000273  0.0000130  0.0000143    0.000373    0.000136
1985   8  12  46289   0.092211   0.491114   0.5232325   0.0000793  -0.007507  -0.000026   0.000493   0.000389  0.0000163  0.0000164    0.000518    0.000194
1985   8  13  46290   0.095561   0.489196   0.5231649   0.0000862  -0.009107  -0.000417   0.001033   0.000886  0.0000198  0.0000184    0.000752    0.000302
1985   8  14  46291   0.099218   0.487362   0.5230292   0.0002056  -0.009514  -0.000712   0.002061   0.001698  0.0000206  0.0000173    0.000827    0.000342
1985   8  15  46292   0.102529   0.486412   0.5227199   0.0004245  -0.008737  -0.000805   0.002436   0.003339  0.0000149  0.0000176    0.000794    0.000212
1985   8  16  46293   0.104925   0.485906   0.5221521   0.0007157  -0.007289  -0.000706   0.001306   0.001279  0.0000146  0.0000147    0.000791    0.000207
1985   8  17  46294   0.106944   0.485191   0.5212770   0.0010318  -0.005842  -0.000493   0.000692   0.000623  0.0000146  0.0000146    0.000791    0.000207
1985   8  18  46295   0.109934   0.484281   0.5201014   0.0013082  -0.004956  -0.000265   0.000701   0.000628  0.0000146  0.0000146    0.000791    0.000207
1985   8  19  46296   0.114029   0.483522   0.5186973   0.0014817  -0.004871  -0.000100   0.002697   0.002429  0.0000146  0.0000143    0.000791    0.000207
1985   8  20  46297   0.118179   0.483128   0.5171884   0.0015160  -0.005480  -0.000023   0.004746   0.004952  0.0000140  0.0000143    0.000961    0.000295
1985   8  21  46298   0.121580   0.482919   0.5157144   0.0014146  -0.006459  -0.000020   0.000638   0.000661  0.0000140  0.0000140    0.000979    0.000307
1985   8  22  46299   0.124347   0.482394   0.5143937   0.0012118  -0.007468  -0.000081   0.000558   0.000575  0.0000140  0.0000140    0.000978    0.000307
1985   8  23  46300   0.127096   0.481143   0.5133032   0.0009549  -0.008279  -0.000209   0.000604   0.000623  0.0000140  0.0000130    0.000961    0.000304
1985   8  24  46301   0.130242   0.479184   0.5124741   0.0006946  -0.008792  -0.000355   0.000876   0.001036  0.0000119  0.0000128    0.000486    0.000196
1985   8  25  46302   0.133446   0.477156   0.5118869   0.0004858  -0.008939  -0.000423   0.000561   0.000696  0.0000116  0.0000123    0.000449    0.000184
1985   8  26  46303   0.135404   0.476453   0.5114656   0.0003822  -0.008650  -0.000351   0.000480   0.000586  0.0000126  0.0000149    0.000493    0.000193
1985   8  27  46304   0.137182   0.476268   0.5110853   0.0004148  -0.007891  -0.000202   0.000676   0.000729  0.0000183  0.0000159    0.000740    0.000225
1985   8  28  46305   0.141111   0.474519   0.5106071   0.0005732  -0.006800  -0.000090   0.000988   0.001007  0.0000191  0.0000187    0.000778    0.000229
1985   8  29  46306   0.145837   0.472202   0.5099242   0.0008093  -0.005730  -0.000046   0.001758   0.001566  0.0000191  0.0000287    0.000780    0.000229
1985   8  30  46307   0.149030   0.470416   0.5089896   0.0010597  -0.005084  -0.000019   0.002470   0.002267  0.0000382  0.0000314    0.001456    0.000356
1985   8  31  46308   0.150370   0.468817   0.5078190   0.0012670  -0.005158   0.000016   0.001984   0.002031  0.0000437  0.0000422    0.001626    0.000379
1985   9   1  46309   0.151701   0.467033   0.5064778   0.0013927  -0.006057   0.000002   0.001379   0.001563  0.0000462  0.0000560    0.001720    0.000402
1985   9   2  46310   0.155051   0.465473   0.5050586   0.0014226  -0.007597  -0.000120   0.001928   0.002213  0.0000684  0.0001066    0.002516    0.000591
1985   9   3  46311   0.158414   0.463834   0.5036562   0.0013642  -0.009275  -0.000331   0.003612   0.003626  0.0001669  0.0000510    0.005481    0.001374
1985   9   4  46312   0.160983   0.460731   0.5023493   0.0012389  -0.010272  -0.000426   0.002479   0.002411  0.0000337  0.0000947    0.000960    0.000270
1985   9   5  46313   0.163499   0.457482   0.5011903   0.0010744  -0.009950  -0.000204   0.000892   0.000985  0.0000225  0.0000276    0.000679    0.000197
1985   9   6  46314   0.165890   0.457101   0.5002030   0.0008972  -0.008432   0.000287   0.000684   0.000821  0.0000215  0.0000216    0.000715    0.000221
1985   9   7  46315   0.168528   0.457629   0.4993891   0.0007333  -0.006652   0.000723   0.000589   0.000737  0.0000207  0.0000209    0.000756    0.000255
1985   9   8  46316   0.171546   0.456155   0.4987216   0.0006133  -0.005473   0.000806   0.000867   0.001059  0.0000202  0.0000187    0.000782    0.000282
1985   9   9  46317   0.174339   0.453592   0.4981409   0.0005676  -0.005076   0.000505   0.005796   0.002581  0.0000167  0.0000184    0.000847    0.000463
1985   9  10  46318   0.176406   0.451931   0.4975592   0.0006179  -0.005278  -0.000026   0.001578   0.001107  0.0000167  0.0000171    0.000848    0.000495
1985   9  11  46319   0.178000   0.450961   0.4968731   0.0007713  -0.005886  -0.000605   0.000838   0.000603  0.0000175  0.0000192    0.000824    0.000531
1985   9  12  46320   0.179913   0.448642   0.4959847   0.0010141  -0.006698  -0.001062   0.001069   0.000774  0.0000217  0.0000223    0.000758    0.000746
1985   9  13  46321   0.182187   0.445928   0.4948225   0.0013175  -0.007442  -0.001181   0.001693   0.001227  0.0000271  0.0000240    0.000722    0.001278
1985   9  14  46322   0.184239   0.443673   0.4933482   0.0016367  -0.007866  -0.000870   0.004807   0.001950  0.0000264  0.0000222    0.000715    0.001008
1985   9  15  46323   0.185561   0.441240   0.4915755   0.0019033  -0.007984  -0.000303   0.001641   0.001222  0.0000174  0.0000219    0.000712    0.000405
1985   9  16  46324   0.186433   0.438394   0.4895919   0.0020418  -0.008042   0.000182   0.000800   0.000679  0.0000173  0.0000174    0.000712    0.000404
1985   9  17  46325   0.187661   0.435826   0.4875513   0.0020061  -0.008220   0.000371   0.000847   0.000722  0.0000173  0.0000173    0.000712    0.000404
1985   9  18  46326   0.189284   0.433741   0.4856286   0.0018096  -0.008505   0.000338   0.003106   0.002535  0.0000173  0.0000193    0.000712    0.000404
1985   9  19  46327   0.190758   0.431745   0.4839561   0.0015222  -0.008790   0.000256   0.004923   0.004280  0.0000213  0.0000195    0.000812    0.000300
1985   9  20  46328   0.191998   0.429502   0.4825788   0.0012379  -0.008946   0.000156   0.000728   0.000916  0.0000217  0.0000215    0.000822    0.000294
1985   9  21  46329   0.193527   0.426981   0.4814519   0.0010347  -0.008830  -0.000028   0.000640   0.000815  0.0000217  0.0000217    0.000822    0.000294
1985   9  22  46330   0.195773   0.424374   0.4804699   0.0009533  -0.008352  -0.000290   0.000643   0.000819  0.0000217  0.0000217    0.000822    0.000294
1985   9  23  46331   0.198431   0.421973   0.4795063   0.0009958  -0.007595  -0.000514   0.001467   0.001926  0.0000217  0.0000204    0.000822    0.000294
1985   9  24  46332   0.200767   0.419971   0.4784478   0.0011383  -0.006835  -0.000591   0.005795   0.005175  0.0000192  0.0000204    0.000806    0.000299
1985   9  25  46333   0.202439   0.418259   0.4772119   0.0013444  -0.006469  -0.000475   0.001285   0.001276  0.0000190  0.0000191    0.000805    0.000299
1985   9  26  46334   0.203951   0.416444   0.4757554   0.0015704  -0.006834  -0.000131   0.000790   0.000788  0.0000190  0.0000190    0.000805    0.000299
1985   9  27  46335   0.205914   0.414194   0.4740804   0.0017676  -0.007903   0.000446   0.001106   0.001100  0.0000190  0.0000183    0.000805    0.000299
1985   9  28  46336   0.208021   0.411516   0.4722391   0.0018910  -0.009113   0.001126   0.001898   0.001904  0.0000175  0.0000137    0.000740    0.000296
1985   9  29  46337   0.209604   0.408585   0.4703225   0.0019166  -0.009664   0.001610   0.000369   0.000440  0.0000083  0.0000132    0.000347    0.000241
1985   9  30  46338   0.210335   0.405546   0.4684308   0.0018534  -0.009082   0.001599   0.000359   0.000427  0.0000089  0.0000095    0.000372    0.000250
1985  10   1  46339   0.210562   0.402495   0.4666375   0.0017381  -0.007530   0.001061   0.000424   0.000503  0.0000107  0.0000113    0.000451    0.000275
1985  10   2  46340   0.211030   0.399628   0.4649702   0.0016070  -0.005840   0.000331   0.000658   0.000769  0.0000137  0.0000133    0.000593    0.000304
1985  10   3  46341   0.212312   0.396714   0.4634303   0.0014762  -0.004825  -0.000218   0.002190   0.002152  0.0000160  0.0000164    0.000709    0.000320
1985  10   4  46342   0.214044   0.393485   0.4620143   0.0013513  -0.004819  -0.000487   0.002941   0.002406  0.0000191  0.0000176    0.000818    0.000553
1985  10   5  46343   0.215031   0.390329   0.4607145   0.0012437  -0.005652  -0.000610   0.001373   0.001299  0.0000193  0.0000192    0.000823    0.000596
1985  10   6  46344   0.214914   0.387507   0.4595065   0.0011771  -0.006704  -0.000709   0.000935   0.000944  0.0000193  0.0000193    0.000823    0.000596
1985  10   7  46345   0.215389   0.384413   0.4583349   0.0011846  -0.007245  -0.000737   0.000785   0.000810  0.0000193  0.0000193    0.000823    0.000596
1985  10   8  46346   0.217511   0.380927   0.4571085   0.0012953  -0.007002  -0.000581   0.002029   0.002428  0.0000193  0.0000173    0.000823    0.000595
1985  10   9  46347   0.220195   0.377927   0.4557139   0.0015180  -0.006349  -0.000274   0.002981   0.005243  0.0000153  0.0000172    0.000661    0.000341
1985  10  10  46348   0.222071   0.375862   0.4540456   0.0018289  -0.005866   0.000026   0.000705   0.000867  0.0000151  0.0000152    0.000652    0.000332
1985  10  11  46349   0.222908   0.373970   0.4520419   0.0021697  -0.005770   0.000258   0.000496   0.000605  0.0000151  0.0000151    0.000652    0.000332
1985  10  12  46350   0.223217   0.371201   0.4497152   0.0024575  -0.005910   0.000511   0.000494   0.000603  0.0000151  0.0000151    0.000652    0.000332
1985  10  13  46351   0.223437   0.367434   0.4471636   0.0026112  -0.006146   0.000787   0.000530   0.000644  0.0000151  0.0000144    0.000652    0.000332
1985  10  14  46352   0.223725   0.363501   0.4445504   0.0025851  -0.006443   0.000897   0.002507   0.001871  0.0000138  0.0000144    0.000619    0.000304
1985  10  15  46353   0.224111   0.360240   0.4420541   0.0023913  -0.006707   0.000732   0.001066   0.001050  0.0000137  0.0000137    0.000617    0.000302
1985  10  16  46354   0.224592   0.357654   0.4398100   0.0020964  -0.006851   0.000497   0.000589   0.000617  0.0000137  0.0000137    0.000617    0.000302
1985  10  17  46355   0.225203   0.354840   0.4378713   0.0017921  -0.006939   0.000471   0.000640   0.000671  0.0000137  0.0000143    0.000617    0.000302
1985  10  18  46356   0.225615   0.351766   0.4362037   0.0015599  -0.006957   0.000638   0.001953   0.001781  0.0000150  0.0000458    0.000676    0.000329
1985  10  19  46357   0.225721   0.349058   0.4347093   0.0014477  -0.006620   0.000732   0.003708   0.002968  0.0000779  0.0000226    0.002970    0.000985
1985  10  20  46358   0.226086   0.346727   0.4332627   0.0014632  -0.005675   0.000632   0.001424   0.001410  0.0000301  0.0000469    0.001154    0.000574
1985  10  21  46359   0.226799   0.344393   0.4317467   0.0015823  -0.004367   0.000473   0.000746   0.000741  0.0000158  0.0000217    0.000608    0.000330
1985  10  22  46360   0.226731   0.341876   0.4300773   0.0017619  -0.003592   0.000304   0.000628   0.000624  0.0000133  0.0000244    0.000510    0.000280
1985  10  23  46361   0.225857   0.339108   0.4282172   0.0019549  -0.003623   0.000237   0.001674   0.001669  0.0000329  0.0000708    0.001238    0.000648
1985  10  24  46362   0.225485   0.336032   0.4261738   0.0021227  -0.004018   0.000445   0.004800   0.004148  0.0001283  0.0000265    0.004532    0.001549
1985  10  25  46363   0.226568   0.332689   0.4239869   0.0022404  -0.004266   0.001015   0.000773   0.000760  0.0000201  0.0000698    0.001182    0.000690
1985  10  26  46364   0.228422   0.329308   0.4217137   0.0022946  -0.004313   0.001717   0.000539   0.000538  0.0000113  0.0000167    0.000675    0.000414
1985  10  27  46365   0.229740   0.326146   0.4194210   0.0022774  -0.004346   0.002125   0.000788   0.000787  0.0000134  0.0000272    0.000797    0.000489
1985  10  28  46366   0.230233   0.323302   0.4171811   0.0021857  -0.004399   0.002019   0.001989   0.001744  0.0000430  0.0000169    0.001950    0.000848
1985  10  29  46367   0.230095   0.320820   0.4150673   0.0020266  -0.004377   0.001542   0.000907   0.000643  0.0000205  0.0000293    0.000705    0.000270
1985  10  30  46368   0.229623   0.318611   0.4131383   0.0018236  -0.004196   0.001083   0.000699   0.000508  0.0000157  0.0000190    0.000560    0.000216
1985  10  31  46369   0.229192   0.316258   0.4114208   0.0016138  -0.003840   0.000960   0.000845   0.000730  0.0000176  0.0000171    0.000782    0.000322
1985  11   1  46370   0.229091   0.313356   0.4099010   0.0014344  -0.003428   0.001129   0.001201   0.001131  0.0000185  0.0000326    0.000923    0.000401
1985  11   2  46371   0.228687   0.310609   0.4085333   0.0013108  -0.003184   0.001296   0.002994   0.002450  0.0000476  0.0001392    0.002399    0.001045
1985  11   3  46372   0.227795   0.308400   0.4072545   0.0012555  -0.003241   0.001230   0.006359   0.005083  0.0002600  0.0000448    0.011252    0.005151
1985  11   4  46373   0.227529   0.305707   0.4059947   0.0012727  -0.003481   0.000977   0.001659   0.001599  0.0000420  0.0001418    0.001846    0.000987
1985  11   5  46374   0.227992   0.302418   0.4046814   0.0013651  -0.003629   0.000776   0.000929   0.000896  0.0000236  0.0000326    0.001040    0.000558
1985  11   6  46375   0.228393   0.299222   0.4032391   0.0015356  -0.003571   0.000756   0.000930   0.000896  0.0000232  0.0000234    0.001022    0.000548
1985  11   7  46376   0.228244   0.296411   0.4015922   0.0017767  -0.003421   0.000835   0.002726   0.002483  0.0000232  0.0000201    0.001021    0.000548
1985  11   8  46377   0.227708   0.293842   0.3996824   0.0020557  -0.003256   0.000951   0.005362   0.004528  0.0000170  0.0000200    0.000621    0.000325
1985  11   9  46378   0.227321   0.291476   0.3974999   0.0023073  -0.003088   0.001218   0.000918   0.001078  0.0000167  0.0000168    0.000607    0.000317
1985  11  10  46379   0.227521   0.289664   0.3951110   0.0024485  -0.003052   0.001695   0.000620   0.000732  0.0000167  0.0000167    0.000607    0.000317
1985  11  11  46380   0.228341   0.288362   0.3926608   0.0024150  -0.003296   0.002170   0.000910   0.001043  0.0000167  0.0000167    0.000607    0.000317
1985  11  12  46381   0.229329   0.286465   0.3903348   0.0022010  -0.003638   0.002386   0.002134   0.002022  0.0000167  0.0000184    0.000607    0.000317
1985  11  13  46382   0.229557   0.283595   0.3882884   0.0018737  -0.003727   0.002397   0.002299   0.003558  0.0000201  0.0000186    0.000757    0.000423
1985  11  14  46383   0.228399   0.280428   0.3865822   0.0015471  -0.003503   0.002436   0.001527   0.001774  0.0000204  0.0000203    0.000774    0.000436
1985  11  15  46384   0.226397   0.277433   0.3851585   0.0013314  -0.003173   0.002471   0.000988   0.000974  0.0000204  0.0000204    0.000774    0.000436
1985  11  16  46385   0.225185   0.274100   0.3838696   0.0012857  -0.002773   0.002214   0.001167   0.001068  0.0000204  0.0000204    0.000774    0.000436
1985  11  17  46386   0.224860   0.270496   0.3825419   0.0014005  -0.002199   0.001649   0.003541   0.001975  0.0000204  0.0000172    0.000774    0.000436
1985  11  18  46387   0.224630   0.267353   0.3810402   0.0016137  -0.001617   0.001240   0.003660   0.001847  0.0000140  0.0000171    0.000580    0.000268
1985  11  19  46388   0.224626   0.265077   0.3793054   0.0018456  -0.001447   0.001452   0.000647   0.000498  0.0000138  0.0000143    0.000574    0.000262
1985  11  20  46389   0.225386   0.263363   0.3773549   0.0020307  -0.001851   0.002238   0.000668   0.000519  0.0000145  0.0000116    0.000616    0.000272
1985  11  21  46390   0.226921   0.261345   0.3752591   0.0021332  -0.002441   0.003088   0.000406   0.000391  0.0000093  0.0000091    0.000688    0.000258
1985  11  22  46391   0.228096   0.258116   0.3731081   0.0021479  -0.002330   0.003313   0.000163   0.000167  0.0000038  0.0000061    0.000391    0.000144
1985  11  23  46392   0.228374   0.254660   0.3709846   0.0020898  -0.001973   0.003220   0.000126   0.000130  0.0000029  0.0000044    0.000307    0.000115
1985  11  24  46393   0.228084   0.252322   0.3689494   0.0019794  -0.002105   0.003341   0.000226   0.000230  0.0000051  0.0000099    0.000448    0.000188
1985  11  25  46394   0.227642   0.251037   0.3670435   0.0018329  -0.002578   0.003606   0.000976   0.000966  0.0000169  0.0000112    0.000655    0.000381
1985  11  26  46395   0.227264   0.249893   0.3652955   0.0016625  -0.002971   0.003702   0.001446   0.001369  0.0000174  0.0000172    0.000657    0.000384
1985  11  27  46396   0.226817   0.248153   0.3637221   0.0014847  -0.003046   0.003487   0.002605   0.002134  0.0000174  0.0000209    0.000657    0.000384
1985  11  28  46397   0.226250   0.245860   0.3623200   0.0013246  -0.002784   0.003088   0.002947   0.003068  0.0000243  0.0000213    0.001139    0.000630
1985  11  29  46398   0.225652   0.243483   0.3610573   0.0012108  -0.002255   0.002694   0.001933   0.002396  0.0000252  0.0000247    0.001228    0.000670
1985  11  30  46399   0.225075   0.241235   0.3598752   0.0011651  -0.001598   0.002370   0.001127   0.001542  0.0000252  0.0000252    0.001228    0.000670
1985  12   1  46400   0.224359   0.238787   0.3586997   0.0011972  -0.001016   0.002090   0.001068   0.001478  0.0000252  0.0000251    0.001228    0.000670
1985  12   2  46401   0.223297   0.236142   0.3574534   0.0013070  -0.000644   0.001867   0.003849   0.005027  0.0000251  0.0000215    0.001227    0.000669
1985  12   3  46402   0.221776   0.233619   0.3560626   0.0014875  -0.000469   0.001782   0.007920   0.005733  0.0000179  0.0000213    0.000705    0.000281
1985  12   4  46403   0.219855   0.231251   0.3544628   0.0017232  -0.000383   0.001869   0.001233   0.000764  0.0000175  0.0000177    0.000689    0.000273
1985  12   5  46404   0.217804   0.228708   0.3526116   0.0019817  -0.000263   0.002067   0.000966   0.000599  0.0000175  0.0000175    0.000689    0.000273
1985  12   6  46405   0.216082   0.225935   0.3505103   0.0022106  -0.000036   0.002329   0.000981   0.000608  0.0000175  0.0000175    0.000689    0.000273
1985  12   7  46406   0.215216   0.223640   0.3482197   0.0023504   0.000178   0.002719   0.002641   0.001707  0.0000175  0.0000169    0.000689    0.000273
1985  12   8  46407   0.215238   0.222397   0.3458550   0.0023569   0.000007   0.003269   0.004639   0.003904  0.0000163  0.0000169    0.000664    0.000441
1985  12   9  46408   0.215198   0.221350   0.3435569   0.0022202  -0.000911   0.003788   0.001174   0.001390  0.0000163  0.0000169    0.000670    0.000475
1985  12  10  46409   0.213577   0.218381   0.3414542   0.0019691  -0.002459   0.004003   0.000824   0.000982  0.0000175  0.0000201    0.000720    0.000495
1985  12  11  46410   0.210486   0.213395   0.3396311   0.0016667  -0.003974   0.003910   0.001188   0.001408  0.0000240  0.0000276    0.000993    0.000576
1985  12  12  46411   0.208841   0.210427   0.3381004   0.0013954  -0.004655   0.003768   0.002520   0.002765  0.0000377  0.0000311    0.001611    0.000662
1985  12  13  46412   0.208631   0.210111   0.3367955   0.0012298  -0.004313   0.003737   0.004454   0.002831  0.0000382  0.0000289    0.001689    0.000551
1985  12  14  46413   0.207489   0.209272   0.3355898   0.0012059  -0.003240   0.003684   0.002857   0.001525  0.0000202  0.0000292    0.000908    0.000269
1985  12  15  46414   0.205213   0.206434   0.3343445   0.0013058  -0.001824   0.003478   0.001603   0.000803  0.0000201  0.0000202    0.000907    0.000268
1985  12  16  46415   0.204120   0.203399   0.3329608   0.0014711  -0.000537   0.003287   0.001701   0.000849  0.0000201  0.0000201    0.000907    0.000268
1985  12  17  46416   0.204676   0.201445   0.3314058   0.0016356   0.000159   0.003374   0.005661   0.002878  0.0000201  0.0000186    0.000907    0.000268
1985  12  18  46417   0.205237   0.200227   0.3297067   0.0017515   0.000112   0.003721   0.005233   0.004258  0.0000170  0.0000184    0.000756    0.000275
1985  12  19  46418   0.204647   0.198957   0.3279254   0.0017974  -0.000403   0.004036   0.000658   0.000657  0.0000167  0.0000169    0.000745    0.000275
1985  12  20  46419   0.203169   0.197141   0.3261348   0.0017711  -0.000993   0.004096   0.000573   0.000572  0.0000167  0.0000167    0.000745    0.000275
1985  12  21  46420   0.201658   0.194679   0.3244043   0.0016801  -0.001449   0.003960   0.000578   0.000576  0.0000167  0.0000167    0.000745    0.000275
1985  12  22  46421   0.200515   0.191742   0.3227922   0.0015377  -0.001728   0.003818   0.001456   0.001435  0.0000167  0.0000167    0.000745    0.000275
1985  12  23  46422   0.199591   0.188645   0.3213407   0.0013617  -0.001809   0.003743   0.014332   0.010914  0.0000167  0.0000167    0.000745    0.000275
1985  12  24  46423   0.198615   0.185716   0.3200731   0.0011725  -0.001710   0.003648   0.017532   0.012215  0.0000167  0.0000167    0.000745    0.000275
1985  12  25  46424   0.197546   0.183195   0.3189912   0.0009930  -0.001545   0.003463   0.013241   0.011129  0.0000167  0.0000163    0.000745    0.000275
1985  12  26  46425   0.196436   0.181168   0.3180738   0.0008465  -0.001423   0.003264   0.012724   0.010951  0.0000158  0.0000163    0.000793    0.000299
1985  12  27  46426   0.195200   0.179527   0.3172767   0.0007547  -0.001300   0.003197   0.012303   0.010870  0.0000158  0.0000158    0.000793    0.000299
1985  12  28  46427   0.193526   0.177986   0.3165372   0.0007330  -0.001031   0.003312   0.006658   0.006702  0.0000158  0.0000158    0.000793    0.000299
1985  12  29  46428   0.191197   0.176197   0.3157818   0.0007880  -0.000574   0.003530   0.001688   0.001701  0.0000158  0.0000158    0.000793    0.000299
1985  12  30  46429   0.188494   0.173931   0.3149363   0.0009154  -0.000062   0.003748   0.000840   0.000846  0.0000158  0.0000158    0.000793    0.000299
1985  12  31  46430   0.186002   0.171313   0.3139355   0.0010995   0.000346   0.003921   0.000995   0.001002  0.0000158  0.0000158    0.000793    0.000299
