

                   INTERNATIONAL EARTH ROTATION AND REFERENCE SYSTEMS SERVICE
                        EARTH ORIENTATION PARAMETERS
                          EOP (IERS) 08 C04

  
             FORMAT(3(I4),I7,2(F11.6),2(F12.7),2(F11.6),2(F11.6),2(F11.7),2F12.6)
**********************************************************************************
  
      Date      MJD      x          y        UT1-UTC       LOD         dPsi      dEps       x Err     y Err   UT1-UTC Err  LOD Err    dPsi Err   dEpsilon Err
                         "          "           s           s            "         "        "          "          s           s            "         "
     (0h UTC)

2003   1   1  52640  -0.088455   0.188143  -0.2894462   0.0004478  -0.055327  -0.000617   0.000100   0.000098  0.0000009  0.0000129    0.000201    0.000069
2003   1   2  52641  -0.091534   0.190448  -0.2898229   0.0003297  -0.055171  -0.000741   0.000102   0.000100  0.0000007  0.0000129    0.000199    0.000067
2003   1   3  52642  -0.094435   0.192852  -0.2901104   0.0003144  -0.054985  -0.000832   0.000099   0.000097  0.0000006  0.0000129    0.000196    0.000065
2003   1   4  52643  -0.097562   0.195410  -0.2904026   0.0003740  -0.054764  -0.000944   0.000102   0.000099  0.0000005  0.0000133    0.000180    0.000059
2003   1   5  52644  -0.100609   0.197600  -0.2907892   0.0004474  -0.054511  -0.001063   0.000112   0.000108  0.0000004  0.0000138    0.000158    0.000053
2003   1   6  52645  -0.103513   0.199545  -0.2913281   0.0005883  -0.054301  -0.001100   0.000113   0.000111  0.0000004  0.0000131    0.000137    0.000046
2003   1   7  52646  -0.105933   0.201451  -0.2920264   0.0007777  -0.054244  -0.001015   0.000103   0.000103  0.0000003  0.0000120    0.000116    0.000039
2003   1   8  52647  -0.108553   0.203596  -0.2928461   0.0008565  -0.054425  -0.000916   0.000099   0.000100  0.0000041  0.0000114    0.000127    0.000060
2003   1   9  52648  -0.111054   0.205660  -0.2937305   0.0008758  -0.054712  -0.000876   0.000100   0.000100  0.0000069  0.0000111    0.000147    0.000088
2003   1  10  52649  -0.113141   0.208140  -0.2946344   0.0009208  -0.054837  -0.000840   0.000101   0.000101  0.0000018  0.0000114    0.000190    0.000075
2003   1  11  52650  -0.115221   0.210551  -0.2955339   0.0009051  -0.054914  -0.000751   0.000104   0.000104  0.0000005  0.0000120    0.000196    0.000065
2003   1  12  52651  -0.117280   0.212885  -0.2964079   0.0008349  -0.054941  -0.000559   0.000108   0.000108  0.0000005  0.0000120    0.000185    0.000061
2003   1  13  52652  -0.118980   0.214962  -0.2972175   0.0007167  -0.054941  -0.000342   0.000108   0.000107  0.0000004  0.0000113    0.000174    0.000058
2003   1  14  52653  -0.120344   0.217095  -0.2979055   0.0005744  -0.054975  -0.000265   0.000102   0.000103  0.0000004  0.0000109    0.000163    0.000054
2003   1  15  52654  -0.121680   0.219400  -0.2984238   0.0004224  -0.055028  -0.000446   0.000103   0.000104  0.0000004  0.0000108    0.000162    0.000055
2003   1  16  52655  -0.122915   0.221760  -0.2987682   0.0002878  -0.055076  -0.000811   0.000103   0.000104  0.0000004  0.0000108    0.000164    0.000057
2003   1  17  52656  -0.124248   0.224294  -0.2989957   0.0001778  -0.055087  -0.001139   0.000099   0.000101  0.0000004  0.0000109    0.000177    0.000055
2003   1  18  52657  -0.126081   0.226712  -0.2992097   0.0002175  -0.054867  -0.001336   0.000104   0.000105  0.0000008  0.0000112    0.000301    0.000099
2003   1  19  52658  -0.127691   0.229002  -0.2995015   0.0003663  -0.054448  -0.001338   0.000113   0.000113  0.0000013  0.0000116    0.000466    0.000160
2003   1  20  52659  -0.128823   0.231200  -0.2999192   0.0004924  -0.053990  -0.001196   0.000115   0.000115  0.0000018  0.0000113    0.000631    0.000221
2003   1  21  52660  -0.129910   0.233699  -0.3004748   0.0006204  -0.053662  -0.001035   0.000115   0.000115  0.0000023  0.0000111    0.000796    0.000282
2003   1  22  52661  -0.130982   0.236530  -0.3011631   0.0007517  -0.053686  -0.000925   0.000112   0.000113  0.0000008  0.0000113    0.000347    0.000117
2003   1  23  52662  -0.132184   0.239939  -0.3019734   0.0008727  -0.053758  -0.000897   0.000112   0.000112  0.0000012  0.0000113    0.000383    0.000133
2003   1  24  52663  -0.133613   0.242580  -0.3028622   0.0009091  -0.053794  -0.000862   0.000115   0.000114  0.0000009  0.0000115    0.000371    0.000116
2003   1  25  52664  -0.135124   0.245034  -0.3037480   0.0008199  -0.054036  -0.000810   0.000118   0.000117  0.0000006  0.0000120    0.000313    0.000094
2003   1  26  52665  -0.136838   0.247223  -0.3045142   0.0006262  -0.054397  -0.000752   0.000120   0.000118  0.0000005  0.0000120    0.000259    0.000079
2003   1  27  52666  -0.138125   0.249554  -0.3050537   0.0004358  -0.054735  -0.000721   0.000118   0.000116  0.0000004  0.0000114    0.000205    0.000063
2003   1  28  52667  -0.138993   0.252302  -0.3053298   0.0001829  -0.054936  -0.000737   0.000113   0.000111  0.0000003  0.0000112    0.000151    0.000048
2003   1  29  52668  -0.139327   0.255308  -0.3054006   0.0000126  -0.054855  -0.000748   0.000108   0.000106  0.0000007  0.0000114    0.000165    0.000059
2003   1  30  52669  -0.139385   0.258390  -0.3053955  -0.0000381  -0.054767  -0.000854   0.000112   0.000109  0.0000098  0.0000117    0.000208    0.000079
2003   1  31  52670  -0.139852   0.261504  -0.3053579  -0.0000247  -0.054461  -0.001086   0.000113   0.000110  0.0000039  0.0000116    0.000257    0.000079
2003   2   1  52671  -0.141145   0.264256  -0.3053316   0.0000212  -0.054323  -0.001290   0.000117   0.000114  0.0000007  0.0000120    0.000251    0.000073
2003   2   2  52672  -0.142590   0.266951  -0.3054052   0.0001835  -0.054306  -0.001395   0.000125   0.000121  0.0000006  0.0000128    0.000222    0.000068
2003   2   3  52673  -0.144065   0.269912  -0.3056708   0.0003703  -0.054243  -0.001368   0.000122   0.000119  0.0000005  0.0000128    0.000194    0.000063
2003   2   4  52674  -0.145347   0.272789  -0.3061757   0.0005832  -0.054102  -0.001253   0.000116   0.000116  0.0000004  0.0000125    0.000166    0.000059
2003   2   5  52675  -0.146068   0.275576  -0.3068739   0.0007737  -0.053849  -0.001181   0.000111   0.000112  0.0000008  0.0000124    0.000161    0.000052
2003   2   6  52676  -0.147310   0.278286  -0.3076090   0.0007962  -0.053708  -0.001181   0.000116   0.000116  0.0000530  0.0000123    0.000311    0.000101
2003   2   7  52677  -0.148371   0.280624  -0.3084107   0.0007390  -0.053946  -0.001241   0.000120   0.000121  0.0000187  0.0000123    0.000244    0.000081
2003   2   8  52678  -0.149577   0.283473  -0.3091843   0.0006674  -0.054201  -0.001263   0.000122   0.000122  0.0000005  0.0000132    0.000204    0.000067
2003   2   9  52679  -0.151319   0.286158  -0.3098126   0.0005526  -0.054372  -0.001224   0.000124   0.000124  0.0000005  0.0000138    0.000204    0.000066
2003   2  10  52680  -0.152938   0.288824  -0.3102739   0.0004275  -0.054465  -0.001196   0.000124   0.000125  0.0000005  0.0000131    0.000205    0.000064
2003   2  11  52681  -0.154236   0.291603  -0.3105941   0.0002965  -0.054446  -0.001265   0.000118   0.000119  0.0000005  0.0000125    0.000206    0.000063
2003   2  12  52682  -0.155346   0.294264  -0.3108365   0.0002219  -0.054172  -0.001456   0.000110   0.000112  0.0000004  0.0000123    0.000188    0.000059
2003   2  13  52683  -0.155873   0.297061  -0.3110784   0.0002679  -0.053855  -0.001746   0.000108   0.000109  0.0000004  0.0000122    0.000165    0.000054
2003   2  14  52684  -0.156220   0.299682  -0.3113769   0.0003343  -0.053954  -0.002127   0.000105   0.000106  0.0000005  0.0000126    0.000206    0.000061
2003   2  15  52685  -0.156334   0.302331  -0.3117503   0.0003876  -0.054068  -0.002405   0.000112   0.000112  0.0000042  0.0000135    0.000208    0.000060
2003   2  16  52686  -0.156311   0.304810  -0.3122332   0.0005503  -0.053968  -0.002471   0.000120   0.000117  0.0000092  0.0000136    0.000188    0.000055
2003   2  17  52687  -0.155761   0.307222  -0.3128966   0.0008339  -0.053583  -0.002288   0.000122   0.000118  0.0000142  0.0000129    0.000167    0.000050
2003   2  18  52688  -0.155213   0.310284  -0.3138018   0.0010638  -0.053119  -0.001972   0.000121   0.000118  0.0000155  0.0000125    0.000147    0.000045
2003   2  19  52689  -0.154942   0.313790  -0.3149378   0.0012233  -0.052919  -0.001761   0.000112   0.000111  0.0000029  0.0000126    0.000127    0.000040
2003   2  20  52690  -0.154645   0.317715  -0.3161980   0.0012659  -0.053082  -0.001825   0.000110   0.000108  0.0000004  0.0000124    0.000171    0.000053
2003   2  21  52691  -0.155073   0.321669  -0.3174328   0.0011801  -0.053417  -0.002042   0.000113   0.000109  0.0000005  0.0000121    0.000232    0.000070
2003   2  22  52692  -0.155469   0.324610  -0.3185104   0.0009762  -0.053702  -0.002163   0.000115   0.000110  0.0000005  0.0000127    0.000231    0.000070
2003   2  23  52693  -0.155413   0.327551  -0.3193548   0.0007053  -0.053862  -0.002127   0.000117   0.000111  0.0000005  0.0000137    0.000206    0.000063
2003   2  24  52694  -0.155053   0.330611  -0.3199551   0.0004757  -0.053954  -0.002017   0.000113   0.000106  0.0000004  0.0000132    0.000181    0.000056
2003   2  25  52695  -0.154647   0.333616  -0.3203499   0.0003251  -0.053992  -0.001936   0.000106   0.000102  0.0000003  0.0000125    0.000157    0.000049
2003   2  26  52696  -0.154558   0.336616  -0.3206078   0.0002359  -0.053922  -0.002008   0.000104   0.000101  0.0000067  0.0000124    0.000169    0.000063
2003   2  27  52697  -0.154642   0.339451  -0.3208162   0.0002062  -0.053630  -0.002174   0.000111   0.000107  0.0000113  0.0000128    0.000190    0.000081
2003   2  28  52698  -0.154302   0.342331  -0.3210511   0.0002552  -0.053029  -0.002224   0.000109   0.000105  0.0000031  0.0000129    0.000251    0.000087
2003   3   1  52699  -0.153838   0.344827  -0.3213569   0.0003317  -0.052648  -0.002341   0.000111   0.000106  0.0000008  0.0000135    0.000243    0.000078
2003   3   2  52700  -0.153118   0.347346  -0.3217675   0.0004730  -0.052622  -0.002424   0.000116   0.000108  0.0000006  0.0000139    0.000206    0.000066
2003   3   3  52701  -0.152823   0.350457  -0.3222985   0.0006105  -0.052836  -0.002381   0.000115   0.000106  0.0000004  0.0000132    0.000169    0.000054
2003   3   4  52702  -0.153085   0.353379  -0.3229326   0.0006633  -0.053116  -0.002269   0.000104   0.000100  0.0000003  0.0000125    0.000132    0.000042
2003   3   5  52703  -0.153359   0.356029  -0.3236255   0.0006950  -0.053363  -0.002210   0.000098   0.000094  0.0000618  0.0000120    0.002410    0.003749
2003   3   6  52704  -0.153775   0.358552  -0.3243252   0.0006944  -0.053459  -0.002222   0.000105   0.000099  0.0000488  0.0000121    0.001983    0.003018
2003   3   7  52705  -0.154111   0.360925  -0.3249974   0.0006687  -0.053406  -0.002274   0.000107   0.000101  0.0000108  0.0000127    0.000582    0.000697
2003   3   8  52706  -0.154509   0.363735  -0.3256257   0.0006161  -0.053248  -0.002328   0.000111   0.000104  0.0000004  0.0000134    0.000190    0.000064
2003   3   9  52707  -0.154807   0.366534  -0.3261966   0.0005412  -0.053067  -0.002387   0.000113   0.000106  0.0000004  0.0000138    0.000173    0.000057
2003   3  10  52708  -0.154874   0.369534  -0.3266955   0.0004371  -0.052976  -0.002524   0.000111   0.000104  0.0000003  0.0000132    0.000155    0.000051
2003   3  11  52709  -0.155595   0.372651  -0.3271133   0.0003377  -0.052936  -0.002753   0.000101   0.000098  0.0000003  0.0000125    0.000138    0.000044
2003   3  12  52710  -0.156473   0.375689  -0.3274591   0.0003116  -0.052761  -0.002972   0.000099   0.000096  0.0000003  0.0000123    0.000126    0.000039
2003   3  13  52711  -0.157015   0.378795  -0.3277714   0.0003277  -0.052432  -0.003107   0.000099   0.000097  0.0000003  0.0000125    0.000115    0.000034
2003   3  14  52712  -0.157399   0.381645  -0.3281226   0.0004167  -0.052216  -0.003233   0.000098   0.000097  0.0000006  0.0000128    0.000203    0.000072
2003   3  15  52713  -0.157178   0.384143  -0.3286105   0.0005821  -0.052146  -0.003450   0.000107   0.000104  0.0000006  0.0000134    0.000216    0.000079
2003   3  16  52714  -0.156928   0.387120  -0.3293381   0.0008402  -0.052022  -0.003706   0.000106   0.000103  0.0000005  0.0000133    0.000188    0.000069
2003   3  17  52715  -0.156690   0.389903  -0.3303731   0.0011897  -0.051638  -0.003774   0.000098   0.000097  0.0000004  0.0000123    0.000161    0.000059
2003   3  18  52716  -0.155993   0.392872  -0.3317047   0.0014471  -0.051210  -0.003557   0.000091   0.000091  0.0000003  0.0000116    0.000134    0.000048
2003   3  19  52717  -0.154949   0.395930  -0.3332275   0.0015439  -0.051425  -0.003337   0.000088   0.000089  0.0000011  0.0000113    0.000318    0.000090
2003   3  20  52718  -0.153801   0.399810  -0.3347681   0.0014733  -0.051885  -0.003283   0.000093   0.000093  0.0000010  0.0000115    0.000294    0.000088
2003   3  21  52719  -0.153144   0.403651  -0.3361580   0.0012510  -0.052337  -0.003434   0.000092   0.000092  0.0000005  0.0000117    0.000193    0.000070
2003   3  22  52720  -0.152319   0.406781  -0.3372859   0.0009586  -0.052607  -0.003597   0.000094   0.000095  0.0000004  0.0000122    0.000163    0.000061
2003   3  23  52721  -0.151488   0.409790  -0.3381106   0.0006414  -0.052570  -0.003632   0.000095   0.000097  0.0000004  0.0000125    0.000159    0.000056
2003   3  24  52722  -0.150545   0.412605  -0.3386578   0.0004087  -0.052383  -0.003613   0.000087   0.000089  0.0000004  0.0000117    0.000156    0.000051
2003   3  25  52723  -0.149047   0.415556  -0.3390036   0.0002579  -0.052222  -0.003646   0.000084   0.000086  0.0000004  0.0000113    0.000152    0.000047
2003   3  26  52724  -0.147561   0.418506  -0.3392554   0.0002225  -0.051920  -0.003778   0.000084   0.000086  0.0000004  0.0000113    0.000138    0.000060
2003   3  27  52725  -0.145727   0.421293  -0.3395330   0.0003188  -0.051726  -0.003841   0.000083   0.000087  0.0000005  0.0000112    0.000179    0.000055
2003   3  28  52726  -0.143330   0.424216  -0.3399321   0.0004704  -0.051620  -0.003883   0.000085   0.000089  0.0000006  0.0000111    0.000187    0.000064
2003   3  29  52727  -0.140608   0.427064  -0.3404846   0.0005943  -0.051484  -0.003946   0.000091   0.000095  0.0000006  0.0000117    0.000181    0.000066
2003   3  30  52728  -0.137797   0.430046  -0.3411819   0.0007770  -0.051435  -0.003927   0.000090   0.000094  0.0000005  0.0000121    0.000175    0.000064
2003   3  31  52729  -0.135357   0.433063  -0.3420030   0.0008842  -0.051496  -0.003738   0.000081   0.000084  0.0000005  0.0000113    0.000170    0.000061
2003   4   1  52730  -0.133311   0.435808  -0.3429200   0.0009437  -0.051537  -0.003451   0.000077   0.000079  0.0000005  0.0000106    0.000164    0.000059
2003   4   2  52731  -0.131262   0.438768  -0.3438931   0.0010055  -0.051424  -0.003245   0.000077   0.000079  0.0000025  0.0000103    0.000177    0.000065
2003   4   3  52732  -0.129043   0.441939  -0.3448663   0.0009912  -0.051192  -0.003258   0.000078   0.000080  0.0000039  0.0000103    0.000194    0.000074
2003   4   4  52733  -0.126962   0.444910  -0.3457859   0.0008673  -0.050943  -0.003429   0.000080   0.000082  0.0000013  0.0000106    0.000212    0.000082
2003   4   5  52734  -0.124658   0.447705  -0.3466162   0.0007951  -0.050814  -0.003614   0.000082   0.000085  0.0000005  0.0000111    0.000201    0.000077
2003   4   6  52735  -0.122092   0.450925  -0.3473313   0.0006786  -0.050844  -0.003768   0.000085   0.000087  0.0000005  0.0000114    0.000180    0.000067
2003   4   7  52736  -0.119780   0.454294  -0.3479135   0.0005145  -0.051016  -0.003965   0.000084   0.000087  0.0000004  0.0000111    0.000159    0.000056
2003   4   8  52737  -0.117692   0.457169  -0.3483630   0.0003801  -0.051171  -0.004237   0.000081   0.000084  0.0000004  0.0000107    0.000138    0.000046
2003   4   9  52738  -0.116129   0.459931  -0.3487095   0.0003100  -0.050926  -0.004468   0.000080   0.000082  0.0000018  0.0000107    0.000409    0.000163
2003   4  10  52739  -0.114690   0.462574  -0.3490183   0.0003487  -0.050439  -0.004529   0.000083   0.000085  0.0000026  0.0000107    0.000439    0.000140
2003   4  11  52740  -0.113298   0.465081  -0.3494070   0.0004555  -0.050146  -0.004520   0.000083   0.000085  0.0000012  0.0000110    0.000255    0.000092
2003   4  12  52741  -0.111392   0.467662  -0.3499629   0.0006547  -0.050153  -0.004660   0.000086   0.000086  0.0000037  0.0000117    0.000181    0.000075
2003   4  13  52742  -0.109344   0.470584  -0.3507637   0.0009339  -0.050288  -0.004975   0.000088   0.000087  0.0000040  0.0000123    0.000169    0.000065
2003   4  14  52743  -0.107196   0.473001  -0.3518609   0.0012427  -0.050206  -0.005160   0.000087   0.000086  0.0000023  0.0000120    0.000157    0.000056
2003   4  15  52744  -0.105321   0.475535  -0.3532216   0.0014564  -0.049968  -0.004943   0.000084   0.000084  0.0000006  0.0000114    0.000145    0.000046
2003   4  16  52745  -0.103936   0.477620  -0.3547132   0.0014975  -0.050062  -0.004482   0.000082   0.000082  0.0000004  0.0000114    0.000148    0.000051
2003   4  17  52746  -0.102297   0.479472  -0.3561307   0.0012933  -0.050652  -0.004200   0.000083   0.000082  0.0000005  0.0000115    0.000154    0.000058
2003   4  18  52747  -0.100311   0.481377  -0.3572944   0.0010105  -0.051302  -0.004259   0.000084   0.000083  0.0000049  0.0000117    0.000156    0.000059
2003   4  19  52748  -0.098112   0.483633  -0.3581541   0.0006524  -0.051524  -0.004451   0.000091   0.000088  0.0000078  0.0000124    0.000156    0.000057
2003   4  20  52749  -0.095480   0.485850  -0.3586520   0.0003243  -0.051290  -0.004590   0.000094   0.000090  0.0000038  0.0000128    0.000156    0.000055
2003   4  21  52750  -0.093112   0.487984  -0.3588084   0.0000895  -0.050906  -0.004731   0.000085   0.000082  0.0000022  0.0000118    0.000155    0.000053
2003   4  22  52751  -0.090742   0.489870  -0.3588676   0.0000106  -0.050644  -0.004949   0.000079   0.000077  0.0000006  0.0000113    0.000155    0.000051
2003   4  23  52752  -0.088581   0.491983  -0.3589906   0.0000666  -0.050625  -0.005130   0.000078   0.000076  0.0000441  0.0000113    0.000364    0.000130
2003   4  24  52753  -0.085992   0.493957  -0.3590500   0.0001634  -0.050666  -0.005164   0.000077   0.000076  0.0000140  0.0000113    0.000196    0.000072
2003   4  25  52754  -0.082804   0.495924  -0.3592751   0.0003364  -0.050601  -0.005028   0.000075   0.000075  0.0000004  0.0000115    0.000133    0.000050
2003   4  26  52755  -0.080028   0.498257  -0.3597168   0.0004744  -0.050377  -0.004867   0.000080   0.000079  0.0000004  0.0000121    0.000140    0.000052
2003   4  27  52756  -0.077688   0.500314  -0.3602786   0.0006109  -0.050145  -0.004699   0.000083   0.000081  0.0000004  0.0000126    0.000146    0.000053
2003   4  28  52757  -0.075214   0.502657  -0.3609274   0.0007140  -0.050129  -0.004449   0.000079   0.000076  0.0000003  0.0000117    0.000152    0.000054
2003   4  29  52758  -0.072893   0.504640  -0.3616483   0.0007629  -0.050361  -0.004135   0.000075   0.000073  0.0000003  0.0000110    0.000157    0.000054
2003   4  30  52759  -0.070318   0.506411  -0.3624052   0.0007557  -0.050658  -0.003921   0.000075   0.000072  0.0000004  0.0000111    0.000166    0.000060
2003   5   1  52760  -0.066919   0.508209  -0.3631011   0.0006286  -0.050798  -0.003990   0.000077   0.000075  0.0000039  0.0000114    0.000163    0.000061
2003   5   2  52761  -0.063124   0.510122  -0.3636396   0.0004537  -0.050728  -0.004302   0.000080   0.000078  0.0000075  0.0000114    0.000156    0.000059
2003   5   3  52762  -0.059465   0.511755  -0.3639692   0.0002728  -0.050541  -0.004650   0.000080   0.000077  0.0000062  0.0000116    0.000148    0.000057
2003   5   4  52763  -0.056127   0.513660  -0.3641007   0.0000792  -0.050378  -0.004889   0.000078   0.000076  0.0000044  0.0000117    0.000140    0.000055
2003   5   5  52764  -0.053264   0.515650  -0.3641000  -0.0000836  -0.050355  -0.005050   0.000077   0.000075  0.0000026  0.0000109    0.000133    0.000053
2003   5   6  52765  -0.050200   0.517731  -0.3640270  -0.0001263  -0.050468  -0.005212   0.000074   0.000072  0.0000007  0.0000104    0.000125    0.000051
2003   5   7  52766  -0.047207   0.519928  -0.3639106  -0.0001099  -0.050538  -0.005362   0.000074   0.000073  0.0000004  0.0000104    0.000144    0.000054
2003   5   8  52767  -0.044717   0.521795  -0.3638256  -0.0000199  -0.050482  -0.005347   0.000073   0.000073  0.0000004  0.0000103    0.000115    0.000042
2003   5   9  52768  -0.042161   0.523521  -0.3639063   0.0001666  -0.050355  -0.005229   0.000070   0.000071  0.0000005  0.0000102    0.000154    0.000057
2003   5  10  52769  -0.039746   0.525308  -0.3642098   0.0003945  -0.050264  -0.005204   0.000074   0.000074  0.0000050  0.0000106    0.000163    0.000061
2003   5  11  52770  -0.037732   0.526854  -0.3647162   0.0006286  -0.050254  -0.005359   0.000078   0.000077  0.0000054  0.0000108    0.000151    0.000056
2003   5  12  52771  -0.036073   0.528114  -0.3654717   0.0009193  -0.050198  -0.005496   0.000079   0.000078  0.0000031  0.0000099    0.000140    0.000052
2003   5  13  52772  -0.034453   0.529539  -0.3665384   0.0011472  -0.050146  -0.005353   0.000075   0.000075  0.0000008  0.0000093    0.000128    0.000048
2003   5  14  52773  -0.032602   0.530797  -0.3678257   0.0012075  -0.050402  -0.004991   0.000073   0.000073  0.0000703  0.0000090    0.000551    0.000474
2003   5  15  52774  -0.030447   0.532070  -0.3690148   0.0011075  -0.051080  -0.004708   0.000075   0.000075  0.0000570  0.0000090    0.000493    0.000399
2003   5  16  52775  -0.028213   0.533348  -0.3699162   0.0008399  -0.051778  -0.004668   0.000074   0.000075  0.0000125  0.0000093    0.000253    0.000135
2003   5  17  52776  -0.025899   0.534510  -0.3705407   0.0004880  -0.052035  -0.004720   0.000078   0.000078  0.0000027  0.0000097    0.000186    0.000063
2003   5  18  52777  -0.023603   0.535697  -0.3709082   0.0002263  -0.051795  -0.004752   0.000083   0.000083  0.0000030  0.0000096    0.000182    0.000062
2003   5  19  52778  -0.021298   0.536748  -0.3710913   0.0001343  -0.051305  -0.004879   0.000081   0.000080  0.0000018  0.0000088    0.000178    0.000061
2003   5  20  52779  -0.018574   0.537664  -0.3712252   0.0001703  -0.050840  -0.005199   0.000077   0.000076  0.0000007  0.0000086    0.000174    0.000060
2003   5  21  52780  -0.015426   0.538871  -0.3714275   0.0002529  -0.050586  -0.005596   0.000076   0.000076  0.0000006  0.0000089    0.000207    0.000085
2003   5  22  52781  -0.012516   0.539877  -0.3717470   0.0003836  -0.050647  -0.005721   0.000077   0.000077  0.0000006  0.0000090    0.000198    0.000074
2003   5  23  52782  -0.009829   0.540805  -0.3721988   0.0005056  -0.051006  -0.005474   0.000076   0.000076  0.0000005  0.0000090    0.000168    0.000060
2003   5  24  52783  -0.006947   0.541147  -0.3727707   0.0006139  -0.051282  -0.005127   0.000081   0.000080  0.0000046  0.0000094    0.000154    0.000056
2003   5  25  52784  -0.003995   0.541445  -0.3734042   0.0006703  -0.051390  -0.004855   0.000086   0.000085  0.0000054  0.0000101    0.000147    0.000054
2003   5  26  52785  -0.000956   0.541742  -0.3740389   0.0006466  -0.051516  -0.004647   0.000083   0.000082  0.0000038  0.0000100    0.000139    0.000052
2003   5  27  52786   0.002439   0.542257  -0.3746354   0.0005586  -0.051780  -0.004457   0.000080   0.000079  0.0000023  0.0000096    0.000132    0.000049
2003   5  28  52787   0.005904   0.542919  -0.3751569   0.0004577  -0.052068  -0.004347   0.000078   0.000077  0.0000007  0.0000097    0.000124    0.000047
2003   5  29  52788   0.009373   0.543923  -0.3755548   0.0003288  -0.052169  -0.004548   0.000079   0.000079  0.0000004  0.0000098    0.000152    0.000075
2003   5  30  52789   0.012530   0.544857  -0.3757788   0.0001416  -0.052032  -0.004757   0.000080   0.000080  0.0000003  0.0000099    0.000168    0.000062
2003   5  31  52790   0.015657   0.545757  -0.3758075  -0.0000628  -0.051839  -0.005025   0.000080   0.000080  0.0000003  0.0000101    0.000164    0.000053
2003   6   1  52791   0.018465   0.546680  -0.3756590  -0.0002017  -0.051725  -0.005194   0.000084   0.000083  0.0000003  0.0000105    0.000156    0.000051
2003   6   2  52792   0.021347   0.547220  -0.3753692  -0.0003463  -0.051756  -0.005220   0.000084   0.000083  0.0000003  0.0000102    0.000148    0.000049
2003   6   3  52793   0.024365   0.547808  -0.3749753  -0.0004546  -0.051944  -0.005221   0.000079   0.000078  0.0000003  0.0000098    0.000139    0.000047
2003   6   4  52794   0.027770   0.547979  -0.3745220  -0.0004735  -0.052207  -0.005286   0.000077   0.000076  0.0000062  0.0000097    0.000152    0.000052
2003   6   5  52795   0.031554   0.548099  -0.3740751  -0.0004086  -0.052427  -0.005374   0.000081   0.000080  0.0000105  0.0000098    0.000171    0.000059
2003   6   6  52796   0.035026   0.548086  -0.3737483  -0.0002281  -0.052497  -0.005403   0.000081   0.000080  0.0000027  0.0000100    0.000190    0.000067
2003   6   7  52797   0.038188   0.548081  -0.3736725   0.0000337  -0.052477  -0.005334   0.000080   0.000080  0.0000125  0.0000103    0.000196    0.000068
2003   6   8  52798   0.041400   0.548065  -0.3738620   0.0002827  -0.052476  -0.005200   0.000082   0.000081  0.0000141  0.0000103    0.000199    0.000066
2003   6   9  52799   0.044823   0.548146  -0.3742579   0.0004761  -0.052584  -0.004995   0.000080   0.000080  0.0000079  0.0000098    0.000201    0.000065
2003   6  10  52800   0.048347   0.548216  -0.3747715   0.0005186  -0.052842  -0.004710   0.000079   0.000079  0.0000017  0.0000094    0.000203    0.000064
2003   6  11  52801   0.051780   0.548398  -0.3752737   0.0004039  -0.053205  -0.004479   0.000079   0.000078  0.0000062  0.0000092    0.000336    0.000099
2003   6  12  52802   0.055249   0.547937  -0.3756025   0.0001911  -0.053618  -0.004454   0.000077   0.000077  0.0000105  0.0000092    0.000503    0.000145
2003   6  13  52803   0.058745   0.547521  -0.3756279  -0.0001192  -0.053913  -0.004642   0.000078   0.000079  0.0000038  0.0000091    0.000669    0.000190
2003   6  14  52804   0.062105   0.546872  -0.3753199  -0.0004257  -0.054040  -0.004839   0.000080   0.000080  0.0000083  0.0000091    0.000614    0.000178
2003   6  15  52805   0.065872   0.546382  -0.3747472  -0.0006377  -0.054061  -0.004927   0.000078   0.000079  0.0000088  0.0000091    0.000477    0.000144
2003   6  16  52806   0.069747   0.545830  -0.3740622  -0.0007176  -0.054064  -0.005008   0.000075   0.000076  0.0000051  0.0000089    0.000340    0.000110
2003   6  17  52807   0.074108   0.545252  -0.3734221  -0.0006453  -0.054048  -0.005206   0.000074   0.000075  0.0000014  0.0000090    0.000203    0.000076
2003   6  18  52808   0.078579   0.545143  -0.3729028  -0.0004977  -0.054107  -0.005418   0.000075   0.000076  0.0000015  0.0000094    0.000513    0.000186
2003   6  19  52809   0.083048   0.544892  -0.3724763  -0.0003270  -0.054115  -0.005472   0.000074   0.000075  0.0000009  0.0000097    0.000242    0.000089
2003   6  20  52810   0.087733   0.544759  -0.3722287  -0.0001619  -0.053946  -0.005320   0.000074   0.000074  0.0000008  0.0000098    0.000285    0.000114
2003   6  21  52811   0.092004   0.544704  -0.3721830  -0.0000824  -0.053908  -0.005081   0.000077   0.000076  0.0000008  0.0000101    0.000314    0.000124
2003   6  22  52812   0.095894   0.544296  -0.3722095  -0.0000379  -0.053984  -0.004888   0.000079   0.000077  0.0000007  0.0000105    0.000276    0.000105
2003   6  23  52813   0.099868   0.543828  -0.3721350  -0.0000899  -0.054288  -0.004712   0.000077   0.000076  0.0000006  0.0000101    0.000237    0.000085
2003   6  24  52814   0.103533   0.543340  -0.3718510  -0.0002115  -0.054935  -0.004462   0.000075   0.000075  0.0000005  0.0000097    0.000199    0.000066
2003   6  25  52815   0.107291   0.542669  -0.3714199  -0.0003197  -0.056065  -0.004033   0.000075   0.000075  0.0000456  0.0000097    0.000303    0.000109
2003   6  26  52816   0.110962   0.542300  -0.3711191  -0.0004742  -0.056582  -0.003987   0.000076   0.000076  0.0000060  0.0000098    0.000334    0.000113
2003   6  27  52817   0.114764   0.541689  -0.3705716  -0.0006053  -0.056573  -0.004342   0.000078   0.000077  0.0000020  0.0000099    0.000331    0.000100
2003   6  28  52818   0.118653   0.541251  -0.3698659  -0.0007634  -0.056464  -0.004830   0.000080   0.000079  0.0000037  0.0000103    0.000303    0.000089
2003   6  29  52819   0.122652   0.540605  -0.3690520  -0.0008735  -0.056325  -0.005214   0.000086   0.000085  0.0000040  0.0000107    0.000266    0.000080
2003   6  30  52820   0.126785   0.540072  -0.3681448  -0.0008997  -0.056202  -0.005327   0.000087   0.000087  0.0000023  0.0000100    0.000229    0.000070
2003   7   1  52821   0.130443   0.539525  -0.3672291  -0.0008814  -0.056166  -0.005205   0.000083   0.000083  0.0000007  0.0000093    0.000192    0.000060
2003   7   2  52822   0.133949   0.538798  -0.3663916  -0.0007761  -0.056266  -0.005025   0.000083   0.000083  0.0000005  0.0000090    0.000208    0.000067
2003   7   3  52823   0.136997   0.537743  -0.3656859  -0.0006336  -0.056424  -0.004930   0.000085   0.000084  0.0000006  0.0000089    0.000237    0.000078
2003   7   4  52824   0.139958   0.536091  -0.3651353  -0.0004750  -0.056424  -0.004936   0.000086   0.000085  0.0000006  0.0000091    0.000238    0.000080
2003   7   5  52825   0.143100   0.534301  -0.3647496  -0.0003113  -0.056234  -0.004951   0.000087   0.000087  0.0000006  0.0000096    0.000228    0.000080
2003   7   6  52826   0.146590   0.532819  -0.3645169  -0.0001739  -0.056063  -0.004879   0.000088   0.000088  0.0000006  0.0000100    0.000219    0.000080
2003   7   7  52827   0.149627   0.531438  -0.3643852  -0.0001411  -0.056228  -0.004698   0.000087   0.000087  0.0000006  0.0000097    0.000210    0.000080
2003   7   8  52828   0.153133   0.529941  -0.3642563  -0.0002059  -0.056863  -0.004476   0.000084   0.000085  0.0000006  0.0000093    0.000200    0.000080
2003   7   9  52829   0.156679   0.528485  -0.3640067  -0.0003746  -0.057881  -0.004339   0.000083   0.000084  0.0000005  0.0000091    0.000156    0.000062
2003   7  10  52830   0.160532   0.526820  -0.3635326  -0.0005924  -0.058721  -0.004346   0.000081   0.000082  0.0000003  0.0000091    0.000103    0.000040
2003   7  11  52831   0.164039   0.525602  -0.3628087  -0.0008363  -0.058690  -0.004423   0.000081   0.000082  0.0000007  0.0000092    0.000248    0.000074
2003   7  12  52832   0.167568   0.524121  -0.3619186  -0.0009651  -0.058387  -0.004467   0.000087   0.000088  0.0000061  0.0000096    0.000275    0.000081
2003   7  13  52833   0.170631   0.522929  -0.3609610  -0.0009781  -0.058086  -0.004458   0.000090   0.000091  0.0000066  0.0000095    0.000234    0.000071
2003   7  14  52834   0.173188   0.521418  -0.3600304  -0.0008770  -0.057915  -0.004508   0.000088   0.000089  0.0000037  0.0000088    0.000193    0.000062
2003   7  15  52835   0.175717   0.519921  -0.3592229  -0.0007371  -0.057914  -0.004715   0.000084   0.000085  0.0000009  0.0000087    0.000153    0.000052
2003   7  16  52836   0.178249   0.518320  -0.3586135  -0.0005244  -0.058049  -0.005032   0.000085   0.000086  0.0000008  0.0000091    0.000281    0.000105
2003   7  17  52837   0.181032   0.516798  -0.3582355  -0.0002982  -0.058392  -0.005204   0.000089   0.000090  0.0000006  0.0000092    0.000215    0.000084
2003   7  18  52838   0.183603   0.514937  -0.3580241  -0.0001784  -0.059027  -0.005119   0.000087   0.000088  0.0000005  0.0000091    0.000187    0.000067
2003   7  19  52839   0.186365   0.512850  -0.3578906  -0.0001299  -0.059787  -0.004921   0.000090   0.000089  0.0000005  0.0000094    0.000192    0.000067
2003   7  20  52840   0.189423   0.510847  -0.3577702  -0.0001355  -0.060335  -0.004779   0.000093   0.000092  0.0000005  0.0000098    0.000197    0.000069
2003   7  21  52841   0.192108   0.508782  -0.3576181  -0.0001999  -0.060498  -0.004719   0.000089   0.000089  0.0000005  0.0000096    0.000202    0.000071
2003   7  22  52842   0.194390   0.506512  -0.3573965  -0.0003019  -0.060363  -0.004651   0.000084   0.000085  0.0000005  0.0000093    0.000207    0.000073
2003   7  23  52843   0.197261   0.504048  -0.3570674  -0.0004012  -0.059866  -0.004595   0.000083   0.000083  0.0000036  0.0000092    0.000243    0.000090
2003   7  24  52844   0.200013   0.501824  -0.3565978  -0.0005186  -0.059491  -0.004567   0.000084   0.000084  0.0000058  0.0000092    0.000287    0.000112
2003   7  25  52845   0.202563   0.499769  -0.3560295  -0.0006179  -0.060080  -0.004463   0.000085   0.000085  0.0000018  0.0000094    0.000265    0.000088
2003   7  26  52846   0.204786   0.497446  -0.3554746  -0.0006602  -0.060636  -0.004667   0.000089   0.000089  0.0000007  0.0000101    0.000242    0.000076
2003   7  27  52847   0.206903   0.494993  -0.3549295  -0.0006314  -0.060956  -0.005010   0.000091   0.000091  0.0000007  0.0000106    0.000227    0.000075
2003   7  28  52848   0.209014   0.492343  -0.3543164  -0.0005868  -0.061016  -0.005233   0.000088   0.000088  0.0000007  0.0000100    0.000211    0.000073
2003   7  29  52849   0.211377   0.489443  -0.3536463  -0.0005027  -0.060822  -0.005253   0.000085   0.000085  0.0000008  0.0000094    0.000196    0.000072
2003   7  30  52850   0.213843   0.486665  -0.3531171  -0.0002956  -0.060208  -0.005042   0.000083   0.000083  0.0000392  0.0000094    0.000356    0.000104
2003   7  31  52851   0.216600   0.484096  -0.3530723  -0.0000692  -0.060120  -0.004966   0.000084   0.000084  0.0000075  0.0000095    0.000330    0.000095
2003   8   1  52852   0.219180   0.481784  -0.3531154   0.0001208  -0.060353  -0.005047   0.000084   0.000085  0.0000021  0.0000098    0.000234    0.000071
2003   8   2  52853   0.221509   0.479730  -0.3532677   0.0002825  -0.060530  -0.005145   0.000086   0.000087  0.0000006  0.0000102    0.000200    0.000065
2003   8   3  52854   0.223035   0.477488  -0.3535927   0.0003652  -0.060689  -0.005142   0.000086   0.000086  0.0000007  0.0000101    0.000190    0.000065
2003   8   4  52855   0.224884   0.474941  -0.3539993   0.0003415  -0.060928  -0.004994   0.000082   0.000082  0.0000007  0.0000094    0.000179    0.000065
2003   8   5  52856   0.226452   0.472621  -0.3543110   0.0001589  -0.061295  -0.004775   0.000079   0.000079  0.0000007  0.0000090    0.000169    0.000065
2003   8   6  52857   0.228223   0.469798  -0.3543725  -0.0000720  -0.061642  -0.004622   0.000079   0.000079  0.0000027  0.0000090    0.000187    0.000068
2003   8   7  52858   0.230166   0.466828  -0.3541592  -0.0002947  -0.061960  -0.004618   0.000081   0.000081  0.0000042  0.0000092    0.000212    0.000072
2003   8   8  52859   0.232270   0.463887  -0.3537373  -0.0005087  -0.062217  -0.004733   0.000081   0.000081  0.0000016  0.0000094    0.000238    0.000076
2003   8   9  52860   0.234068   0.461311  -0.3531838  -0.0006067  -0.062851  -0.004896   0.000084   0.000083  0.0000044  0.0000100    0.000245    0.000235
2003   8  10  52861   0.235967   0.459010  -0.3525975  -0.0005485  -0.063180  -0.005013   0.000087   0.000085  0.0000068  0.0000106    0.000248    0.000346
2003   8  11  52862   0.237731   0.457035  -0.3520934  -0.0003888  -0.062660  -0.005059   0.000087   0.000085  0.0000040  0.0000104    0.000255    0.000234
2003   8  12  52863   0.239609   0.454650  -0.3517699  -0.0002047  -0.061931  -0.005068   0.000084   0.000082  0.0000012  0.0000100    0.000263    0.000121
2003   8  13  52864   0.241355   0.452374  -0.3516699   0.0000005  -0.061516  -0.004966   0.000084   0.000082  0.0000074  0.0000100    0.000531    0.000212
2003   8  14  52865   0.243125   0.449924  -0.3517717   0.0001716  -0.061304  -0.004850   0.000086   0.000084  0.0000076  0.0000102    0.000486    0.000185
2003   8  15  52866   0.244730   0.447662  -0.3519912   0.0002666  -0.061419  -0.004693   0.000085   0.000083  0.0000021  0.0000102    0.000330    0.000108
2003   8  16  52867   0.245997   0.444967  -0.3522878   0.0003060  -0.061862  -0.004501   0.000088   0.000085  0.0000006  0.0000106    0.000267    0.000082
2003   8  17  52868   0.247584   0.441934  -0.3526011   0.0003022  -0.062448  -0.004403   0.000090   0.000088  0.0000006  0.0000109    0.000240    0.000076
2003   8  18  52869   0.249183   0.438859  -0.3528368   0.0001760  -0.062932  -0.004417   0.000087   0.000086  0.0000006  0.0000103    0.000212    0.000069
2003   8  19  52870   0.250634   0.435653  -0.3529003  -0.0000456  -0.063190  -0.004469   0.000084   0.000084  0.0000005  0.0000099    0.000184    0.000063
2003   8  20  52871   0.252320   0.432631  -0.3527362  -0.0002641  -0.063279  -0.004605   0.000084   0.000083  0.0000019  0.0000098    0.001126    0.000104
2003   8  21  52872   0.253765   0.429949  -0.3523526  -0.0004469  -0.063335  -0.004775   0.000085   0.000084  0.0000029  0.0000098    0.002318    0.000158
2003   8  22  52873   0.255074   0.427463  -0.3518304  -0.0005622  -0.063358  -0.004855   0.000086   0.000084  0.0000012  0.0000100    0.000910    0.000117
2003   8  23  52874   0.255918   0.425174  -0.3512715  -0.0006186  -0.063328  -0.005005   0.000088   0.000086  0.0000076  0.0000105    0.000290    0.000094
2003   8  24  52875   0.256985   0.422257  -0.3506570  -0.0006270  -0.063192  -0.005150   0.000093   0.000089  0.0000085  0.0000114    0.000279    0.000089
2003   8  25  52876   0.258268   0.419030  -0.3500233  -0.0005385  -0.063011  -0.005180   0.000094   0.000088  0.0000050  0.0000113    0.000269    0.000084
2003   8  26  52877   0.259383   0.415883  -0.3495284  -0.0003590  -0.062884  -0.005082   0.000088   0.000084  0.0000014  0.0000106    0.000258    0.000079
2003   8  27  52878   0.260105   0.412555  -0.3493231  -0.0000645  -0.062944  -0.004954   0.000087   0.000083  0.0000306  0.0000106    0.000291    0.000108
2003   8  28  52879   0.261258   0.409204  -0.3494335   0.0003019  -0.062817  -0.004851   0.000088   0.000084  0.0000099  0.0000107    0.000251    0.000084
2003   8  29  52880   0.262390   0.406388  -0.3498553   0.0005523  -0.062498  -0.004756   0.000087   0.000083  0.0000005  0.0000105    0.000231    0.000074
2003   8  30  52881   0.263393   0.403442  -0.3505586   0.0007327  -0.062430  -0.004758   0.000090   0.000085  0.0000107  0.0000109    0.000216    0.000614
2003   8  31  52882   0.264458   0.400706  -0.3512691   0.0007558  -0.062636  -0.004803   0.000093   0.000088  0.0000127  0.0000113    0.000197    0.001352
2003   9   1  52883   0.265302   0.397654  -0.3518278   0.0005789  -0.062992  -0.004792   0.000092   0.000088  0.0000088  0.0000106    0.000177    0.002091
2003   9   2  52884   0.265637   0.394622  -0.3522933   0.0003343  -0.063348  -0.004692   0.000089   0.000085  0.0000050  0.0000100    0.000158    0.002829
2003   9   3  52885   0.265422   0.391429  -0.3526168   0.0000745  -0.063577  -0.004607   0.000083   0.000081  0.0000011  0.0000099    0.000139    0.000564
2003   9   4  52886   0.265441   0.388134  -0.3526280  -0.0001278  -0.063595  -0.004556   0.000084   0.000082  0.0000004  0.0000100    0.000477    0.000168
2003   9   5  52887   0.265286   0.384705  -0.3523737  -0.0002654  -0.063430  -0.004544   0.000086   0.000083  0.0000004  0.0000100    0.000298    0.000109
2003   9   6  52888   0.265176   0.381022  -0.3520714  -0.0003051  -0.063258  -0.004593   0.000088   0.000085  0.0000067  0.0000105    0.000185    0.000070
2003   9   7  52889   0.265109   0.377690  -0.3518035  -0.0002703  -0.063077  -0.004672   0.000095   0.000090  0.0000074  0.0000107    0.000172    0.000064
2003   9   8  52890   0.264970   0.374399  -0.3516077  -0.0001068  -0.062910  -0.004740   0.000096   0.000090  0.0000042  0.0000102    0.000158    0.000058
2003   9   9  52891   0.264757   0.371372  -0.3515630   0.0000911  -0.062823  -0.004736   0.000090   0.000087  0.0000010  0.0000098    0.000145    0.000052
2003   9  10  52892   0.264466   0.368046  -0.3517232   0.0002522  -0.062763  -0.004603   0.000089   0.000085  0.0000004  0.0000097    0.000167    0.000055
2003   9  11  52893   0.264759   0.364676  -0.3520560   0.0003760  -0.062798  -0.004347   0.000088   0.000085  0.0000004  0.0000096    0.000199    0.000060
2003   9  12  52894   0.264519   0.361525  -0.3524596   0.0003765  -0.063121  -0.004069   0.000086   0.000085  0.0000005  0.0000096    0.000215    0.000059
2003   9  13  52895   0.264285   0.358118  -0.3528330   0.0003117  -0.063472  -0.003956   0.000092   0.000090  0.0000072  0.0000102    0.000218    0.000061
2003   9  14  52896   0.264268   0.354946  -0.3531112   0.0002404  -0.063776  -0.004032   0.000091   0.000088  0.0000081  0.0000109    0.000219    0.000064
2003   9  15  52897   0.264287   0.351925  -0.3533030   0.0001655  -0.063917  -0.004170   0.000083   0.000081  0.0000046  0.0000105    0.000219    0.000067
2003   9  16  52898   0.264194   0.349070  -0.3534408   0.0000686  -0.063801  -0.004234   0.000080   0.000079  0.0000012  0.0000102    0.000220    0.000071
2003   9  17  52899   0.264066   0.346120  -0.3534944  -0.0000483  -0.063600  -0.004152   0.000080   0.000080  0.0000133  0.0000103    0.000529    0.000223
2003   9  18  52900   0.263969   0.343182  -0.3533537  -0.0001980  -0.063343  -0.004172   0.000077   0.000078  0.0000044  0.0000103    0.000238    0.000091
2003   9  19  52901   0.263775   0.339969  -0.3530925  -0.0002884  -0.063122  -0.004416   0.000076   0.000078  0.0000006  0.0000103    0.000197    0.000067
2003   9  20  52902   0.263106   0.336659  -0.3528078  -0.0002925  -0.062803  -0.004639   0.000081   0.000082  0.0000063  0.0000107    0.000227    0.000079
2003   9  21  52903   0.262506   0.333050  -0.3525538  -0.0002327  -0.062325  -0.004728   0.000083   0.000085  0.0000070  0.0000111    0.000224    0.000079
2003   9  22  52904   0.262611   0.329842  -0.3524116  -0.0000361  -0.061906  -0.004674   0.000082   0.000086  0.0000040  0.0000108    0.000221    0.000078
2003   9  23  52905   0.262612   0.327199  -0.3524777   0.0002180  -0.061812  -0.004532   0.000080   0.000083  0.0000011  0.0000103    0.000218    0.000077
2003   9  24  52906   0.261881   0.324339  -0.3528142   0.0004699  -0.062225  -0.004481   0.000078   0.000082  0.0000059  0.0000103    0.000233    0.000104
2003   9  25  52907   0.260956   0.321030  -0.3534170   0.0007213  -0.062413  -0.004285   0.000078   0.000083  0.0000097  0.0000103    0.000207    0.000090
2003   9  26  52908   0.260037   0.317597  -0.3542383   0.0008983  -0.062400  -0.004076   0.000078   0.000082  0.0000023  0.0000104    0.000166    0.000061
2003   9  27  52909   0.259608   0.314188  -0.3551839   0.0009097  -0.062499  -0.004068   0.000080   0.000084  0.0000036  0.0000109    0.000151    0.000053
2003   9  28  52910   0.259437   0.311347  -0.3560839   0.0007794  -0.062678  -0.004247   0.000086   0.000089  0.0000040  0.0000111    0.000144    0.000053
2003   9  29  52911   0.259217   0.308619  -0.3567954   0.0006137  -0.062824  -0.004424   0.000088   0.000089  0.0000023  0.0000105    0.000138    0.000052
2003   9  30  52912   0.259108   0.306437  -0.3572646   0.0003988  -0.062872  -0.004418   0.000085   0.000086  0.0000007  0.0000101    0.000131    0.000052
2003  10   1  52913   0.258454   0.304341  -0.3575054   0.0001466  -0.062696  -0.004235   0.000084   0.000085  0.0000105  0.0000100    0.000307    0.000111
2003  10   2  52914   0.257368   0.301606  -0.3575639  -0.0000244  -0.062478  -0.004063   0.000086   0.000087  0.0000177  0.0000100    0.000529    0.000185
2003  10   3  52915   0.256215   0.298911  -0.3575334  -0.0000212  -0.062567  -0.004071   0.000086   0.000086  0.0000043  0.0000100    0.000342    0.000121
2003  10   4  52916   0.254915   0.296396  -0.3575515   0.0000710  -0.062472  -0.004071   0.000089   0.000088  0.0000030  0.0000103    0.000236    0.000086
2003  10   5  52917   0.253566   0.293704  -0.3577127   0.0002585  -0.062172  -0.004023   0.000092   0.000093  0.0000032  0.0000108    0.000212    0.000078
2003  10   6  52918   0.252293   0.290663  -0.3580655   0.0004424  -0.061798  -0.003965   0.000089   0.000092  0.0000020  0.0000104    0.000187    0.000069
2003  10   7  52919   0.250868   0.287602  -0.3586150   0.0006232  -0.061498  -0.003905   0.000086   0.000088  0.0000008  0.0000098    0.000163    0.000061
2003  10   8  52920   0.249636   0.284860  -0.3593117   0.0007264  -0.061423  -0.003862   0.000087   0.000088  0.0000008  0.0000097    0.000173    0.000072
2003  10   9  52921   0.248015   0.282258  -0.3600591   0.0007004  -0.061504  -0.003725   0.000087   0.000088  0.0000010  0.0000097    0.000193    0.000088
2003  10  10  52922   0.246542   0.279458  -0.3607649   0.0006825  -0.061576  -0.003451   0.000089   0.000090  0.0000006  0.0000100    0.000197    0.000072
2003  10  11  52923   0.244445   0.276720  -0.3613899   0.0005865  -0.061611  -0.003282   0.000092   0.000093  0.0000004  0.0000105    0.000184    0.000062
2003  10  12  52924   0.242045   0.273878  -0.3619185   0.0004434  -0.061600  -0.003317   0.000091   0.000089  0.0000004  0.0000106    0.000167    0.000057
2003  10  13  52925   0.239823   0.270901  -0.3623296   0.0003112  -0.061508  -0.003467   0.000086   0.000083  0.0000004  0.0000099    0.000150    0.000052
2003  10  14  52926   0.237735   0.267713  -0.3625979   0.0001711  -0.061303  -0.003595   0.000082   0.000081  0.0000003  0.0000094    0.000133    0.000047
2003  10  15  52927   0.235756   0.264412  -0.3627110   0.0000530  -0.061017  -0.003681   0.000081   0.000079  0.0000005  0.0000093    0.000258    0.000088
2003  10  16  52928   0.233902   0.261255  -0.3626914  -0.0000554  -0.060860  -0.003833   0.000082   0.000080  0.0000006  0.0000093    0.000265    0.000094
2003  10  17  52929   0.231794   0.258222  -0.3625975  -0.0000919  -0.060789  -0.004054   0.000083   0.000080  0.0000007  0.0000095    0.000223    0.000084
2003  10  18  52930   0.229807   0.255198  -0.3625192  -0.0000378  -0.060552  -0.004172   0.000084   0.000081  0.0000038  0.0000101    0.000196    0.000075
2003  10  19  52931   0.227930   0.252680  -0.3625663   0.0001456  -0.060033  -0.004054   0.000092   0.000087  0.0000041  0.0000107    0.000175    0.000065
2003  10  20  52932   0.225996   0.250290  -0.3628362   0.0004307  -0.059480  -0.003743   0.000095   0.000090  0.0000024  0.0000103    0.000153    0.000056
2003  10  21  52933   0.223984   0.247583  -0.3633886   0.0006991  -0.059277  -0.003432   0.000089   0.000086  0.0000007  0.0000098    0.000131    0.000046
2003  10  22  52934   0.221934   0.244964  -0.3642329   0.0009756  -0.059476  -0.003250   0.000090   0.000087  0.0000013  0.0000101    0.000265    0.000120
2003  10  23  52935   0.220226   0.242409  -0.3653239   0.0012246  -0.059867  -0.003129   0.000093   0.000090  0.0000008  0.0000104    0.000191    0.000085
2003  10  24  52936   0.219315   0.240127  -0.3666086   0.0013381  -0.060222  -0.003019   0.000092   0.000090  0.0000005  0.0000104    0.000181    0.000074
2003  10  25  52937   0.218576   0.237982  -0.3679116   0.0012658  -0.060479  -0.002988   0.000097   0.000092  0.0000054  0.0000109    0.000187    0.000074
2003  10  26  52938   0.218137   0.235924  -0.3691194   0.0010369  -0.060533  -0.003134   0.000098   0.000091  0.0000059  0.0000117    0.000182    0.000069
2003  10  27  52939   0.217139   0.233983  -0.3700383   0.0006784  -0.060281  -0.003306   0.000096   0.000089  0.0000034  0.0000115    0.000177    0.000064
2003  10  28  52940   0.215476   0.231809  -0.3704599   0.0003188  -0.059872  -0.003267   0.000092   0.000086  0.0000009  0.0000111    0.000173    0.000059
2003  10  29  52941   0.213767   0.229474  -0.3704668   0.0000418  -0.059477  -0.003020   0.000091   0.000086  0.0000336  0.0000114    0.000261    0.000121
2003  10  30  52942   0.212463   0.227162  -0.3705436  -0.0000697  -0.059533  -0.002990   0.000097   0.000091  0.0000099  0.0000117    0.000273    0.000129
2003  10  31  52943   0.211064   0.225307  -0.3704398  -0.0000779  -0.059739  -0.003235   0.000096   0.000090  0.0000028  0.0000114    0.000256    0.000115
2003  11   1  52944   0.209223   0.223595  -0.3703540  -0.0000288  -0.059741  -0.003449   0.000096   0.000089  0.0000027  0.0000114    0.000234    0.000103
2003  11   2  52945   0.207245   0.221869  -0.3704315   0.0001444  -0.059578  -0.003425   0.000094   0.000088  0.0000028  0.0000116    0.000211    0.000092
2003  11   3  52946   0.205027   0.219789  -0.3706861   0.0003496  -0.059362  -0.003197   0.000087   0.000082  0.0000018  0.0000108    0.000187    0.000081
2003  11   4  52947   0.202748   0.217227  -0.3711034   0.0005151  -0.059161  -0.002929   0.000081   0.000079  0.0000007  0.0000103    0.000164    0.000070
2003  11   5  52948   0.200257   0.214330  -0.3716365   0.0005724  -0.059219  -0.002742   0.000080   0.000079  0.0000486  0.0000103    0.000300    0.000121
2003  11   6  52949   0.198239   0.211366  -0.3722202   0.0005533  -0.059125  -0.002562   0.000080   0.000079  0.0000157  0.0000102    0.000338    0.000135
2003  11   7  52950   0.196268   0.208507  -0.3727460   0.0004749  -0.058871  -0.002299   0.000078   0.000078  0.0000005  0.0000101    0.000204    0.000078
2003  11   8  52951   0.194592   0.205961  -0.3731734   0.0003828  -0.058769  -0.002125   0.000082   0.000081  0.0000030  0.0000104    0.000155    0.000058
2003  11   9  52952   0.192682   0.203664  -0.3735105   0.0002636  -0.058762  -0.002183   0.000084   0.000084  0.0000033  0.0000108    0.000154    0.000059
2003  11  10  52953   0.190270   0.201446  -0.3737330   0.0001324  -0.058775  -0.002420   0.000080   0.000081  0.0000020  0.0000103    0.000153    0.000059
2003  11  11  52954   0.187139   0.198913  -0.3738035   0.0000343  -0.058738  -0.002655   0.000079   0.000078  0.0000007  0.0000098    0.000153    0.000059
2003  11  12  52955   0.184454   0.196343  -0.3737411  -0.0000409  -0.058538  -0.002854   0.000077   0.000077  0.0000065  0.0000099    0.000446    0.000399
2003  11  13  52956   0.182103   0.194039  -0.3736721  -0.0000324  -0.058220  -0.002956   0.000078   0.000078  0.0000111  0.0000101    0.000346    0.000290
2003  11  14  52957   0.179805   0.191613  -0.3736869   0.0000241  -0.057812  -0.002923   0.000080   0.000079  0.0000029  0.0000103    0.000221    0.000084
2003  11  15  52958   0.177362   0.189382  -0.3737480   0.0001105  -0.057501  -0.002904   0.000085   0.000083  0.0000043  0.0000106    0.000228    0.000080
2003  11  16  52959   0.175095   0.187273  -0.3739166   0.0002596  -0.057168  -0.002776   0.000088   0.000086  0.0000047  0.0000104    0.000207    0.000071
2003  11  17  52960   0.172860   0.185725  -0.3742815   0.0004909  -0.056855  -0.002536   0.000087   0.000084  0.0000028  0.0000097    0.000185    0.000063
2003  11  18  52961   0.170036   0.184049  -0.3748724   0.0006889  -0.056745  -0.002350   0.000084   0.000082  0.0000009  0.0000095    0.000164    0.000054
2003  11  19  52962   0.167287   0.182050  -0.3756732   0.0008730  -0.056648  -0.002283   0.000081   0.000079  0.0000058  0.0000095    0.000163    0.000048
2003  11  20  52963   0.164411   0.180709  -0.3766412   0.0010128  -0.056675  -0.002179   0.000083   0.000080  0.0000172  0.0000095    0.000260    0.000082
2003  11  21  52964   0.161763   0.179438  -0.3776688   0.0010855  -0.056983  -0.001978   0.000082   0.000080  0.0000040  0.0000095    0.000198    0.000072
2003  11  22  52965   0.159411   0.178624  -0.3787612   0.0010460  -0.057285  -0.001750   0.000086   0.000083  0.0000021  0.0000098    0.000159    0.000062
2003  11  23  52966   0.156536   0.178018  -0.3797365   0.0007989  -0.057526  -0.001734   0.000094   0.000090  0.0000023  0.0000104    0.000150    0.000058
2003  11  24  52967   0.153500   0.176967  -0.3803940   0.0004962  -0.057535  -0.001900   0.000095   0.000091  0.0000014  0.0000100    0.000141    0.000055
2003  11  25  52968   0.149565   0.175831  -0.3807044   0.0002096  -0.057342  -0.001961   0.000090   0.000088  0.0000006  0.0000096    0.000132    0.000052
2003  11  26  52969   0.145256   0.174384  -0.3807712   0.0000045  -0.057357  -0.001824   0.000088   0.000086  0.0000006  0.0000096    0.000223    0.000074
2003  11  27  52970   0.141130   0.173153  -0.3807317  -0.0000589  -0.057623  -0.001812   0.000090   0.000088  0.0000031  0.0000096    0.002371    0.000311
2003  11  28  52971   0.137947   0.171986  -0.3807100   0.0000423  -0.057847  -0.002057   0.000090   0.000088  0.0000066  0.0000097    0.005262    0.000625
2003  11  29  52972   0.134285   0.170890  -0.3807945   0.0002129  -0.057733  -0.002246   0.000092   0.000090  0.0000100  0.0000099    0.004318    0.000518
2003  11  30  52973   0.130388   0.169228  -0.3810300   0.0003477  -0.057429  -0.002131   0.000090   0.000089  0.0000087  0.0000099    0.003017    0.000372
2003  12   1  52974   0.126370   0.168059  -0.3814081   0.0004315  -0.057067  -0.001660   0.000344   0.000109  0.0000009  0.0000093    0.000132    0.000048
2003  12   2  52975   0.123154   0.166823  -0.3819303   0.0005232  -0.057007  -0.001335   0.000224   0.000108  0.0000006  0.0000094    0.000115    0.000041
2003  12   3  52976   0.120096   0.165623  -0.3824692   0.0005165  -0.056951  -0.001171   0.000104   0.000106  0.0000022  0.0000095    0.000195    0.000075
2003  12   4  52977   0.116989   0.164656  -0.3829707   0.0004472  -0.056965  -0.001115   0.000110   0.000111  0.0000023  0.0000095    0.000318    0.000101
2003  12   5  52978   0.114059   0.164079  -0.3833484   0.0003228  -0.057089  -0.001015   0.000112   0.000114  0.0000014  0.0000097    0.000199    0.000072
2003  12   6  52979   0.111358   0.163757  -0.3836324   0.0002229  -0.057071  -0.000958   0.000111   0.000114  0.0000209  0.0000105    0.000228    0.000103
2003  12   7  52980   0.108469   0.163268  -0.3838002   0.0000761  -0.056912  -0.001058   0.000117   0.000120  0.0000251  0.0000116    0.000343    0.000163
2003  12   8  52981   0.105435   0.162707  -0.3837880  -0.0001181  -0.056732  -0.001315   0.000122   0.000125  0.0000178  0.0000114    0.000459    0.000222
2003  12   9  52982   0.102491   0.162207  -0.3835742  -0.0003086  -0.056605  -0.001579   0.000117   0.000120  0.0000104  0.0000104    0.000574    0.000282
2003  12  10  52983   0.099761   0.161795  -0.3832055  -0.0004165  -0.056364  -0.001680   0.000107   0.000111  0.0000024  0.0000103    0.000200    0.000088
2003  12  11  52984   0.096791   0.161253  -0.3828052  -0.0003892  -0.055948  -0.001699   0.000108   0.000111  0.0000008  0.0000104    0.000128    0.000071
2003  12  12  52985   0.093380   0.160599  -0.3824388  -0.0003217  -0.055360  -0.001750   0.000111   0.000112  0.0000011  0.0000105    0.000170    0.000067
2003  12  13  52986   0.089724   0.159745  -0.3821347  -0.0002065  -0.055009  -0.001771   0.000114   0.000114  0.0000094  0.0000110    0.000177    0.000062
2003  12  14  52987   0.086419   0.158961  -0.3819601  -0.0000613  -0.054789  -0.001724   0.000116   0.000116  0.0000104  0.0000108    0.000170    0.000064
2003  12  15  52988   0.083534   0.158775  -0.3819852   0.0001642  -0.054664  -0.001605   0.000113   0.000112  0.0000062  0.0000093    0.000163    0.000065
2003  12  16  52989   0.080589   0.158714  -0.3822511   0.0003817  -0.054709  -0.001489   0.000109   0.000108  0.0000020  0.0000086    0.000156    0.000066
2003  12  17  52990   0.077647   0.158345  -0.3827602   0.0006316  -0.054812  -0.001437   0.000109   0.000108  0.0000009  0.0000087    0.000121    0.000052
2003  12  18  52991   0.074464   0.157968  -0.3834527   0.0007717  -0.054978  -0.001347   0.000104   0.000104  0.0000007  0.0000088    0.000079    0.000033
2003  12  19  52992   0.071494   0.157459  -0.3842278   0.0008104  -0.055222  -0.001068   0.000103   0.000103  0.0000009  0.0000089    0.000110    0.000042
2003  12  20  52993   0.068882   0.157150  -0.3850167   0.0007622  -0.055643  -0.000753   0.000121   0.000122  0.0000092  0.0000097    0.000121    0.000046
2003  12  21  52994   0.066367   0.156661  -0.3856702   0.0005748  -0.056169  -0.000655   0.000130   0.000129  0.0000102  0.0000106    0.000119    0.000046
2003  12  22  52995   0.063518   0.156089  -0.3860857   0.0002744  -0.056457  -0.000833   0.000124   0.000120  0.0000060  0.0000103    0.000117    0.000047
2003  12  23  52996   0.060393   0.155668  -0.3862870   0.0000791  -0.056291  -0.001049   0.000116   0.000115  0.0000018  0.0000097    0.000115    0.000047
2003  12  24  52997   0.056627   0.155292  -0.3863766   0.0000533  -0.055934  -0.001106   0.000116   0.000115  0.0000009  0.0000095    0.000114    0.000047
2003  12  25  52998   0.052661   0.154984  -0.3864777   0.0001149  -0.055610  -0.001116   0.000119   0.000119  0.0000009  0.0000093    0.000114    0.000046
2003  12  26  52999   0.048884   0.154722  -0.3866826   0.0002618  -0.055351  -0.001249   0.000121   0.000120  0.0000009  0.0000096    0.000114    0.000046
2003  12  27  53000   0.045898   0.154702  -0.3870242   0.0003904  -0.055132  -0.001395   0.000124   0.000123  0.0000009  0.0000102    0.000114    0.000045
2003  12  28  53001   0.042911   0.154946  -0.3874793   0.0005125  -0.055078  -0.001288   0.000123   0.000122  0.0000009  0.0000104    0.000113    0.000045
2003  12  29  53002   0.039893   0.155003  -0.3879975   0.0005853  -0.055303  -0.000902   0.000121   0.000120  0.0000009  0.0000097    0.000113    0.000044
2003  12  30  53003   0.036967   0.154668  -0.3885330   0.0005882  -0.055689  -0.000511   0.000115   0.000115  0.0000009  0.0000091    0.000113    0.000044
2003  12  31  53004   0.034089   0.154381  -0.3890596   0.0005435  -0.055968  -0.000348   0.000114   0.000116  0.0000352  0.0000091    0.000111    0.000043
