

                   INTERNATIONAL EARTH ROTATION AND REFERENCE SYSTEMS SERVICE
                        EARTH ORIENTATION PARAMETERS
                          EOP (IERS) 08 C04

  
             FORMAT(3(I4),I7,2(F11.6),2(F12.7),2(F11.6),2(F11.6),2(F11.7),2F12.6)
**********************************************************************************
  
      Date      MJD      x          y        UT1-UTC       LOD         dPsi      dEps       x Err     y Err   UT1-UTC Err  LOD Err    dPsi Err   dEpsilon Err
                         "          "           s           s            "         "        "          "          s           s            "         "
     (0h UTC)

2007   1   1  54101  -0.049392   0.347341   0.0376212   0.0007488  -0.058889  -0.002142   0.000061   0.000059  0.0000018  0.0000125    0.000272    0.000105
2007   1   2  54102  -0.049985   0.348602   0.0369474   0.0005811  -0.058630  -0.002350   0.000059   0.000057  0.0000017  0.0000120    0.000255    0.000095
2007   1   3  54103  -0.051126   0.349937   0.0364030   0.0005093  -0.058274  -0.002511   0.000059   0.000057  0.0000016  0.0000121    0.000238    0.000085
2007   1   4  54104  -0.052992   0.351314   0.0358810   0.0005500  -0.057906  -0.002532   0.000059   0.000057  0.0000014  0.0000121    0.000242    0.000095
2007   1   5  54105  -0.054455   0.352666   0.0352680   0.0007190  -0.057574  -0.002396   0.000058   0.000057  0.0000012  0.0000120    0.000252    0.000109
2007   1   6  54106  -0.055965   0.354249   0.0344796   0.0009105  -0.057170  -0.002150   0.000060   0.000058  0.0000052  0.0000125    0.000230    0.000102
2007   1   7  54107  -0.056673   0.355564   0.0334938   0.0010634  -0.056797  -0.001939   0.000064   0.000063  0.0000107  0.0000123    0.000198    0.000086
2007   1   8  54108  -0.057181   0.357183   0.0323393   0.0012030  -0.056550  -0.001866   0.000064   0.000064  0.0000143  0.0000111    0.000165    0.000070
2007   1   9  54109  -0.057577   0.359010   0.0310617   0.0013296  -0.056451  -0.001911   0.000061   0.000062  0.0000140  0.0000106    0.000132    0.000055
2007   1  10  54110  -0.058094   0.361234   0.0297189   0.0013541  -0.057010  -0.002103   0.000059   0.000059  0.0000028  0.0000106    0.000095    0.000035
2007   1  11  54111  -0.059000   0.363122   0.0283807   0.0013116  -0.057219  -0.002096   0.000059   0.000060  0.0000007  0.0000106    0.000098    0.000036
2007   1  12  54112  -0.059180   0.364649   0.0270882   0.0012352  -0.057317  -0.002039   0.000060   0.000061  0.0000009  0.0000106    0.000111    0.000043
2007   1  13  54113  -0.058667   0.366455   0.0258685   0.0011297  -0.057432  -0.002150   0.000061   0.000062  0.0000066  0.0000110    0.000107    0.000042
2007   1  14  54114  -0.058361   0.368175   0.0247776   0.0009970  -0.057499  -0.002402   0.000064   0.000065  0.0000106  0.0000116    0.000097    0.000038
2007   1  15  54115  -0.058004   0.369715   0.0238455   0.0008712  -0.057489  -0.002670   0.000064   0.000065  0.0000076  0.0000116    0.000086    0.000035
2007   1  16  54116  -0.057362   0.371419   0.0230239   0.0007991  -0.057468  -0.002848   0.000060   0.000062  0.0000020  0.0000115    0.000076    0.000031
2007   1  17  54117  -0.056963   0.373242   0.0222216   0.0007943  -0.057428  -0.002801   0.000060   0.000062  0.0000055  0.0000116    0.000175    0.000093
2007   1  18  54118  -0.056506   0.375001   0.0213968   0.0008858  -0.057418  -0.002678   0.000063   0.000064  0.0000090  0.0000116    0.000302    0.000172
2007   1  19  54119  -0.055889   0.377209   0.0204630   0.0010846  -0.057419  -0.002602   0.000064   0.000066  0.0000035  0.0000117    0.000298    0.000119
2007   1  20  54120  -0.055674   0.379806   0.0192287   0.0013788  -0.057305  -0.002529   0.000065   0.000066  0.0000098  0.0000121    0.000239    0.000079
2007   1  21  54121  -0.055641   0.381674   0.0176808   0.0016897  -0.057166  -0.002417   0.000068   0.000068  0.0000136  0.0000125    0.000176    0.000059
2007   1  22  54122  -0.055277   0.383371   0.0158620   0.0019796  -0.057228  -0.002343   0.000069   0.000069  0.0000109  0.0000121    0.000113    0.000039
2007   1  23  54123  -0.055091   0.385137   0.0138195   0.0021356  -0.057577  -0.002389   0.000064   0.000065  0.0000076  0.0000115    0.000051    0.000020
2007   1  24  54124  -0.054798   0.386974   0.0116755   0.0021065  -0.058104  -0.002499   0.000063   0.000064  0.0000080  0.0000114    0.000864    0.000231
2007   1  25  54125  -0.054651   0.388941   0.0096211   0.0019300  -0.058471  -0.002591   0.000063   0.000064  0.0000073  0.0000114    0.000203    0.000061
2007   1  26  54126  -0.054345   0.390536   0.0077936   0.0016970  -0.058578  -0.002605   0.000063   0.000064  0.0000026  0.0000113    0.000189    0.000066
2007   1  27  54127  -0.053708   0.392256   0.0062105   0.0014270  -0.058620  -0.002599   0.000068   0.000068  0.0000082  0.0000120    0.000206    0.000071
2007   1  28  54128  -0.052936   0.393886   0.0048979   0.0011618  -0.058584  -0.002625   0.000066   0.000066  0.0000104  0.0000132    0.000156    0.000054
2007   1  29  54129  -0.051896   0.395808   0.0038247   0.0010191  -0.058401  -0.002720   0.000060   0.000060  0.0000174  0.0000137    0.000106    0.000037
2007   1  30  54130  -0.050889   0.397755   0.0028487   0.0009795  -0.058043  -0.002887   0.000057   0.000057  0.0000255  0.0000136    0.000056    0.000020
2007   1  31  54131  -0.050254   0.399606   0.0018318   0.0010337  -0.057596  -0.003070   0.000056   0.000057  0.0000216  0.0000136    0.000078    0.000027
2007   2   1  54132  -0.049833   0.401078   0.0007270   0.0011779  -0.057219  -0.003150   0.000058   0.000059  0.0000163  0.0000137    0.000118    0.000040
2007   2   2  54133  -0.049187   0.402238  -0.0005219   0.0013550  -0.057016  -0.003047   0.000058   0.000058  0.0000044  0.0000136    0.000159    0.000053
2007   2   3  54134  -0.047727   0.403062  -0.0019552   0.0015252  -0.056894  -0.002808   0.000059   0.000059  0.0000065  0.0000136    0.000152    0.000051
2007   2   4  54135  -0.045644   0.404292  -0.0035315   0.0016333  -0.056782  -0.002590   0.000061   0.000061  0.0000087  0.0000135    0.000127    0.000044
2007   2   5  54136  -0.043551   0.405868  -0.0052017   0.0016932  -0.056695  -0.002538   0.000059   0.000059  0.0000057  0.0000129    0.000102    0.000037
2007   2   6  54137  -0.041285   0.407827  -0.0069194   0.0017208  -0.056703  -0.002649   0.000055   0.000055  0.0000013  0.0000123    0.000077    0.000030
2007   2   7  54138  -0.039557   0.410237  -0.0086209   0.0016372  -0.057030  -0.002737   0.000055   0.000055  0.0000044  0.0000123    0.000088    0.000028
2007   2   8  54139  -0.038573   0.412621  -0.0102233   0.0015400  -0.057202  -0.002772   0.000058   0.000058  0.0000074  0.0000126    0.000140    0.000060
2007   2   9  54140  -0.037769   0.414988  -0.0116624   0.0013509  -0.057328  -0.002891   0.000058   0.000058  0.0000024  0.0000127    0.000161    0.000058
2007   2  10  54141  -0.036850   0.416808  -0.0129258   0.0011706  -0.057340  -0.003142   0.000058   0.000058  0.0000073  0.0000128    0.000159    0.000055
2007   2  11  54142  -0.036046   0.418466  -0.0140475   0.0010248  -0.057251  -0.003507   0.000061   0.000061  0.0000109  0.0000133    0.000152    0.000058
2007   2  12  54143  -0.035008   0.420122  -0.0150036   0.0008793  -0.057058  -0.003820   0.000061   0.000061  0.0000076  0.0000129    0.000145    0.000060
2007   2  13  54144  -0.033834   0.421952  -0.0158062   0.0007424  -0.056857  -0.003945   0.000058   0.000058  0.0000021  0.0000123    0.000138    0.000062
2007   2  14  54145  -0.032722   0.423531  -0.0165401   0.0007488  -0.056776  -0.003914   0.000058   0.000058  0.0000055  0.0000125    0.000114    0.000050
2007   2  15  54146  -0.031507   0.425205  -0.0172906   0.0008278  -0.057056  -0.003957   0.000060   0.000059  0.0000088  0.0000125    0.000119    0.000047
2007   2  16  54147  -0.030848   0.426759  -0.0181312   0.0009470  -0.057394  -0.004112   0.000059   0.000057  0.0000027  0.0000123    0.000132    0.000047
2007   2  17  54148  -0.030344   0.427889  -0.0191112   0.0011395  -0.057334  -0.004171   0.000062   0.000059  0.0000082  0.0000129    0.000151    0.000050
2007   2  18  54149  -0.029479   0.429159  -0.0203506   0.0014120  -0.057042  -0.003963   0.000067   0.000063  0.0000156  0.0000135    0.000172    0.000053
2007   2  19  54150  -0.028623   0.430605  -0.0218575   0.0015965  -0.056985  -0.003652   0.000067   0.000063  0.0000162  0.0000129    0.000193    0.000056
2007   2  20  54151  -0.027676   0.431916  -0.0234784   0.0015778  -0.057362  -0.003526   0.000065   0.000062  0.0000143  0.0000123    0.000213    0.000059
2007   2  21  54152  -0.026996   0.433386  -0.0250114   0.0013883  -0.057623  -0.003537   0.000060   0.000058  0.0000130  0.0000123    0.000058    0.000019
2007   2  22  54153  -0.025600   0.434557  -0.0262959   0.0011185  -0.057833  -0.003637   0.000059   0.000056  0.0000104  0.0000123    0.000045    0.000021
2007   2  23  54154  -0.023482   0.435974  -0.0272778   0.0008440  -0.057899  -0.003751   0.000062   0.000058  0.0000030  0.0000124    0.000116    0.000042
2007   2  24  54155  -0.021353   0.437133  -0.0280280   0.0006179  -0.057880  -0.003944   0.000065   0.000061  0.0000055  0.0000129    0.000132    0.000045
2007   2  25  54156  -0.019157   0.438074  -0.0285732   0.0004733  -0.057749  -0.004185   0.000072   0.000067  0.0000080  0.0000130    0.000120    0.000042
2007   2  26  54157  -0.017570   0.439308  -0.0290049   0.0004207  -0.057519  -0.004417   0.000073   0.000069  0.0000056  0.0000123    0.000109    0.000038
2007   2  27  54158  -0.015980   0.440448  -0.0294330   0.0004535  -0.057219  -0.004608   0.000068   0.000065  0.0000016  0.0000119    0.000098    0.000035
2007   2  28  54159  -0.014654   0.442081  -0.0299220   0.0005618  -0.056809  -0.004689   0.000068   0.000065  0.0000071  0.0000119    0.000115    0.000041
2007   3   1  54160  -0.013858   0.443738  -0.0305283   0.0007035  -0.056451  -0.004690   0.000071   0.000067  0.0000117  0.0000122    0.000138    0.000051
2007   3   2  54161  -0.013131   0.445606  -0.0312976   0.0008574  -0.056254  -0.004567   0.000071   0.000068  0.0000035  0.0000125    0.000162    0.000060
2007   3   3  54162  -0.012814   0.447482  -0.0322545   0.0010395  -0.056170  -0.004342   0.000072   0.000069  0.0000074  0.0000129    0.000153    0.000057
2007   3   4  54163  -0.012370   0.448807  -0.0333362   0.0011686  -0.056095  -0.004101   0.000070   0.000066  0.0000077  0.0000136    0.000131    0.000049
2007   3   5  54164  -0.011637   0.450123  -0.0345252   0.0012361  -0.055998  -0.004009   0.000063   0.000060  0.0000044  0.0000135    0.000109    0.000041
2007   3   6  54165  -0.011198   0.451306  -0.0357730   0.0012278  -0.055946  -0.004138   0.000059   0.000057  0.0000013  0.0000129    0.000087    0.000033
2007   3   7  54166  -0.010637   0.452361  -0.0369830   0.0011983  -0.056160  -0.004298   0.000058   0.000055  0.0000016  0.0000128    0.000155    0.000063
2007   3   8  54167  -0.009885   0.453868  -0.0381375   0.0011530  -0.056339  -0.004474   0.000059   0.000056  0.0000047  0.0000127    0.000168    0.000069
2007   3   9  54168  -0.009123   0.455048  -0.0392029   0.0009616  -0.056423  -0.004648   0.000060   0.000057  0.0000087  0.0000126    0.000152    0.000062
2007   3  10  54169  -0.008195   0.455973  -0.0401231   0.0007738  -0.056435  -0.004910   0.000062   0.000059  0.0000120  0.0000134    0.000136    0.000055
2007   3  11  54170  -0.007364   0.456904  -0.0408734   0.0006509  -0.056367  -0.005274   0.000062   0.000060  0.0000132  0.0000144    0.000119    0.000048
2007   3  12  54171  -0.006457   0.457682  -0.0414853   0.0005573  -0.056174  -0.005561   0.000059   0.000056  0.0000090  0.0000144    0.000103    0.000041
2007   3  13  54172  -0.005802   0.458727  -0.0420259   0.0005269  -0.055925  -0.005603   0.000055   0.000053  0.0000022  0.0000140    0.000087    0.000034
2007   3  14  54173  -0.005310   0.459890  -0.0425913   0.0006152  -0.055358  -0.005404   0.000055   0.000053  0.0000062  0.0000139    0.000163    0.000098
2007   3  15  54174  -0.004491   0.461006  -0.0432784   0.0007796  -0.055512  -0.005423   0.000057   0.000055  0.0000102  0.0000140    0.000184    0.000100
2007   3  16  54175  -0.002881   0.462135  -0.0442090   0.0011234  -0.055826  -0.005688   0.000057   0.000055  0.0000035  0.0000141    0.000181    0.000076
2007   3  17  54176  -0.000920   0.463456  -0.0455277   0.0015505  -0.055731  -0.005875   0.000057   0.000056  0.0000068  0.0000145    0.000172    0.000065
2007   3  18  54177   0.001242   0.464715  -0.0472617   0.0018919  -0.055364  -0.005642   0.000061   0.000058  0.0000078  0.0000144    0.000161    0.000060
2007   3  19  54178   0.003339   0.466571  -0.0492680   0.0020625  -0.055303  -0.005131   0.000060   0.000058  0.0000048  0.0000135    0.000149    0.000054
2007   3  20  54179   0.005066   0.468923  -0.0513695   0.0020932  -0.055834  -0.004810   0.000056   0.000055  0.0000014  0.0000132    0.000138    0.000049
2007   3  21  54180   0.006386   0.470673  -0.0533968   0.0018854  -0.056484  -0.004812   0.000056   0.000055  0.0000047  0.0000133    0.000138    0.000051
2007   3  22  54181   0.006928   0.471681  -0.0551233   0.0014713  -0.056935  -0.005045   0.000058   0.000057  0.0000076  0.0000133    0.000141    0.000056
2007   3  23  54182   0.007424   0.472326  -0.0564148   0.0010635  -0.057037  -0.005337   0.000057   0.000057  0.0000027  0.0000134    0.000143    0.000060
2007   3  24  54183   0.008272   0.472986  -0.0573401   0.0008047  -0.056875  -0.005741   0.000058   0.000058  0.0000112  0.0000139    0.000139    0.000059
2007   3  25  54184   0.009515   0.473499  -0.0581059   0.0007138  -0.056476  -0.006196   0.000061   0.000060  0.0000163  0.0000140    0.000132    0.000056
2007   3  26  54185   0.010691   0.474053  -0.0588115   0.0007164  -0.055998  -0.006527   0.000059   0.000060  0.0000110  0.0000133    0.000124    0.000053
2007   3  27  54186   0.011695   0.474840  -0.0595390   0.0007956  -0.055649  -0.006607   0.000056   0.000057  0.0000025  0.0000130    0.000117    0.000051
2007   3  28  54187   0.013503   0.475563  -0.0603999   0.0009529  -0.055477  -0.006467   0.000053   0.000054  0.0000051  0.0000130    0.000054    0.000020
2007   3  29  54188   0.015718   0.476279  -0.0614417   0.0011388  -0.055392  -0.006274   0.000052   0.000053  0.0000083  0.0000129    0.000037    0.000017
2007   3  30  54189   0.018184   0.477142  -0.0626499   0.0012790  -0.055271  -0.006110   0.000053   0.000055  0.0000030  0.0000129    0.000147    0.000062
2007   3  31  54190   0.020398   0.478082  -0.0639645   0.0013597  -0.055158  -0.005888   0.000055   0.000057  0.0000063  0.0000135    0.000168    0.000070
2007   4   1  54191   0.022670   0.478818  -0.0653639   0.0014826  -0.055050  -0.005630   0.000054   0.000056  0.0000093  0.0000135    0.000142    0.000059
2007   4   2  54192   0.025242   0.479676  -0.0668704   0.0015526  -0.054935  -0.005497   0.000050   0.000052  0.0000064  0.0000127    0.000117    0.000048
2007   4   3  54193   0.027971   0.480733  -0.0684405   0.0015687  -0.054848  -0.005624   0.000047   0.000049  0.0000016  0.0000124    0.000092    0.000038
2007   4   4  54194   0.030694   0.482079  -0.0699774   0.0015070  -0.054824  -0.005961   0.000047   0.000049  0.0000013  0.0000124    0.000158    0.000074
2007   4   5  54195   0.033227   0.483135  -0.0714209   0.0013774  -0.054843  -0.006301   0.000048   0.000050  0.0000021  0.0000123    0.000249    0.000122
2007   4   6  54196   0.035739   0.484209  -0.0727562   0.0012824  -0.054821  -0.006533   0.000047   0.000049  0.0000039  0.0000123    0.000251    0.000122
2007   4   7  54197   0.038133   0.485188  -0.0740162   0.0012154  -0.054739  -0.006723   0.000049   0.000051  0.0000059  0.0000125    0.000220    0.000105
2007   4   8  54198   0.040104   0.485964  -0.0752503   0.0012231  -0.054618  -0.006952   0.000049   0.000051  0.0000087  0.0000116    0.000189    0.000088
2007   4   9  54199   0.041475   0.486690  -0.0764626   0.0012079  -0.054445  -0.007148   0.000046   0.000048  0.0000076  0.0000103    0.000158    0.000071
2007   4  10  54200   0.042605   0.487335  -0.0776617   0.0011898  -0.054235  -0.007172   0.000046   0.000047  0.0000044  0.0000102    0.000126    0.000054
2007   4  11  54201   0.044067   0.487743  -0.0788988   0.0012841  -0.054123  -0.007065   0.000044   0.000046  0.0000012  0.0000101    0.000095    0.000037
2007   4  12  54202   0.045538   0.488424  -0.0802589   0.0014526  -0.054333  -0.007077   0.000043   0.000044  0.0000011  0.0000101    0.000893    0.000263
2007   4  13  54203   0.046991   0.488844  -0.0818511   0.0017582  -0.054587  -0.007212   0.000044   0.000045  0.0000017  0.0000103    0.000461    0.000157
2007   4  14  54204   0.048753   0.489248  -0.0837457   0.0020379  -0.054506  -0.007295   0.000046   0.000046  0.0000066  0.0000106    0.000286    0.000116
2007   4  15  54205   0.050412   0.489652  -0.0858758   0.0022216  -0.054232  -0.006985   0.000048   0.000047  0.0000083  0.0000109    0.000374    0.000144
2007   4  16  54206   0.052293   0.490083  -0.0881621   0.0023217  -0.054252  -0.006353   0.000047   0.000047  0.0000092  0.0000105    0.000462    0.000172
2007   4  17  54207   0.054284   0.490405  -0.0904234   0.0021391  -0.054787  -0.005878   0.000046   0.000045  0.0000090  0.0000101    0.000549    0.000200
2007   4  18  54208   0.056324   0.490410  -0.0924264   0.0018336  -0.055813  -0.006025   0.000045   0.000044  0.0000027  0.0000101    0.000186    0.000068
2007   4  19  54209   0.058146   0.490328  -0.0940600   0.0014215  -0.056318  -0.006390   0.000045   0.000044  0.0000014  0.0000100    0.000129    0.000053
2007   4  20  54210   0.059799   0.490366  -0.0953088   0.0010390  -0.056299  -0.006805   0.000046   0.000044  0.0000014  0.0000099    0.000162    0.000072
2007   4  21  54211   0.061260   0.490390  -0.0962538   0.0008347  -0.055910  -0.007223   0.000047   0.000046  0.0000050  0.0000102    0.000159    0.000070
2007   4  22  54212   0.062618   0.490349  -0.0970535   0.0007949  -0.055239  -0.007632   0.000052   0.000051  0.0000079  0.0000108    0.000142    0.000060
2007   4  23  54213   0.063804   0.490397  -0.0978740   0.0008611  -0.054567  -0.007857   0.000054   0.000053  0.0000058  0.0000106    0.000125    0.000050
2007   4  24  54214   0.065283   0.490414  -0.0987975   0.0009719  -0.054263  -0.007721   0.000052   0.000051  0.0000015  0.0000103    0.000108    0.000041
2007   4  25  54215   0.066868   0.490405  -0.0998347   0.0011060  -0.054470  -0.007375   0.000051   0.000050  0.0000059  0.0000102    0.000082    0.000033
2007   4  26  54216   0.068904   0.490537  -0.1010071   0.0012676  -0.054817  -0.007038   0.000051   0.000049  0.0000100  0.0000099    0.000053    0.000025
2007   4  27  54217   0.071034   0.490958  -0.1023285   0.0014144  -0.054876  -0.006829   0.000051   0.000049  0.0000046  0.0000100    0.000232    0.000123
2007   4  28  54218   0.073084   0.491195  -0.1037705   0.0014895  -0.054741  -0.006684   0.000054   0.000051  0.0000084  0.0000106    0.000275    0.000146
2007   4  29  54219   0.075218   0.491176  -0.1052440   0.0014927  -0.054578  -0.006537   0.000052   0.000050  0.0000098  0.0000108    0.000243    0.000128
2007   4  30  54220   0.077167   0.491128  -0.1066901   0.0014344  -0.054475  -0.006467   0.000047   0.000046  0.0000098  0.0000102    0.000211    0.000110
2007   5   1  54221   0.079116   0.491034  -0.1080602   0.0013162  -0.054442  -0.006619   0.000046   0.000045  0.0000096  0.0000099    0.000179    0.000092
2007   5   2  54222   0.080886   0.490906  -0.1093027   0.0011609  -0.054463  -0.006992   0.000047   0.000046  0.0000061  0.0000101    0.000147    0.000074
2007   5   3  54223   0.082777   0.490502  -0.1103965   0.0010039  -0.054514  -0.007384   0.000047   0.000046  0.0000025  0.0000102    0.000115    0.000056
2007   5   4  54224   0.085104   0.489868  -0.1113418   0.0009060  -0.054440  -0.007685   0.000046   0.000045  0.0000022  0.0000100    0.000308    0.000116
2007   5   5  54225   0.087426   0.489225  -0.1121560   0.0007487  -0.054348  -0.007738   0.000048   0.000046  0.0000067  0.0000104    0.000333    0.000121
2007   5   6  54226   0.089574   0.488240  -0.1128759   0.0006517  -0.054237  -0.007707   0.000048   0.000047  0.0000102  0.0000107    0.000273    0.000099
2007   5   7  54227   0.091642   0.487271  -0.1135281   0.0006450  -0.054140  -0.007712   0.000047   0.000046  0.0000074  0.0000104    0.000213    0.000076
2007   5   8  54228   0.093619   0.486493  -0.1142216   0.0007994  -0.054075  -0.007720   0.000045   0.000044  0.0000021  0.0000100    0.000154    0.000054
2007   5   9  54229   0.095464   0.485848  -0.1151243   0.0010374  -0.054033  -0.007701   0.000044   0.000043  0.0000072  0.0000099    0.000172    0.000064
2007   5  10  54230   0.097408   0.484953  -0.1163124   0.0013453  -0.054023  -0.007704   0.000045   0.000045  0.0000118  0.0000102    0.000211    0.000082
2007   5  11  54231   0.099638   0.484423  -0.1178165   0.0016518  -0.054057  -0.007766   0.000045   0.000045  0.0000042  0.0000104    0.000251    0.000101
2007   5  12  54232   0.101520   0.483871  -0.1196670   0.0020123  -0.054122  -0.007754   0.000045   0.000045  0.0000095  0.0000106    0.000224    0.000090
2007   5  13  54233   0.103916   0.483180  -0.1218019   0.0022292  -0.054314  -0.007500   0.000045   0.000044  0.0000099  0.0000107    0.000173    0.000067
2007   5  14  54234   0.106519   0.482452  -0.1240286   0.0021776  -0.054788  -0.007075   0.000043   0.000043  0.0000057  0.0000104    0.000122    0.000045
2007   5  15  54235   0.109470   0.481629  -0.1261026   0.0019404  -0.055523  -0.006793   0.000040   0.000041  0.0000015  0.0000101    0.000071    0.000023
2007   5  16  54236   0.112286   0.480880  -0.1278400   0.0015543  -0.055987  -0.006942   0.000040   0.000040  0.0000048  0.0000100    0.000065    0.000026
2007   5  17  54237   0.114864   0.479914  -0.1292302   0.0012185  -0.056522  -0.007298   0.000041   0.000041  0.0000079  0.0000101    0.000135    0.000047
2007   5  18  54238   0.117150   0.479048  -0.1303365   0.0009622  -0.056782  -0.007643   0.000041   0.000042  0.0000027  0.0000102    0.000224    0.000072
2007   5  19  54239   0.119156   0.477913  -0.1311851   0.0008483  -0.056435  -0.007875   0.000044   0.000044  0.0000111  0.0000104    0.000216    0.000069
2007   5  20  54240   0.120914   0.476831  -0.1320881   0.0008590  -0.055728  -0.008038   0.000044   0.000044  0.0000137  0.0000111    0.000171    0.000055
2007   5  21  54241   0.122494   0.475463  -0.1330325   0.0009079  -0.055040  -0.008050   0.000042   0.000043  0.0000085  0.0000112    0.000126    0.000041
2007   5  22  54242   0.124366   0.473998  -0.1339405   0.0009635  -0.054780  -0.007787   0.000042   0.000043  0.0000021  0.0000108    0.000081    0.000027
2007   5  23  54243   0.126752   0.473117  -0.1349096   0.0010693  -0.054735  -0.007391   0.000042   0.000043  0.0000051  0.0000108    0.000151    0.000049
2007   5  24  54244   0.129024   0.472693  -0.1360379   0.0012192  -0.055171  -0.007037   0.000044   0.000045  0.0000089  0.0000109    0.000345    0.000148
2007   5  25  54245   0.131420   0.471865  -0.1373290   0.0013079  -0.055475  -0.006890   0.000044   0.000045  0.0000062  0.0000110    0.000566    0.000267
2007   5  26  54246   0.133724   0.470996  -0.1386277   0.0012819  -0.055571  -0.006862   0.000045   0.000045  0.0000087  0.0000113    0.001040    0.000289
2007   5  27  54247   0.135545   0.470167  -0.1398771   0.0011904  -0.055631  -0.006832   0.000046   0.000047  0.0000140  0.0000114    0.001608    0.000275
2007   5  28  54248   0.137191   0.468892  -0.1410219   0.0010942  -0.055815  -0.006804   0.000045   0.000045  0.0000126  0.0000108    0.002176    0.000262
2007   5  29  54249   0.138874   0.467418  -0.1420078   0.0009362  -0.056133  -0.006902   0.000044   0.000044  0.0000077  0.0000105    0.002745    0.000248
2007   5  30  54250   0.140842   0.465684  -0.1428215   0.0007636  -0.056266  -0.007270   0.000042   0.000043  0.0000028  0.0000106    0.000710    0.000097
2007   5  31  54251   0.143479   0.463805  -0.1434626   0.0005842  -0.056195  -0.007629   0.000042   0.000043  0.0000016  0.0000108    0.000163    0.000059
2007   6   1  54252   0.146330   0.462120  -0.1439305   0.0003281  -0.056039  -0.007792   0.000043   0.000044  0.0000013  0.0000108    0.000163    0.000057
2007   6   2  54253   0.149186   0.460407  -0.1442362   0.0001903  -0.056129  -0.007706   0.000045   0.000045  0.0000099  0.0000110    0.000173    0.000059
2007   6   3  54254   0.151589   0.458925  -0.1443769   0.0001479  -0.056256  -0.007492   0.000046   0.000047  0.0000105  0.0000120    0.000187    0.000061
2007   6   4  54255   0.153876   0.457275  -0.1445574   0.0002447  -0.056396  -0.007330   0.000045   0.000046  0.0000063  0.0000123    0.000201    0.000064
2007   6   5  54256   0.156430   0.455894  -0.1449320   0.0004494  -0.056621  -0.007294   0.000043   0.000043  0.0000025  0.0000121    0.000214    0.000066
2007   6   6  54257   0.158771   0.454676  -0.1454980   0.0006767  -0.056696  -0.007329   0.000042   0.000043  0.0000081  0.0000121    0.000239    0.000084
2007   6   7  54258   0.160571   0.453114  -0.1462691   0.0008606  -0.056660  -0.007356   0.000043   0.000043  0.0000128  0.0000121    0.000266    0.000107
2007   6   8  54259   0.162447   0.451431  -0.1472370   0.0010236  -0.056577  -0.007320   0.000043   0.000044  0.0000049  0.0000123    0.000292    0.000129
2007   6   9  54260   0.164436   0.449962  -0.1483320   0.0011213  -0.056661  -0.007224   0.000044   0.000045  0.0000089  0.0000125    0.000262    0.000116
2007   6  10  54261   0.166783   0.448608  -0.1494456   0.0011412  -0.056990  -0.007045   0.000043   0.000044  0.0000091  0.0000127    0.000211    0.000090
2007   6  11  54262   0.169184   0.447154  -0.1505327   0.0010287  -0.057521  -0.006858   0.000040   0.000041  0.0000057  0.0000126    0.000160    0.000064
2007   6  12  54263   0.171325   0.445421  -0.1514622   0.0007726  -0.058083  -0.006814   0.000038   0.000039  0.0000025  0.0000126    0.000108    0.000038
2007   6  13  54264   0.173345   0.443182  -0.1520558   0.0004327  -0.058351  -0.006740   0.000038   0.000039  0.0000089  0.0000127    0.000209    0.000068
2007   6  14  54265   0.175073   0.441187  -0.1523173   0.0001553  -0.058544  -0.006926   0.000039   0.000040  0.0000140  0.0000127    0.000265    0.000088
2007   6  15  54266   0.176633   0.439048  -0.1523591  -0.0000367  -0.058607  -0.007127   0.000039   0.000040  0.0000050  0.0000125    0.000296    0.000101
2007   6  16  54267   0.178378   0.437120  -0.1522916  -0.0000378  -0.058396  -0.007228   0.000039   0.000040  0.0000068  0.0000125    0.000281    0.000096
2007   6  17  54268   0.180311   0.435275  -0.1523014   0.0001058  -0.057995  -0.007256   0.000039   0.000040  0.0000089  0.0000126    0.000250    0.000085
2007   6  18  54269   0.182523   0.433614  -0.1524924   0.0002618  -0.057615  -0.007205   0.000038   0.000039  0.0000069  0.0000121    0.000218    0.000074
2007   6  19  54270   0.184792   0.431904  -0.1528766   0.0004641  -0.057567  -0.007052   0.000037   0.000037  0.0000039  0.0000118    0.000187    0.000063
2007   6  20  54271   0.187187   0.430635  -0.1534303   0.0006458  -0.058062  -0.006813   0.000037   0.000038  0.0000054  0.0000119    0.000168    0.000060
2007   6  21  54272   0.189378   0.429214  -0.1541236   0.0007432  -0.058791  -0.006667   0.000038   0.000039  0.0000071  0.0000120    0.000152    0.000060
2007   6  22  54273   0.191573   0.427172  -0.1548873   0.0007568  -0.059337  -0.006686   0.000038   0.000039  0.0000045  0.0000121    0.000136    0.000060
2007   6  23  54274   0.193638   0.424888  -0.1555884   0.0006878  -0.059528  -0.006809   0.000039   0.000040  0.0000058  0.0000125    0.000137    0.000058
2007   6  24  54275   0.195722   0.422830  -0.1562037   0.0005820  -0.059548  -0.006875   0.000042   0.000042  0.0000073  0.0000127    0.000145    0.000056
2007   6  25  54276   0.197993   0.420792  -0.1567183   0.0004709  -0.059630  -0.006858   0.000042   0.000042  0.0000060  0.0000123    0.000152    0.000055
2007   6  26  54277   0.200756   0.419099  -0.1570982   0.0003262  -0.059845  -0.006875   0.000040   0.000040  0.0000037  0.0000119    0.000160    0.000053
2007   6  27  54278   0.203282   0.417718  -0.1573300   0.0001656  -0.059962  -0.006993   0.000039   0.000039  0.0000076  0.0000118    0.000072    0.000027
2007   6  28  54279   0.205231   0.416353  -0.1574184   0.0000412  -0.060207  -0.007117   0.000039   0.000039  0.0000111  0.0000120    0.000080    0.000027
2007   6  29  54280   0.206743   0.414851  -0.1574081  -0.0000296  -0.060526  -0.007148   0.000039   0.000040  0.0000071  0.0000121    0.000221    0.000132
2007   6  30  54281   0.207955   0.413277  -0.1573874  -0.0000640  -0.060778  -0.007073   0.000040   0.000041  0.0000081  0.0000123    0.000235    0.000146
2007   7   1  54282   0.208667   0.411591  -0.1573282   0.0000114  -0.060914  -0.006909   0.000040   0.000041  0.0000107  0.0000122    0.000190    0.000113
2007   7   2  54283   0.209148   0.409503  -0.1573954   0.0001748  -0.060991  -0.006778   0.000038   0.000039  0.0000078  0.0000119    0.000144    0.000081
2007   7   3  54284   0.209776   0.407201  -0.1577279   0.0004324  -0.061109  -0.006768   0.000036   0.000037  0.0000023  0.0000116    0.000099    0.000048
2007   7   4  54285   0.210733   0.405063  -0.1582992   0.0006640  -0.061172  -0.006886   0.000036   0.000037  0.0000019  0.0000117    0.000247    0.000073
2007   7   5  54286   0.211810   0.403024  -0.1590736   0.0008312  -0.061262  -0.006920   0.000037   0.000038  0.0000029  0.0000116    0.000283    0.000103
2007   7   6  54287   0.213132   0.400819  -0.1599885   0.0009343  -0.061367  -0.006877   0.000036   0.000038  0.0000039  0.0000116    0.000272    0.000129
2007   7   7  54288   0.214347   0.398611  -0.1609436   0.0009481  -0.061604  -0.006814   0.000037   0.000039  0.0000084  0.0000119    0.000236    0.000117
2007   7   8  54289   0.215167   0.396254  -0.1618176   0.0007583  -0.061925  -0.006737   0.000038   0.000039  0.0000088  0.0000114    0.000190    0.000090
2007   7   9  54290   0.215843   0.393704  -0.1624499   0.0004980  -0.062264  -0.006678   0.000037   0.000038  0.0000057  0.0000107    0.000143    0.000063
2007   7  10  54291   0.216686   0.391045  -0.1627729   0.0002170  -0.062567  -0.006683   0.000035   0.000036  0.0000020  0.0000104    0.000096    0.000036
2007   7  11  54292   0.217696   0.388252  -0.1628350  -0.0000258  -0.062685  -0.006914   0.000034   0.000035  0.0000051  0.0000106    0.000060    0.000025
2007   7  12  54293   0.218496   0.385721  -0.1627151  -0.0001966  -0.062744  -0.007020   0.000035   0.000036  0.0000095  0.0000107    0.000064    0.000027
2007   7  13  54294   0.219487   0.383102  -0.1624652  -0.0002842  -0.062769  -0.007040   0.000035   0.000036  0.0000113  0.0000106    0.000078    0.000031
2007   7  14  54295   0.220791   0.380447  -0.1621636  -0.0002555  -0.062792  -0.007073   0.000035   0.000037  0.0000101  0.0000108    0.000100    0.000037
2007   7  15  54296   0.222027   0.377823  -0.1619942  -0.0000967  -0.062736  -0.007025   0.000035   0.000037  0.0000084  0.0000101    0.000123    0.000044
2007   7  16  54297   0.223201   0.375355  -0.1619810   0.0000812  -0.062661  -0.006869   0.000034   0.000035  0.0000062  0.0000091    0.000147    0.000050
2007   7  17  54298   0.224564   0.372907  -0.1621530   0.0002454  -0.062764  -0.006677   0.000033   0.000035  0.0000022  0.0000091    0.000171    0.000057
2007   7  18  54299   0.225900   0.370451  -0.1624808   0.0003499  -0.063104  -0.006502   0.000033   0.000035  0.0000071  0.0000091    0.000197    0.000065
2007   7  19  54300   0.227087   0.367946  -0.1628825   0.0004093  -0.063647  -0.006487   0.000033   0.000035  0.0000113  0.0000091    0.000223    0.000074
2007   7  20  54301   0.227877   0.365360  -0.1632633   0.0003360  -0.064155  -0.006615   0.000034   0.000035  0.0000045  0.0000092    0.000249    0.000083
2007   7  21  54302   0.228543   0.362509  -0.1635526   0.0002363  -0.064495  -0.006793   0.000035   0.000036  0.0000057  0.0000094    0.000235    0.000078
2007   7  22  54303   0.229147   0.359686  -0.1637170   0.0000873  -0.064617  -0.006872   0.000036   0.000036  0.0000090  0.0000097    0.000204    0.000068
2007   7  23  54304   0.229727   0.356968  -0.1637157  -0.0000895  -0.064641  -0.006850   0.000035   0.000035  0.0000071  0.0000097    0.000174    0.000059
2007   7  24  54305   0.230153   0.355035  -0.1635162  -0.0002743  -0.064715  -0.006848   0.000033   0.000034  0.0000030  0.0000095    0.000144    0.000049
2007   7  25  54306   0.230252   0.352870  -0.1631221  -0.0004747  -0.064758  -0.006918   0.000033   0.000035  0.0000065  0.0000095    0.000656    0.000538
2007   7  26  54307   0.230271   0.350603  -0.1625766  -0.0005957  -0.064720  -0.007022   0.000034   0.000035  0.0000096  0.0000095    0.000587    0.000453
2007   7  27  54308   0.230082   0.348410  -0.1619543  -0.0006186  -0.064649  -0.007057   0.000034   0.000036  0.0000036  0.0000096    0.000298    0.000154
2007   7  28  54309   0.229186   0.345796  -0.1613507  -0.0005467  -0.064779  -0.006986   0.000035   0.000037  0.0000060  0.0000097    0.000205    0.000069
2007   7  29  54310   0.228567   0.342828  -0.1609283  -0.0003271  -0.064980  -0.006854   0.000036   0.000038  0.0000090  0.0000104    0.000185    0.000062
2007   7  30  54311   0.228168   0.339979  -0.1607478  -0.0000737  -0.065164  -0.006730   0.000035   0.000036  0.0000070  0.0000106    0.000166    0.000055
2007   7  31  54312   0.227612   0.337021  -0.1608235   0.0002135  -0.065353  -0.006641   0.000033   0.000035  0.0000031  0.0000103    0.000146    0.000048
2007   8   1  54313   0.227077   0.334164  -0.1611753   0.0004761  -0.065493  -0.006494   0.000033   0.000034  0.0000071  0.0000105    0.000107    0.000040
2007   8   2  54314   0.226656   0.331463  -0.1618072   0.0007015  -0.065875  -0.006514   0.000033   0.000034  0.0000107  0.0000104    0.000070    0.000028
2007   8   3  54315   0.226343   0.329080  -0.1626141   0.0008066  -0.066429  -0.006688   0.000033   0.000034  0.0000046  0.0000103    0.000210    0.000074
2007   8   4  54316   0.225970   0.326461  -0.1633424   0.0006911  -0.066863  -0.006794   0.000034   0.000035  0.0000081  0.0000106    0.000265    0.000091
2007   8   5  54317   0.225377   0.323593  -0.1639504   0.0004874  -0.067035  -0.006847   0.000034   0.000035  0.0000128  0.0000110    0.000268    0.000090
2007   8   6  54318   0.224141   0.320914  -0.1643159   0.0001968  -0.066950  -0.006853   0.000033   0.000034  0.0000102  0.0000108    0.000271    0.000089
2007   8   7  54319   0.222876   0.318462  -0.1643529  -0.0000851  -0.066761  -0.006814   0.000031   0.000032  0.0000045  0.0000107    0.000274    0.000088
2007   8   8  54320   0.221439   0.316022  -0.1641321  -0.0003133  -0.066498  -0.006742   0.000031   0.000032  0.0000096  0.0000106    0.000222    0.000069
2007   8   9  54321   0.219705   0.313369  -0.1637396  -0.0004315  -0.066305  -0.006715   0.000032   0.000033  0.0000138  0.0000106    0.000156    0.000046
2007   8  10  54322   0.218139   0.310856  -0.1632841  -0.0004433  -0.066403  -0.006957   0.000032   0.000033  0.0000042  0.0000107    0.000137    0.000045
2007   8  11  54323   0.217302   0.308214  -0.1628999  -0.0003051  -0.066422  -0.007074   0.000033   0.000034  0.0000064  0.0000110    0.000137    0.000048
2007   8  12  54324   0.216949   0.305710  -0.1627255  -0.0000721  -0.066327  -0.006990   0.000036   0.000036  0.0000088  0.0000112    0.000139    0.000050
2007   8  13  54325   0.216685   0.303255  -0.1627401   0.0000741  -0.066257  -0.006723   0.000036   0.000036  0.0000064  0.0000110    0.000141    0.000051
2007   8  14  54326   0.216284   0.301048  -0.1628867   0.0001795  -0.066338  -0.006366   0.000035   0.000036  0.0000025  0.0000110    0.000143    0.000052
2007   8  15  54327   0.215428   0.299030  -0.1631384   0.0002495  -0.066582  -0.006111   0.000036   0.000037  0.0000066  0.0000112    0.000172    0.000062
2007   8  16  54328   0.214172   0.297344  -0.1634081   0.0002541  -0.067030  -0.006094   0.000036   0.000037  0.0000103  0.0000112    0.000209    0.000073
2007   8  17  54329   0.212729   0.295461  -0.1636358   0.0002284  -0.067568  -0.006271   0.000036   0.000036  0.0000042  0.0000111    0.000245    0.000085
2007   8  18  54330   0.211570   0.292755  -0.1638501   0.0001897  -0.067971  -0.006477   0.000037   0.000037  0.0000062  0.0000114    0.000223    0.000077
2007   8  19  54331   0.210920   0.289907  -0.1639851   0.0000945  -0.068087  -0.006570   0.000036   0.000036  0.0000097  0.0000114    0.000179    0.000063
2007   8  20  54332   0.210428   0.286899  -0.1639883  -0.0000488  -0.067975  -0.006581   0.000033   0.000033  0.0000072  0.0000109    0.000134    0.000048
2007   8  21  54333   0.210284   0.284219  -0.1638460  -0.0002093  -0.067835  -0.006638   0.000031   0.000032  0.0000020  0.0000106    0.000090    0.000033
2007   8  22  54334   0.209624   0.282027  -0.1635525  -0.0003649  -0.067834  -0.006802   0.000032   0.000032  0.0000071  0.0000106    0.000098    0.000035
2007   8  23  54335   0.208382   0.279627  -0.1631162  -0.0004481  -0.067884  -0.006971   0.000032   0.000032  0.0000116  0.0000106    0.000120    0.000041
2007   8  24  54336   0.206603   0.277322  -0.1626067  -0.0004860  -0.067886  -0.007026   0.000033   0.000033  0.0000040  0.0000106    0.000141    0.000047
2007   8  25  54337   0.204784   0.274940  -0.1621772  -0.0003663  -0.067830  -0.006960   0.000034   0.000035  0.0000080  0.0000111    0.000142    0.000049
2007   8  26  54338   0.203039   0.272523  -0.1618969  -0.0001535  -0.067831  -0.006880   0.000037   0.000036  0.0000148  0.0000114    0.000135    0.000047
2007   8  27  54339   0.201826   0.270315  -0.1618765   0.0001493  -0.067897  -0.006827   0.000037   0.000036  0.0000119  0.0000109    0.000128    0.000046
2007   8  28  54340   0.200964   0.268564  -0.1621998   0.0004572  -0.067963  -0.006739   0.000035   0.000034  0.0000047  0.0000105    0.000121    0.000045
2007   8  29  54341   0.200102   0.266958  -0.1628430   0.0007434  -0.068150  -0.006592   0.000035   0.000034  0.0000091  0.0000105    0.000157    0.000056
2007   8  30  54342   0.199408   0.265438  -0.1637193   0.0009405  -0.068503  -0.006475   0.000035   0.000034  0.0000133  0.0000106    0.000204    0.000071
2007   8  31  54343   0.198692   0.263764  -0.1646950   0.0009827  -0.068985  -0.006488   0.000036   0.000035  0.0000047  0.0000107    0.000252    0.000085
2007   9   1  54344   0.197889   0.261802  -0.1656257   0.0008779  -0.069380  -0.006579   0.000037   0.000036  0.0000089  0.0000109    0.000285    0.000090
2007   9   2  54345   0.196728   0.259809  -0.1663916   0.0006356  -0.069528  -0.006636   0.000038   0.000036  0.0000098  0.0000101    0.000313    0.000091
2007   9   3  54346   0.195372   0.257715  -0.1668880   0.0003654  -0.069412  -0.006606   0.000036   0.000034  0.0000065  0.0000087    0.000341    0.000093
2007   9   4  54347   0.194058   0.255859  -0.1671151   0.0001322  -0.069152  -0.006543   0.000035   0.000034  0.0000037  0.0000085    0.000368    0.000094
2007   9   5  54348   0.192607   0.253720  -0.1671802   0.0000259  -0.068729  -0.006590   0.000034   0.000034  0.0000012  0.0000088    0.000119    0.000038
2007   9   6  54349   0.190661   0.251812  -0.1672233   0.0000563  -0.068462  -0.006616   0.000034   0.000034  0.0000011  0.0000087    0.000098    0.000036
2007   9   7  54350   0.188489   0.249659  -0.1673534   0.0001966  -0.068213  -0.006642   0.000034   0.000034  0.0000016  0.0000086    0.000136    0.000050
2007   9   8  54351   0.186962   0.247674  -0.1676392   0.0004029  -0.067926  -0.006663   0.000036   0.000035  0.0000082  0.0000089    0.000131    0.000048
2007   9   9  54352   0.185578   0.245984  -0.1681456   0.0005962  -0.067617  -0.006580   0.000035   0.000034  0.0000103  0.0000093    0.000110    0.000040
2007   9  10  54353   0.184334   0.244362  -0.1688568   0.0007598  -0.067397  -0.006324   0.000031   0.000031  0.0000141  0.0000094    0.000089    0.000033
2007   9  11  54354   0.182894   0.242540  -0.1697096   0.0008647  -0.067349  -0.005945   0.000030   0.000030  0.0000185  0.0000093    0.000068    0.000026
2007   9  12  54355   0.181069   0.240476  -0.1706217   0.0009202  -0.067359  -0.005620   0.000030   0.000030  0.0000187  0.0000093    0.000054    0.000021
2007   9  13  54356   0.179307   0.238380  -0.1715315   0.0009282  -0.067745  -0.005495   0.000030   0.000030  0.0000157  0.0000093    0.000043    0.000020
2007   9  14  54357   0.177356   0.236321  -0.1724365   0.0008207  -0.068380  -0.005618   0.000030   0.000030  0.0000050  0.0000093    0.000198    0.000094
2007   9  15  54358   0.175171   0.234163  -0.1732356   0.0007118  -0.068788  -0.005887   0.000031   0.000030  0.0000105  0.0000096    0.000228    0.000107
2007   9  16  54359   0.172387   0.232226  -0.1738623   0.0005471  -0.068864  -0.006088   0.000032   0.000032  0.0000124  0.0000105    0.000191    0.000088
2007   9  17  54360   0.169684   0.230225  -0.1743491   0.0004297  -0.068650  -0.006188   0.000032   0.000032  0.0000077  0.0000110    0.000154    0.000068
2007   9  18  54361   0.167291   0.228502  -0.1747133   0.0002933  -0.068341  -0.006314   0.000030   0.000031  0.0000022  0.0000109    0.000116    0.000049
2007   9  19  54362   0.165214   0.226588  -0.1749552   0.0002279  -0.068254  -0.006467   0.000030   0.000030  0.0000090  0.0000108    0.000339    0.000176
2007   9  20  54363   0.163178   0.224739  -0.1751740   0.0002690  -0.068003  -0.006666   0.000030   0.000030  0.0000148  0.0000106    0.000314    0.000159
2007   9  21  54364   0.160541   0.222912  -0.1754809   0.0003503  -0.067617  -0.006718   0.000030   0.000031  0.0000043  0.0000108    0.000194    0.000086
2007   9  22  54365   0.157614   0.221033  -0.1759207   0.0005468  -0.067378  -0.006578   0.000030   0.000031  0.0000093  0.0000112    0.000155    0.000063
2007   9  23  54366   0.154794   0.219556  -0.1766020   0.0008170  -0.067323  -0.006447   0.000034   0.000035  0.0000105  0.0000112    0.000146    0.000057
2007   9  24  54367   0.151731   0.217971  -0.1775422   0.0010805  -0.067424  -0.006404   0.000036   0.000037  0.0000065  0.0000108    0.000136    0.000051
2007   9  25  54368   0.149038   0.216233  -0.1787880   0.0014439  -0.067589  -0.006326   0.000034   0.000035  0.0000024  0.0000106    0.000127    0.000045
2007   9  26  54369   0.146593   0.214832  -0.1803858   0.0016875  -0.067874  -0.006128   0.000034   0.000035  0.0000131  0.0000106    0.000182    0.000065
2007   9  27  54370   0.144021   0.212963  -0.1821284   0.0017032  -0.068222  -0.005955   0.000034   0.000035  0.0000217  0.0000107    0.000254    0.000090
2007   9  28  54371   0.141570   0.211104  -0.1837531   0.0015425  -0.068512  -0.005971   0.000034   0.000036  0.0000070  0.0000110    0.000327    0.000116
2007   9  29  54372   0.138668   0.209499  -0.1851632   0.0012827  -0.068456  -0.006093   0.000035   0.000037  0.0000084  0.0000112    0.000299    0.000107
2007   9  30  54373   0.136108   0.207710  -0.1862953   0.0009820  -0.068231  -0.006093   0.000032   0.000033  0.0000153  0.0000111    0.000236    0.000085
2007  10   1  54374   0.133642   0.206412  -0.1871188   0.0007047  -0.068066  -0.005949   0.000027   0.000029  0.0000117  0.0000107    0.000172    0.000064
2007  10   2  54375   0.130549   0.205211  -0.1877115   0.0005482  -0.067941  -0.005859   0.000027   0.000028  0.0000029  0.0000106    0.000108    0.000042
2007  10   3  54376   0.127579   0.203917  -0.1882182   0.0005268  -0.067751  -0.005944   0.000027   0.000028  0.0000020  0.0000106    0.000245    0.000092
2007  10   4  54377   0.124559   0.202842  -0.1887492   0.0005553  -0.067402  -0.006063   0.000027   0.000028  0.0000030  0.0000102    0.000436    0.000160
2007  10   5  54378   0.121552   0.201577  -0.1893653   0.0006597  -0.066995  -0.006046   0.000027   0.000028  0.0000041  0.0000101    0.000626    0.000229
2007  10   6  54379   0.118617   0.200468  -0.1900915   0.0007850  -0.066646  -0.005867   0.000027   0.000029  0.0000074  0.0000103    0.000592    0.000215
2007  10   7  54380   0.115677   0.199296  -0.1909558   0.0009177  -0.066365  -0.005616   0.000026   0.000027  0.0000139  0.0000099    0.000475    0.000172
2007  10   8  54381   0.112855   0.198178  -0.1919415   0.0010329  -0.066161  -0.005336   0.000023   0.000024  0.0000117  0.0000093    0.000357    0.000128
2007  10   9  54382   0.109772   0.197509  -0.1929873   0.0010574  -0.066060  -0.005026   0.000023   0.000023  0.0000065  0.0000093    0.000240    0.000084
2007  10  10  54383   0.106664   0.196705  -0.1940611   0.0011008  -0.066064  -0.004763   0.000022   0.000023  0.0000021  0.0000093    0.000122    0.000040
2007  10  11  54384   0.103301   0.195917  -0.1951414   0.0010532  -0.066336  -0.004700   0.000022   0.000023  0.0000017  0.0000091    0.000053    0.000022
2007  10  12  54385   0.100231   0.194948  -0.1961571   0.0009275  -0.066571  -0.004887   0.000022   0.000023  0.0000024  0.0000089    0.000254    0.000102
2007  10  13  54386   0.097534   0.194249  -0.1970241   0.0007821  -0.066727  -0.005266   0.000022   0.000023  0.0000062  0.0000090    0.000295    0.000116
2007  10  14  54387   0.094890   0.193508  -0.1976945   0.0005905  -0.066718  -0.005591   0.000026   0.000026  0.0000106  0.0000091    0.000248    0.000097
2007  10  15  54388   0.092057   0.192906  -0.1982262   0.0004630  -0.066472  -0.005746   0.000028   0.000029  0.0000113  0.0000092    0.000201    0.000078
2007  10  16  54389   0.088965   0.192523  -0.1986575   0.0004006  -0.066100  -0.005830   0.000028   0.000029  0.0000085  0.0000091    0.000154    0.000058
2007  10  17  54390   0.085864   0.192080  -0.1990340   0.0004275  -0.065792  -0.005947   0.000028   0.000028  0.0000024  0.0000089    0.000107    0.000039
2007  10  18  54391   0.083020   0.191808  -0.1994751   0.0005046  -0.065621  -0.006055   0.000028   0.000028  0.0000020  0.0000091    0.000175    0.000083
2007  10  19  54392   0.079872   0.191411  -0.2000378   0.0006465  -0.065518  -0.005969   0.000028   0.000029  0.0000032  0.0000092    0.000376    0.000153
2007  10  20  54393   0.076682   0.190963  -0.2007483   0.0008548  -0.065364  -0.005741   0.000029   0.000030  0.0000077  0.0000093    0.000378    0.000148
2007  10  21  54394   0.073409   0.190477  -0.2016753   0.0010285  -0.065252  -0.005548   0.000032   0.000033  0.0000121  0.0000096    0.000295    0.000115
2007  10  22  54395   0.070790   0.190068  -0.2028272   0.0012591  -0.065249  -0.005475   0.000033   0.000033  0.0000090  0.0000096    0.000212    0.000081
2007  10  23  54396   0.068615   0.190111  -0.2042169   0.0015281  -0.065319  -0.005387   0.000032   0.000032  0.0000026  0.0000096    0.000129    0.000048
2007  10  24  54397   0.066464   0.190334  -0.2058375   0.0016937  -0.065374  -0.005125   0.000032   0.000032  0.0000069  0.0000096    0.000098    0.000036
2007  10  25  54398   0.064097   0.190374  -0.2075312   0.0016209  -0.065444  -0.004871   0.000032   0.000031  0.0000113  0.0000094    0.000081    0.000030
2007  10  26  54399   0.061621   0.190035  -0.2090619   0.0013830  -0.065563  -0.004971   0.000032   0.000032  0.0000047  0.0000095    0.000271    0.000109
2007  10  27  54400   0.058847   0.190141  -0.2102336   0.0009955  -0.065240  -0.005193   0.000033   0.000033  0.0000063  0.0000097    0.000291    0.000118
2007  10  28  54401   0.056248   0.190150  -0.2110456   0.0006981  -0.064734  -0.005212   0.000043   0.000043  0.0000111  0.0000094    0.000224    0.000089
2007  10  29  54402   0.053450   0.190374  -0.2116465   0.0005284  -0.064566  -0.004984   0.000050   0.000051  0.0000084  0.0000086    0.000156    0.000061
2007  10  30  54403   0.050657   0.190593  -0.2121547   0.0004864  -0.064785  -0.004813   0.000047   0.000048  0.0000020  0.0000084    0.000089    0.000033
2007  10  31  54404   0.047807   0.190934  -0.2126391   0.0005239  -0.064727  -0.004914   0.000047   0.000048  0.0000021  0.0000083    0.000234    0.000090
2007  11   1  54405   0.044802   0.190968  -0.2132007   0.0006015  -0.064489  -0.005131   0.000048   0.000049  0.0000032  0.0000082    0.000264    0.000102
2007  11   2  54406   0.042326   0.191031  -0.2138986   0.0007602  -0.064177  -0.005119   0.000049   0.000050  0.0000042  0.0000086    0.000231    0.000088
2007  11   3  54407   0.040299   0.191393  -0.2147339   0.0009140  -0.063982  -0.004823   0.000050   0.000051  0.0000053  0.0000087    0.000198    0.000075
2007  11   4  54408   0.038287   0.192083  -0.2157192   0.0010045  -0.063903  -0.004464   0.000055   0.000056  0.0000064  0.0000094    0.000165    0.000061
2007  11   5  54409   0.035913   0.192542  -0.2167596   0.0010192  -0.063801  -0.004217   0.000057   0.000057  0.0000046  0.0000101    0.000132    0.000048
2007  11   6  54410   0.034034   0.192710  -0.2177909   0.0010379  -0.063650  -0.004061   0.000052   0.000052  0.0000016  0.0000097    0.000099    0.000034
2007  11   7  54411   0.032337   0.193084  -0.2188507   0.0010592  -0.063439  -0.003711   0.000051   0.000051  0.0000042  0.0000095    0.000105    0.000039
2007  11   8  54412   0.030201   0.193182  -0.2199011   0.0009943  -0.063380  -0.003578   0.000053   0.000054  0.0000067  0.0000097    0.000115    0.000041
2007  11   9  54413   0.027845   0.193415  -0.2208470   0.0008504  -0.063441  -0.003844   0.000054   0.000055  0.0000034  0.0000099    0.000243    0.000088
2007  11  10  54414   0.025297   0.193403  -0.2215897   0.0006381  -0.063564  -0.004223   0.000056   0.000056  0.0000078  0.0000099    0.000242    0.000089
2007  11  11  54415   0.022788   0.193494  -0.2221694   0.0004914  -0.063655  -0.004518   0.000055   0.000056  0.0000124  0.0000096    0.000181    0.000066
2007  11  12  54416   0.020048   0.194093  -0.2225887   0.0003641  -0.063585  -0.004609   0.000051   0.000053  0.0000099  0.0000091    0.000119    0.000044
2007  11  13  54417   0.016992   0.194641  -0.2229075   0.0003289  -0.063323  -0.004546   0.000049   0.000050  0.0000062  0.0000091    0.000057    0.000021
2007  11  14  54418   0.014110   0.194867  -0.2232626   0.0003912  -0.062989  -0.004416   0.000049   0.000049  0.0000068  0.0000091    0.000099    0.000039
2007  11  15  54419   0.011131   0.195417  -0.2237498   0.0005860  -0.062610  -0.004324   0.000049   0.000050  0.0000051  0.0000090    0.000108    0.000044
2007  11  16  54420   0.007934   0.196021  -0.2244471   0.0008663  -0.062274  -0.004240   0.000049   0.000051  0.0000035  0.0000089    0.000412    0.000151
2007  11  17  54421   0.004603   0.196329  -0.2254121   0.0011235  -0.062161  -0.004150   0.000051   0.000052  0.0000075  0.0000089    0.000431    0.000157
2007  11  18  54422   0.001420   0.196935  -0.2266925   0.0014098  -0.062132  -0.004087   0.000055   0.000055  0.0000112  0.0000088    0.000308    0.000112
2007  11  19  54423  -0.001540   0.198092  -0.2282755   0.0017007  -0.062136  -0.004091   0.000057   0.000057  0.0000090  0.0000087    0.000184    0.000067
2007  11  20  54424  -0.004170   0.199343  -0.2301000   0.0019269  -0.062212  -0.004064   0.000054   0.000054  0.0000051  0.0000087    0.000060    0.000023
2007  11  21  54425  -0.006931   0.200727  -0.2320770   0.0019880  -0.062337  -0.003835   0.000053   0.000054  0.0000033  0.0000087    0.000427    0.000139
2007  11  22  54426  -0.009434   0.202194  -0.2340882   0.0019235  -0.062498  -0.003585   0.000055   0.000055  0.0000042  0.0000086    0.000465    0.000181
2007  11  23  54427  -0.011855   0.203741  -0.2359611   0.0017155  -0.062494  -0.003583   0.000056   0.000056  0.0000061  0.0000085    0.000335    0.000178
2007  11  24  54428  -0.014831   0.204426  -0.2375404   0.0014174  -0.062190  -0.003873   0.000058   0.000058  0.0000080  0.0000085    0.000278    0.000145
2007  11  25  54429  -0.018109   0.204807  -0.2387708   0.0011084  -0.061554  -0.004039   0.000062   0.000061  0.0000128  0.0000087    0.000221    0.000112
2007  11  26  54430  -0.020854   0.205098  -0.2397656   0.0009360  -0.061111  -0.003888   0.000062   0.000062  0.0000099  0.0000087    0.000165    0.000079
2007  11  27  54431  -0.022937   0.205827  -0.2406821   0.0009137  -0.061123  -0.003661   0.000058   0.000058  0.0000023  0.0000085    0.000108    0.000046
2007  11  28  54432  -0.025292   0.206908  -0.2416430   0.0010341  -0.061308  -0.003636   0.000056   0.000056  0.0000009  0.0000084    0.000059    0.000021
2007  11  29  54433  -0.027238   0.208121  -0.2427518   0.0012234  -0.061087  -0.003795   0.000058   0.000058  0.0000011  0.0000084    0.000165    0.000054
2007  11  30  54434  -0.028654   0.209483  -0.2440575   0.0014141  -0.060728  -0.003822   0.000060   0.000060  0.0000013  0.0000082    0.000316    0.000104
2007  12   1  54435  -0.029571   0.211038  -0.2455426   0.0015403  -0.060815  -0.003598   0.000062   0.000062  0.0000057  0.0000084    0.000303    0.000100
2007  12   2  54436  -0.030665   0.212616  -0.2471207   0.0015981  -0.061145  -0.003324   0.000061   0.000060  0.0000088  0.0000094    0.000229    0.000075
2007  12   3  54437  -0.032011   0.214108  -0.2487223   0.0015768  -0.061376  -0.003201   0.000057   0.000057  0.0000063  0.0000101    0.000155    0.000051
2007  12   4  54438  -0.033982   0.215819  -0.2502501   0.0014303  -0.061423  -0.003206   0.000054   0.000055  0.0000017  0.0000100    0.000082    0.000027
2007  12   5  54439  -0.036745   0.217099  -0.2515831   0.0012072  -0.061335  -0.003159   0.000054   0.000054  0.0000078  0.0000101    0.000473    0.000198
2007  12   6  54440  -0.039638   0.218546  -0.2526674   0.0009601  -0.061207  -0.003128   0.000055   0.000054  0.0000135  0.0000101    0.000181    0.000074
2007  12   7  54441  -0.042381   0.219779  -0.2534954   0.0006958  -0.061127  -0.003231   0.000054   0.000054  0.0000066  0.0000102    0.000631    0.000218
2007  12   8  54442  -0.044496   0.221118  -0.2540766   0.0004568  -0.061197  -0.003451   0.000057   0.000057  0.0000063  0.0000103    0.000700    0.000243
2007  12   9  54443  -0.046267   0.222350  -0.2544414   0.0002763  -0.061337  -0.003649   0.000052   0.000052  0.0000065  0.0000105    0.000509    0.000177
2007  12  10  54444  -0.047646   0.223936  -0.2546488   0.0001917  -0.061408  -0.003670   0.000044   0.000045  0.0000043  0.0000103    0.000317    0.000111
2007  12  11  54445  -0.049102   0.225443  -0.2548073   0.0001863  -0.061279  -0.003507   0.000042   0.000043  0.0000014  0.0000100    0.000125    0.000045
2007  12  12  54446  -0.050276   0.226607  -0.2550371   0.0003122  -0.060828  -0.003218   0.000043   0.000043  0.0000054  0.0000102    0.000267    0.000152
2007  12  13  54447  -0.051597   0.227743  -0.2553923   0.0004504  -0.060368  -0.003089   0.000044   0.000045  0.0000089  0.0000104    0.000132    0.000062
2007  12  14  54448  -0.053127   0.228791  -0.2559056   0.0006382  -0.060314  -0.003188   0.000044   0.000045  0.0000035  0.0000105    0.000219    0.000073
2007  12  15  54449  -0.054631   0.230211  -0.2566352   0.0008512  -0.060351  -0.003253   0.000046   0.000046  0.0000068  0.0000107    0.000237    0.000079
2007  12  16  54450  -0.056161   0.231783  -0.2576207   0.0011189  -0.060373  -0.003262   0.000043   0.000043  0.0000070  0.0000108    0.000188    0.000063
2007  12  17  54451  -0.057527   0.233337  -0.2588261   0.0012931  -0.060373  -0.003233   0.000038   0.000038  0.0000041  0.0000105    0.000140    0.000046
2007  12  18  54452  -0.058887   0.235019  -0.2601477   0.0013436  -0.060416  -0.003130   0.000036   0.000036  0.0000012  0.0000102    0.000092    0.000030
2007  12  19  54453  -0.060001   0.236260  -0.2614623   0.0013230  -0.060556  -0.002942   0.000036   0.000036  0.0000056  0.0000103    0.000192    0.000070
2007  12  20  54454  -0.060997   0.237697  -0.2627168   0.0011910  -0.060848  -0.002773   0.000038   0.000037  0.0000096  0.0000106    0.000331    0.000125
2007  12  21  54455  -0.061813   0.239239  -0.2638291   0.0009286  -0.061100  -0.002808   0.000037   0.000037  0.0000055  0.0000108    0.000470    0.000180
2007  12  22  54456  -0.062729   0.241028  -0.2646238   0.0006512  -0.061026  -0.003129   0.000038   0.000038  0.0000093  0.0000106    0.000465    0.001348
2007  12  23  54457  -0.063814   0.242618  -0.2651969   0.0005112  -0.060581  -0.003424   0.000087   0.000086  0.0000107  0.0000110    0.000407    0.002605
2007  12  24  54458  -0.065266   0.244465  -0.2656808   0.0004976  -0.060052  -0.003368   0.000131   0.000131  0.0000087  0.0000112    0.000349    0.002002
2007  12  25  54459  -0.067300   0.246084  -0.2661803   0.0005863  -0.059702  -0.003100   0.000129   0.000132  0.0000064  0.0000110    0.000291    0.001398
2007  12  26  54460  -0.069525   0.247633  -0.2668077   0.0007409  -0.059493  -0.002876   0.000129   0.000131  0.0000040  0.0000107    0.000234    0.000794
2007  12  27  54461  -0.071270   0.249064  -0.2676214   0.0009187  -0.059302  -0.002802   0.000116   0.000121  0.0000017  0.0000106    0.000176    0.000190
2007  12  28  54462  -0.072908   0.250944  -0.2686186   0.0010875  -0.059557  -0.002640   0.000111   0.000117  0.0000030  0.0000106    0.000337    0.000132
2007  12  29  54463  -0.074778   0.252711  -0.2697525   0.0012129  -0.059848  -0.002540   0.000125   0.000127  0.0000033  0.0000108    0.000359    0.000141
2007  12  30  54464  -0.076381   0.254725  -0.2709529   0.0012347  -0.060187  -0.002515   0.000102   0.000104  0.0000028  0.0000110    0.000308    0.000122
2007  12  31  54465  -0.078586   0.256918  -0.2721477   0.0011248  -0.060417  -0.002592   0.000068   0.000071  0.0000023  0.0000104    0.000258    0.000103
