

                   INTERNATIONAL EARTH ROTATION AND REFERENCE SYSTEMS SERVICE
                        EARTH ORIENTATION PARAMETERS
                          EOP (IERS) 08 C04

  
             FORMAT(3(I4),I7,2(F11.6),2(F12.7),2(F11.6),2(F11.6),2(F11.7),2F12.6)
**********************************************************************************
  
      Date      MJD      x          y        UT1-UTC       LOD         dPsi      dEps       x Err     y Err   UT1-UTC Err  LOD Err    dPsi Err   dEpsilon Err
                         "          "           s           s            "         "        "          "          s           s            "         "
     (0h UTC)

2010   1   1  55197   0.098726   0.192809   0.1140749   0.0005533  -0.064216  -0.005189   0.000043   0.000044  0.0000065  0.0000092    0.000303    0.000124
2010   1   2  55198   0.096636   0.193215   0.1134294   0.0007800  -0.063905  -0.005203   0.000043   0.000044  0.0000043  0.0000096    0.000251    0.000102
2010   1   3  55199   0.094705   0.193068   0.1125216   0.0010638  -0.063924  -0.005172   0.000045   0.000047  0.0000053  0.0000107    0.000198    0.000081
2010   1   4  55200   0.092758   0.193452   0.1113549   0.0012663  -0.064130  -0.005278   0.000047   0.000049  0.0000038  0.0000113    0.000146    0.000059
2010   1   5  55201   0.090532   0.193699   0.1100120   0.0014130  -0.064276  -0.005460   0.000046   0.000047  0.0000009  0.0000113    0.000094    0.000038
2010   1   6  55202   0.087633   0.194129   0.1086246   0.0013311  -0.064302  -0.005487   0.000045   0.000047  0.0000066  0.0000113    0.000101    0.000044
2010   1   7  55203   0.084315   0.194241   0.1073367   0.0011626  -0.064384  -0.005342   0.000046   0.000045  0.0000078  0.0000110    0.000124    0.000057
2010   1   8  55204   0.081227   0.194421   0.1062509   0.0009768  -0.064562  -0.005203   0.000046   0.000045  0.0000022  0.0000111    0.000147    0.000071
2010   1   9  55205   0.077930   0.194474   0.1054075   0.0007348  -0.064784  -0.005202   0.000047   0.000049  0.0000034  0.0000115    0.000143    0.000068
2010   1  10  55206   0.074247   0.194381   0.1048094   0.0004836  -0.064972  -0.005303   0.000047   0.000048  0.0000053  0.0000112    0.000130    0.000060
2010   1  11  55207   0.070533   0.194261   0.1044109   0.0003317  -0.065088  -0.005419   0.000046   0.000047  0.0000038  0.0000106    0.000117    0.000052
2010   1  12  55208   0.067640   0.194353   0.1041315   0.0002611  -0.065087  -0.005530   0.000045   0.000046  0.0000009  0.0000106    0.000103    0.000043
2010   1  13  55209   0.064905   0.194508   0.1038922   0.0002492  -0.064964  -0.005630   0.000046   0.000048  0.0000064  0.0000098    0.000635    0.000159
2010   1  14  55210   0.062152   0.194910   0.1036422   0.0002665  -0.064754  -0.005663   0.000049   0.000048  0.0000076  0.0000095    0.001309    0.000306
2010   1  15  55211   0.059170   0.195186   0.1033214   0.0003838  -0.064412  -0.005542   0.000049   0.000048  0.0000020  0.0000103    0.000489    0.000133
2010   1  16  55212   0.055833   0.195619   0.1028545   0.0005693  -0.063981  -0.005347   0.000048   0.000047  0.0000036  0.0000109    0.000160    0.000067
2010   1  17  55213   0.052404   0.195718   0.1021960   0.0007534  -0.063587  -0.005200   0.000057   0.000057  0.0000063  0.0000125    0.000195    0.000079
2010   1  18  55214   0.048883   0.195984   0.1013583   0.0009027  -0.063358  -0.005217   0.000065   0.000065  0.0000069  0.0000138    0.000231    0.000091
2010   1  19  55215   0.044990   0.196117   0.1004125   0.0009708  -0.063317  -0.005366   0.000065   0.000066  0.0000049  0.0000138    0.000266    0.000102
2010   1  20  55216   0.041033   0.196439   0.0994206   0.0009742  -0.063932  -0.005305   0.000065   0.000066  0.0000012  0.0000138    0.000123    0.000049
2010   1  21  55217   0.037040   0.196811   0.0984061   0.0009853  -0.064162  -0.005310   0.000064   0.000065  0.0000005  0.0000131    0.000118    0.000050
2010   1  22  55218   0.033601   0.197097   0.0973884   0.0010025  -0.064274  -0.005380   0.000064   0.000067  0.0000006  0.0000129    0.000148    0.000065
2010   1  23  55219   0.030616   0.197155   0.0963973   0.0009631  -0.064374  -0.005521   0.000065   0.000068  0.0000040  0.0000134    0.000141    0.000061
2010   1  24  55220   0.028163   0.197354   0.0954881   0.0008425  -0.064590  -0.005594   0.000067   0.000064  0.0000063  0.0000134    0.000120    0.000050
2010   1  25  55221   0.025557   0.197986   0.0947211   0.0006827  -0.064926  -0.005451   0.000063   0.000059  0.0000094  0.0000129    0.000100    0.000040
2010   1  26  55222   0.023080   0.198517   0.0940925   0.0005822  -0.065340  -0.005208   0.000062   0.000063  0.0000125  0.0000120    0.000079    0.000029
2010   1  27  55223   0.020666   0.199248   0.0935333   0.0005661  -0.065659  -0.005193   0.000064   0.000065  0.0000108  0.0000115    0.000108    0.000036
2010   1  28  55224   0.018929   0.200317   0.0929144   0.0006996  -0.065599  -0.005528   0.000063   0.000063  0.0000067  0.0000113    0.000150    0.000049
2010   1  29  55225   0.017858   0.201863   0.0920944   0.0009557  -0.065461  -0.006073   0.000064   0.000063  0.0000022  0.0000108    0.000162    0.000053
2010   1  30  55226   0.016392   0.204026   0.0909960   0.0012788  -0.064912  -0.006189   0.000063   0.000065  0.0000042  0.0000116    0.000158    0.000052
2010   1  31  55227   0.014096   0.206323   0.0895595   0.0016029  -0.064478  -0.005989   0.000065   0.000065  0.0000066  0.0000131    0.000151    0.000050
2010   2   1  55228   0.011566   0.207960   0.0878374   0.0018304  -0.064377  -0.005856   0.000066   0.000066  0.0000050  0.0000130    0.000144    0.000047
2010   2   2  55229   0.008713   0.209262   0.0859774   0.0018631  -0.064398  -0.005886   0.000065   0.000068  0.0000012  0.0000134    0.000138    0.000045
2010   2   3  55230   0.006056   0.210320   0.0841301   0.0017921  -0.064556  -0.005851   0.000065   0.000069  0.0000085  0.0000139    0.000185    0.000059
2010   2   4  55231   0.003314   0.211845   0.0824540   0.0015370  -0.064651  -0.005796   0.000064   0.000065  0.0000130  0.0000136    0.000585    0.000209
2010   2   5  55232   0.000906   0.212744   0.0810372   0.0012743  -0.064530  -0.005897   0.000064   0.000052  0.0000129  0.0000129    0.000465    0.000184
2010   2   6  55233  -0.001071   0.213357   0.0798676   0.0010554  -0.064531  -0.006135   0.000066   0.000052  0.0000101  0.0000132    0.000327    0.000137
2010   2   7  55234  -0.002842   0.214081   0.0789184   0.0008431  -0.064528  -0.006434   0.000067   0.000061  0.0000065  0.0000134    0.000259    0.000107
2010   2   8  55235  -0.004825   0.215039   0.0781611   0.0006788  -0.064604  -0.006636   0.000064   0.000064  0.0000045  0.0000132    0.000191    0.000078
2010   2   9  55236  -0.006459   0.216232   0.0775394   0.0005773  -0.064827  -0.006699   0.000064   0.000060  0.0000010  0.0000140    0.000123    0.000049
2010   2  10  55237  -0.008312   0.217846   0.0769841   0.0005652  -0.064750  -0.006590   0.000065   0.000060  0.0000031  0.0000137    0.000150    0.000061
2010   2  11  55238  -0.010818   0.219449   0.0763377   0.0006661  -0.065434  -0.006139   0.000058   0.000061  0.0000006  0.0000135    0.000216    0.000083
2010   2  12  55239  -0.013636   0.221032   0.0756465   0.0008070  -0.064747  -0.006487   0.000057   0.000061  0.0000015  0.0000129    0.000132    0.000047
2010   2  13  55240  -0.015907   0.222555   0.0747605   0.0009935  -0.064334  -0.006433   0.000057   0.000059  0.0000064  0.0000129    0.000099    0.000033
2010   2  14  55241  -0.017850   0.224413   0.0736913   0.0011551  -0.064107  -0.006249   0.000054   0.000054  0.0000085  0.0000122    0.000094    0.000032
2010   2  15  55242  -0.019530   0.226286   0.0724428   0.0013146  -0.064013  -0.006212   0.000050   0.000048  0.0000120  0.0000112    0.000090    0.000031
2010   2  16  55243  -0.021171   0.228558   0.0710554   0.0014275  -0.064061  -0.006367   0.000049   0.000049  0.0000107  0.0000116    0.000085    0.000030
2010   2  17  55244  -0.022536   0.230871   0.0695809   0.0014932  -0.064174  -0.006573   0.000048   0.000051  0.0000020  0.0000115    0.000081    0.000029
2010   2  18  55245  -0.023438   0.232931   0.0680581   0.0014967  -0.064072  -0.006839   0.000048   0.000051  0.0000003  0.0000108    0.000112    0.000030
2010   2  19  55246  -0.024196   0.235179   0.0665725   0.0014156  -0.064114  -0.006752   0.000048   0.000051  0.0000003  0.0000106    0.000107    0.000037
2010   2  20  55247  -0.025097   0.237254   0.0652119   0.0012956  -0.064081  -0.006778   0.000049   0.000052  0.0000061  0.0000113    0.000097    0.000037
2010   2  21  55248  -0.026340   0.239158   0.0639713   0.0011756  -0.064167  -0.006867   0.000052   0.000056  0.0000082  0.0000113    0.000088    0.000034
2010   2  22  55249  -0.027511   0.240850   0.0628411   0.0010699  -0.064476  -0.006886   0.000054   0.000054  0.0000051  0.0000117    0.000080    0.000030
2010   2  23  55250  -0.028336   0.242578   0.0618202   0.0009803  -0.064924  -0.006898   0.000053   0.000053  0.0000011  0.0000122    0.000072    0.000027
2010   2  24  55251  -0.029175   0.244479   0.0608519   0.0010008  -0.065476  -0.007023   0.000052   0.000057  0.0000053  0.0000122    0.000096    0.000034
2010   2  25  55252  -0.030407   0.246621   0.0597762   0.0011880  -0.065714  -0.007390   0.000053   0.000058  0.0000088  0.0000120    0.000129    0.000044
2010   2  26  55253  -0.031553   0.248674   0.0584561   0.0014609  -0.065413  -0.007744   0.000053   0.000056  0.0000025  0.0000116    0.000162    0.000054
2010   2  27  55254  -0.032498   0.251011   0.0568957   0.0017301  -0.064745  -0.007722   0.000054   0.000057  0.0000090  0.0000119    0.000158    0.000052
2010   2  28  55255  -0.034051   0.253388   0.0550421   0.0019727  -0.064185  -0.007328   0.000054   0.000057  0.0000122  0.0000123    0.000142    0.000047
2010   3   1  55256  -0.035022   0.255572   0.0529799   0.0020920  -0.063987  -0.006929   0.000053   0.000054  0.0000076  0.0000120    0.000125    0.000042
2010   3   2  55257  -0.035928   0.257692   0.0509183   0.0019988  -0.064061  -0.006794   0.000051   0.000053  0.0000016  0.0000119    0.000109    0.000037
2010   3   3  55258  -0.036883   0.259829   0.0490364   0.0017576  -0.063131  -0.007092   0.000051   0.000054  0.0000073  0.0000120    0.000196    0.000090
2010   3   4  55259  -0.038271   0.261877   0.0474024   0.0014769  -0.063511  -0.007242   0.000049   0.000054  0.0000120  0.0000119    0.000191    0.000090
2010   3   5  55260  -0.039059   0.263869   0.0460255   0.0012084  -0.064267  -0.007369   0.000050   0.000054  0.0000032  0.0000120    0.000152    0.000069
2010   3   6  55261  -0.039936   0.265978   0.0449255   0.0009630  -0.064384  -0.007655   0.000052   0.000054  0.0000070  0.0000123    0.000132    0.000060
2010   3   7  55262  -0.041314   0.267682   0.0440378   0.0008250  -0.064191  -0.007976   0.000052   0.000052  0.0000093  0.0000120    0.000119    0.000054
2010   3   8  55263  -0.042948   0.269473   0.0432550   0.0007611  -0.064149  -0.008156   0.000052   0.000052  0.0000059  0.0000114    0.000106    0.000048
2010   3   9  55264  -0.044802   0.270946   0.0424560   0.0008369  -0.064376  -0.008170   0.000051   0.000051  0.0000013  0.0000113    0.000093    0.000043
2010   3  10  55265  -0.046157   0.272476   0.0415468   0.0009236  -0.064354  -0.008087   0.000051   0.000041  0.0000109  0.0000111    0.000100    0.000045
2010   3  11  55266  -0.047062   0.273908   0.0405758   0.0009821  -0.063994  -0.008010   0.000051   0.000042  0.0000158  0.0000105    0.000111    0.000049
2010   3  12  55267  -0.048035   0.275747   0.0395810   0.0010905  -0.063379  -0.007893   0.000051   0.000050  0.0000037  0.0000108    0.000123    0.000054
2010   3  13  55268  -0.048704   0.277641   0.0384942   0.0011360  -0.063047  -0.007726   0.000052   0.000052  0.0000078  0.0000116    0.000121    0.000052
2010   3  14  55269  -0.049656   0.280122   0.0373805   0.0011206  -0.062960  -0.007553   0.000050   0.000052  0.0000094  0.0000112    0.000113    0.000048
2010   3  15  55270  -0.050821   0.282708   0.0362458   0.0011670  -0.063011  -0.007535   0.000046   0.000050  0.0000055  0.0000103    0.000106    0.000045
2010   3  16  55271  -0.051856   0.285419   0.0350490   0.0012104  -0.063166  -0.007750   0.000045   0.000050  0.0000014  0.0000095    0.000098    0.000041
2010   3  17  55272  -0.052544   0.287660   0.0338086   0.0012363  -0.063164  -0.008079   0.000045   0.000046  0.0000085  0.0000097    0.000107    0.000043
2010   3  18  55273  -0.053205   0.289659   0.0325901   0.0011787  -0.063116  -0.008334   0.000045   0.000046  0.0000100  0.0000104    0.000119    0.000048
2010   3  19  55274  -0.053905   0.291101   0.0314869   0.0009786  -0.063016  -0.008435   0.000044   0.000049  0.0000027  0.0000105    0.000132    0.000052
2010   3  20  55275  -0.054397   0.292482   0.0305739   0.0008219  -0.062988  -0.008372   0.000044   0.000048  0.0000084  0.0000104    0.000123    0.000049
2010   3  21  55276  -0.054487   0.294094   0.0298260   0.0006704  -0.063096  -0.008297   0.000046   0.000045  0.0000129  0.0000101    0.000107    0.000044
2010   3  22  55277  -0.054452   0.296079   0.0292010   0.0005599  -0.063371  -0.008294   0.000044   0.000044  0.0000088  0.0000097    0.000091    0.000039
2010   3  23  55278  -0.054665   0.298261   0.0286539   0.0005362  -0.063715  -0.008395   0.000043   0.000046  0.0000018  0.0000097    0.000075    0.000034
2010   3  24  55279  -0.055173   0.300826   0.0280713   0.0006614  -0.064075  -0.008882   0.000043   0.000044  0.0000031  0.0000100    0.000182    0.000043
2010   3  25  55280  -0.055966   0.303553   0.0272732   0.0009548  -0.064141  -0.009488   0.000043   0.000044  0.0000051  0.0000101    0.000287    0.000053
2010   3  26  55281  -0.057001   0.306182   0.0261316   0.0013048  -0.063496  -0.009671   0.000043   0.000045  0.0000013  0.0000099    0.000112    0.000033
2010   3  27  55282  -0.057609   0.308208   0.0246740   0.0016149  -0.063039  -0.009547   0.000044   0.000045  0.0000044  0.0000097    0.000064    0.000027
2010   3  28  55283  -0.058274   0.310491   0.0229522   0.0018541  -0.062856  -0.009098   0.000045   0.000046  0.0000061  0.0000099    0.000062    0.000026
2010   3  29  55284  -0.058899   0.312631   0.0210233   0.0019777  -0.062935  -0.008614   0.000045   0.000046  0.0000040  0.0000101    0.000061    0.000026
2010   3  30  55285  -0.059896   0.314902   0.0190459   0.0019103  -0.063168  -0.008402   0.000043   0.000045  0.0000010  0.0000099    0.000060    0.000026
2010   3  31  55286  -0.060789   0.316838   0.0172333   0.0016406  -0.063321  -0.008520   0.000043   0.000044  0.0000005  0.0000098    0.000066    0.000029
2010   4   1  55287  -0.061070   0.319217   0.0157299   0.0013097  -0.063382  -0.008784   0.000042   0.000043  0.0000007  0.0000099    0.000074    0.000032
2010   4   2  55288  -0.061595   0.322004   0.0145719   0.0010220  -0.063362  -0.009056   0.000042   0.000043  0.0000035  0.0000098    0.000082    0.000035
2010   4   3  55289  -0.062106   0.324581   0.0136532   0.0008362  -0.063144  -0.009274   0.000042   0.000045  0.0000077  0.0000099    0.000091    0.000037
2010   4   4  55290  -0.062950   0.327269   0.0128560   0.0007609  -0.062854  -0.009409   0.000046   0.000048  0.0000110  0.0000103    0.000099    0.000039
2010   4   5  55291  -0.064115   0.329423   0.0120637   0.0008052  -0.062789  -0.009446   0.000050   0.000052  0.0000135  0.0000110    0.000107    0.000041
2010   4   6  55292  -0.065848   0.331314   0.0112002   0.0008983  -0.063025  -0.009437   0.000050   0.000050  0.0000107  0.0000115    0.000116    0.000043
2010   4   7  55293  -0.067063   0.332875   0.0102386   0.0010387  -0.063281  -0.009460   0.000049   0.000049  0.0000021  0.0000114    0.000124    0.000046
2010   4   8  55294  -0.067829   0.334913   0.0091217   0.0011833  -0.062728  -0.009582   0.000048   0.000050  0.0000004  0.0000111    0.000140    0.000043
2010   4   9  55295  -0.068175   0.337168   0.0078644   0.0013248  -0.062563  -0.009532   0.000049   0.000052  0.0000005  0.0000111    0.000102    0.000034
2010   4  10  55296  -0.068462   0.339673   0.0065117   0.0014156  -0.062328  -0.009363   0.000049   0.000052  0.0000049  0.0000113    0.000100    0.000035
2010   4  11  55297  -0.068303   0.342213   0.0050623   0.0014964  -0.062179  -0.009148   0.000047   0.000051  0.0000077  0.0000111    0.000118    0.000039
2010   4  12  55298  -0.068121   0.345080   0.0035314   0.0015574  -0.062203  -0.009022   0.000046   0.000049  0.0000055  0.0000108    0.000135    0.000044
2010   4  13  55299  -0.068125   0.347953   0.0019636   0.0015914  -0.062283  -0.009069   0.000046   0.000049  0.0000016  0.0000101    0.000152    0.000048
2010   4  14  55300  -0.068413   0.350711   0.0004089   0.0015243  -0.062634  -0.009320   0.000046   0.000048  0.0000056  0.0000099    0.000130    0.000039
2010   4  15  55301  -0.068870   0.353083  -0.0010886   0.0014133  -0.062540  -0.009532   0.000046   0.000048  0.0000089  0.0000103    0.000132    0.000045
2010   4  16  55302  -0.068868   0.355239  -0.0024745   0.0012906  -0.062269  -0.009632   0.000046   0.000048  0.0000028  0.0000103    0.000145    0.000057
2010   4  17  55303  -0.069024   0.357448  -0.0036825   0.0011497  -0.062270  -0.009635   0.000046   0.000045  0.0000048  0.0000100    0.000138    0.000056
2010   4  18  55304  -0.069204   0.359706  -0.0047679   0.0010549  -0.062371  -0.009661   0.000045   0.000045  0.0000072  0.0000100    0.000124    0.000049
2010   4  19  55305  -0.068972   0.362012  -0.0058021   0.0010203  -0.062509  -0.009778   0.000044   0.000045  0.0000051  0.0000102    0.000110    0.000042
2010   4  20  55306  -0.068843   0.364650  -0.0068524   0.0010916  -0.062660  -0.009986   0.000045   0.000045  0.0000013  0.0000103    0.000097    0.000035
2010   4  21  55307  -0.068894   0.366970  -0.0080089   0.0012691  -0.062599  -0.010243   0.000045   0.000047  0.0000072  0.0000103    0.000098    0.000036
2010   4  22  55308  -0.069333   0.369362  -0.0093709   0.0014918  -0.062364  -0.010484   0.000045   0.000048  0.0000114  0.0000104    0.000103    0.000039
2010   4  23  55309  -0.069943   0.371851  -0.0109733   0.0016918  -0.062062  -0.010597   0.000044   0.000048  0.0000030  0.0000100    0.000108    0.000042
2010   4  24  55310  -0.070312   0.374060  -0.0127411   0.0018479  -0.061882  -0.010490   0.000045   0.000048  0.0000053  0.0000096    0.000107    0.000043
2010   4  25  55311  -0.070707   0.376344  -0.0146136   0.0019225  -0.061919  -0.010171   0.000046   0.000048  0.0000086  0.0000099    0.000104    0.000042
2010   4  26  55312  -0.071107   0.378575  -0.0165046   0.0018475  -0.062139  -0.009822   0.000045   0.000049  0.0000063  0.0000106    0.000101    0.000042
2010   4  27  55313  -0.070784   0.380913  -0.0183068   0.0017313  -0.062408  -0.009667   0.000045   0.000050  0.0000016  0.0000110    0.000098    0.000041
2010   4  28  55314  -0.070789   0.383505  -0.0199301   0.0014949  -0.062651  -0.009779   0.000046   0.000050  0.0000094  0.0000112    0.000110    0.000046
2010   4  29  55315  -0.071053   0.385470  -0.0212899   0.0011968  -0.062734  -0.010045   0.000047   0.000050  0.0000110  0.0000111    0.000125    0.000053
2010   4  30  55316  -0.071084   0.387524  -0.0223517   0.0009168  -0.062616  -0.010270   0.000046   0.000050  0.0000029  0.0000105    0.000141    0.000060
2010   5   1  55317  -0.070832   0.389504  -0.0231518   0.0007061  -0.062338  -0.010313   0.000046   0.000050  0.0000099  0.0000102    0.000138    0.000059
2010   5   2  55318  -0.070276   0.391405  -0.0238060   0.0006139  -0.062087  -0.010184   0.000052   0.000054  0.0000122  0.0000109    0.000128    0.000054
2010   5   3  55319  -0.069533   0.393386  -0.0243796   0.0005487  -0.062046  -0.010008   0.000055   0.000058  0.0000062  0.0000107    0.000119    0.000048
2010   5   4  55320  -0.068356   0.395410  -0.0249120   0.0005428  -0.062204  -0.009935   0.000052   0.000054  0.0000014  0.0000088    0.000109    0.000043
2010   5   5  55321  -0.066683   0.397377  -0.0254737   0.0005986  -0.061565  -0.009998   0.000051   0.000052  0.0000047  0.0000087    0.000142    0.000062
2010   5   6  55322  -0.064912   0.399829  -0.0261043   0.0006727  -0.061555  -0.010183   0.000051   0.000054  0.0000078  0.0000103    0.000149    0.000064
2010   5   7  55323  -0.062943   0.402390  -0.0268355   0.0007951  -0.061675  -0.010324   0.000052   0.000055  0.0000022  0.0000116    0.000146    0.000059
2010   5   8  55324  -0.060503   0.405204  -0.0277073   0.0009605  -0.061598  -0.010334   0.000053   0.000056  0.0000079  0.0000126    0.000134    0.000053
2010   5   9  55325  -0.058914   0.408068  -0.0287427   0.0011273  -0.061680  -0.010271   0.000051   0.000054  0.0000090  0.0000123    0.000119    0.000047
2010   5  10  55326  -0.057852   0.410644  -0.0299152   0.0012332  -0.061999  -0.010253   0.000048   0.000050  0.0000050  0.0000115    0.000103    0.000041
2010   5  11  55327  -0.056599   0.413093  -0.0311473   0.0012321  -0.062388  -0.010314   0.000046   0.000049  0.0000011  0.0000112    0.000087    0.000034
2010   5  12  55328  -0.055558   0.415348  -0.0323395   0.0011380  -0.062607  -0.010352   0.000046   0.000048  0.0000093  0.0000109    0.000081    0.000032
2010   5  13  55329  -0.054473   0.417510  -0.0334105   0.0009681  -0.062718  -0.010312   0.000043   0.000045  0.0000109  0.0000109    0.000077    0.000030
2010   5  14  55330  -0.053355   0.419462  -0.0342972   0.0007874  -0.062783  -0.010224   0.000044   0.000047  0.0000028  0.0000110    0.000072    0.000028
2010   5  15  55331  -0.051882   0.421506  -0.0349867   0.0006400  -0.062833  -0.010190   0.000047   0.000051  0.0000060  0.0000105    0.000074    0.000027
2010   5  16  55332  -0.050583   0.423401  -0.0356390   0.0006344  -0.062804  -0.010247   0.000046   0.000050  0.0000104  0.0000098    0.000077    0.000028
2010   5  17  55333  -0.049099   0.424992  -0.0363365   0.0007436  -0.062686  -0.010347   0.000043   0.000046  0.0000078  0.0000092    0.000080    0.000028
2010   5  18  55334  -0.047442   0.426299  -0.0371562   0.0009165  -0.062563  -0.010418   0.000041   0.000044  0.0000017  0.0000092    0.000083    0.000029
2010   5  19  55335  -0.045408   0.427774  -0.0382255   0.0011612  -0.062478  -0.010421   0.000041   0.000043  0.0000089  0.0000092    0.000101    0.000032
2010   5  20  55336  -0.043492   0.429582  -0.0395343   0.0014010  -0.062600  -0.010452   0.000041   0.000043  0.0000137  0.0000092    0.000332    0.000076
2010   5  21  55337  -0.041560   0.431458  -0.0410244   0.0015981  -0.062966  -0.010527   0.000042   0.000045  0.0000033  0.0000097    0.000229    0.000060
2010   5  22  55338  -0.039432   0.433357  -0.0426714   0.0017008  -0.063185  -0.010510   0.000043   0.000046  0.0000064  0.0000102    0.000157    0.000049
2010   5  23  55339  -0.037522   0.435497  -0.0443585   0.0016489  -0.063323  -0.010374   0.000040   0.000043  0.0000113  0.0000096    0.000146    0.000049
2010   5  24  55340  -0.035657   0.437514  -0.0459009   0.0014401  -0.063508  -0.010172   0.000037   0.000039  0.0000117  0.0000089    0.000135    0.000049
2010   5  25  55341  -0.034043   0.439624  -0.0471966   0.0011883  -0.063752  -0.010027   0.000036   0.000038  0.0000078  0.0000086    0.000124    0.000049
2010   5  26  55342  -0.032550   0.441675  -0.0482544   0.0009493  -0.063955  -0.010048   0.000036   0.000038  0.0000017  0.0000084    0.000112    0.000049
2010   5  27  55343  -0.031427   0.443742  -0.0491160   0.0007630  -0.063767  -0.010195   0.000036   0.000038  0.0000005  0.0000084    0.001425    0.001275
2010   5  28  55344  -0.030425   0.445365  -0.0498072   0.0006252  -0.063362  -0.010352   0.000038   0.000040  0.0000006  0.0000087    0.000542    0.000461
2010   5  29  55345  -0.028977   0.446704  -0.0503449   0.0004691  -0.063034  -0.010382   0.000039   0.000041  0.0000063  0.0000089    0.000079    0.000030
2010   5  30  55346  -0.027330   0.448101  -0.0507473   0.0003693  -0.062854  -0.010226   0.000040   0.000043  0.0000091  0.0000092    0.000084    0.000031
2010   5  31  55347  -0.025941   0.450080  -0.0511163   0.0004030  -0.062856  -0.010000   0.000041   0.000045  0.0000103  0.0000095    0.000090    0.000032
2010   6   1  55348  -0.024105   0.451851  -0.0515738   0.0005185  -0.062996  -0.009892   0.000039   0.000044  0.0000076  0.0000094    0.000096    0.000033
2010   6   2  55349  -0.022387   0.453656  -0.0521586   0.0006414  -0.063157  -0.009985   0.000039   0.000043  0.0000017  0.0000096    0.000101    0.000034
2010   6   3  55350  -0.020816   0.454969  -0.0528448   0.0007272  -0.063178  -0.010186   0.000039   0.000043  0.0000006  0.0000097    0.000093    0.000033
2010   6   4  55351  -0.019305   0.456478  -0.0535790   0.0007203  -0.063098  -0.010320   0.000039   0.000044  0.0000006  0.0000093    0.000081    0.000033
2010   6   5  55352  -0.017327   0.457776  -0.0543059   0.0007406  -0.063080  -0.010292   0.000040   0.000045  0.0000072  0.0000091    0.000093    0.000036
2010   6   6  55353  -0.014569   0.459303  -0.0550206   0.0007082  -0.063245  -0.010198   0.000042   0.000046  0.0000095  0.0000098    0.000114    0.000040
2010   6   7  55354  -0.011921   0.461098  -0.0556747   0.0006091  -0.063663  -0.010168   0.000042   0.000045  0.0000059  0.0000101    0.000135    0.000045
2010   6   8  55355  -0.009543   0.462681  -0.0562189   0.0005007  -0.064252  -0.010204   0.000041   0.000045  0.0000013  0.0000097    0.000156    0.000049
2010   6   9  55356  -0.006576   0.464239  -0.0566479   0.0003832  -0.064722  -0.010208   0.000041   0.000040  0.0000135  0.0000098    0.000152    0.000052
2010   6  10  55357  -0.003767   0.466092  -0.0569665   0.0002542  -0.065018  -0.010083   0.000041   0.000039  0.0000188  0.0000099    0.000145    0.000054
2010   6  11  55358  -0.001155   0.467668  -0.0571681   0.0001225  -0.065165  -0.009929   0.000041   0.000042  0.0000045  0.0000095    0.000138    0.000056
2010   6  12  55359   0.001673   0.469309  -0.0572418   0.0000284  -0.065282  -0.009894   0.000043   0.000042  0.0000074  0.0000097    0.000130    0.000054
2010   6  13  55360   0.004960   0.470811  -0.0572942   0.0000699  -0.065281  -0.010020   0.000042   0.000043  0.0000100  0.0000095    0.000122    0.000050
2010   6  14  55361   0.007774   0.472326  -0.0574002   0.0001512  -0.065114  -0.010146   0.000039   0.000041  0.0000061  0.0000090    0.000114    0.000046
2010   6  15  55362   0.010304   0.473358  -0.0576016   0.0002555  -0.064920  -0.010106   0.000038   0.000041  0.0000010  0.0000089    0.000105    0.000042
2010   6  16  55363   0.012923   0.474408  -0.0579511   0.0004144  -0.064879  -0.009950   0.000038   0.000041  0.0000071  0.0000086    0.000112    0.000043
2010   6  17  55364   0.015962   0.475372  -0.0584630   0.0005659  -0.065133  -0.009791   0.000038   0.000040  0.0000079  0.0000085    0.000120    0.000045
2010   6  18  55365   0.019152   0.476452  -0.0590938   0.0006472  -0.065529  -0.009732   0.000038   0.000040  0.0000019  0.0000087    0.000128    0.000047
2010   6  19  55366   0.022351   0.477546  -0.0597379   0.0005848  -0.065836  -0.009718   0.000039   0.000042  0.0000064  0.0000092    0.000129    0.000047
2010   6  20  55367   0.024873   0.478505  -0.0601979   0.0003505  -0.065924  -0.009697   0.000039   0.000041  0.0000091  0.0000088    0.000128    0.000046
2010   6  21  55368   0.027630   0.478734  -0.0604142   0.0000987  -0.065922  -0.009634   0.000038   0.000040  0.0000060  0.0000077    0.000126    0.000044
2010   6  22  55369   0.030637   0.478928  -0.0604056  -0.0001476  -0.066036  -0.009555   0.000037   0.000041  0.0000010  0.0000076    0.000125    0.000043
2010   6  23  55370   0.034115   0.478831  -0.0601735  -0.0003677  -0.066323  -0.009559   0.000037   0.000039  0.0000071  0.0000082    0.000926    0.000727
2010   6  24  55371   0.037827   0.479095  -0.0597300  -0.0005401  -0.066469  -0.009668   0.000038   0.000036  0.0000106  0.0000085    0.000763    0.000584
2010   6  25  55372   0.041375   0.479703  -0.0591346  -0.0006183  -0.066431  -0.009838   0.000038   0.000037  0.0000026  0.0000090    0.000286    0.000172
2010   6  26  55373   0.044200   0.480400  -0.0585110  -0.0005900  -0.066477  -0.009933   0.000039   0.000042  0.0000077  0.0000092    0.000179    0.000082
2010   6  27  55374   0.047215   0.481201  -0.0579359  -0.0005444  -0.066574  -0.009864   0.000038   0.000041  0.0000083  0.0000090    0.000156    0.000067
2010   6  28  55375   0.050173   0.481898  -0.0574497  -0.0004355  -0.066750  -0.009662   0.000036   0.000039  0.0000045  0.0000087    0.000134    0.000053
2010   6  29  55376   0.053607   0.482441  -0.0571065  -0.0002741  -0.067000  -0.009479   0.000036   0.000037  0.0000010  0.0000082    0.000112    0.000038
2010   6  30  55377   0.056963   0.482897  -0.0569425  -0.0001395  -0.067585  -0.009546   0.000036   0.000038  0.0000084  0.0000077    0.000178    0.000076
2010   7   1  55378   0.060852   0.483107  -0.0568717  -0.0000346  -0.067698  -0.009710   0.000036   0.000039  0.0000124  0.0000080    0.000230    0.000100
2010   7   2  55379   0.064590   0.483583  -0.0568314   0.0000234  -0.067621  -0.009856   0.000036   0.000039  0.0000036  0.0000085    0.000276    0.000118
2010   7   3  55380   0.067989   0.483868  -0.0568679   0.0000497  -0.067737  -0.009856   0.000036   0.000038  0.0000068  0.0000081    0.000303    0.000120
2010   7   4  55381   0.071021   0.483998  -0.0568966   0.0000205  -0.067922  -0.009792   0.000038   0.000040  0.0000102  0.0000079    0.000325    0.000116
2010   7   5  55382   0.074426   0.484080  -0.0568556  -0.0001057  -0.068274  -0.009812   0.000039   0.000041  0.0000112  0.0000077    0.000346    0.000113
2010   7   6  55383   0.077816   0.484027  -0.0566833  -0.0002521  -0.068900  -0.009922   0.000038   0.000040  0.0000078  0.0000083    0.000368    0.000109
2010   7   7  55384   0.080981   0.484337  -0.0563325  -0.0004187  -0.069474  -0.010068   0.000038   0.000041  0.0000015  0.0000090    0.000220    0.000072
2010   7   8  55385   0.083756   0.484229  -0.0558318  -0.0005672  -0.069961  -0.009943   0.000038   0.000042  0.0000007  0.0000089    0.000188    0.000069
2010   7   9  55386   0.086311   0.484011  -0.0552295  -0.0006141  -0.070165  -0.009714   0.000039   0.000043  0.0000006  0.0000089    0.000169    0.000071
2010   7  10  55387   0.088555   0.483888  -0.0546013  -0.0005838  -0.070088  -0.009679   0.000040   0.000043  0.0000062  0.0000090    0.000155    0.000064
2010   7  11  55388   0.090810   0.483801  -0.0540619  -0.0004737  -0.069835  -0.009861   0.000040   0.000044  0.0000095  0.0000093    0.000141    0.000055
2010   7  12  55389   0.093165   0.483707  -0.0536747  -0.0003198  -0.069496  -0.010032   0.000040   0.000043  0.0000065  0.0000095    0.000127    0.000046
2010   7  13  55390   0.095450   0.483748  -0.0534865  -0.0000957  -0.069270  -0.009969   0.000039   0.000042  0.0000010  0.0000093    0.000113    0.000037
2010   7  14  55391   0.098128   0.483709  -0.0535317   0.0001312  -0.069355  -0.009607   0.000039   0.000042  0.0000100  0.0000092    0.000394    0.000148
2010   7  15  55392   0.100375   0.483835  -0.0537556   0.0002661  -0.069809  -0.009235   0.000039   0.000042  0.0000147  0.0000091    0.000717    0.000276
2010   7  16  55393   0.102295   0.483329  -0.0540669   0.0003248  -0.070452  -0.008978   0.000040   0.000043  0.0000039  0.0000092    0.001040    0.000404
2010   7  17  55394   0.104190   0.482872  -0.0543856   0.0002769  -0.071191  -0.008868   0.000040   0.000043  0.0000088  0.0000095    0.000970    0.000382
2010   7  18  55395   0.106473   0.481682  -0.0545841   0.0001395  -0.071729  -0.008849   0.000040   0.000043  0.0000117  0.0000093    0.000809    0.000325
2010   7  19  55396   0.109448   0.480580  -0.0545988  -0.0000795  -0.071985  -0.008933   0.000039   0.000042  0.0000080  0.0000087    0.000648    0.000268
2010   7  20  55397   0.112146   0.479428  -0.0544174  -0.0003120  -0.072077  -0.009103   0.000038   0.000041  0.0000023  0.0000084    0.000488    0.000212
2010   7  21  55398   0.114595   0.478610  -0.0540278  -0.0005405  -0.071913  -0.009360   0.000039   0.000042  0.0000055  0.0000086    0.000389    0.000171
2010   7  22  55399   0.117032   0.477863  -0.0534070  -0.0007245  -0.071797  -0.009596   0.000039   0.000042  0.0000077  0.0000088    0.000299    0.000133
2010   7  23  55400   0.119516   0.477129  -0.0526178  -0.0007720  -0.071671  -0.009811   0.000038   0.000040  0.0000024  0.0000087    0.000209    0.000095
2010   7  24  55401   0.121733   0.476362  -0.0518601  -0.0007264  -0.071642  -0.009902   0.000038   0.000040  0.0000075  0.0000088    0.000171    0.000078
2010   7  25  55402   0.123759   0.474958  -0.0511580  -0.0006463  -0.071571  -0.009858   0.000037   0.000041  0.0000105  0.0000089    0.000152    0.000068
2010   7  26  55403   0.126236   0.473573  -0.0505794  -0.0004812  -0.071446  -0.009657   0.000036   0.000040  0.0000067  0.0000088    0.000133    0.000058
2010   7  27  55404   0.128864   0.472279  -0.0501920  -0.0003135  -0.071362  -0.009363   0.000036   0.000040  0.0000014  0.0000086    0.000114    0.000048
2010   7  28  55405   0.131255   0.471277  -0.0499513  -0.0001918  -0.071230  -0.009220   0.000036   0.000040  0.0000073  0.0000084    0.000164    0.000061
2010   7  29  55406   0.133376   0.470430  -0.0498338  -0.0000873  -0.071279  -0.009273   0.000036   0.000041  0.0000079  0.0000086    0.000223    0.000078
2010   7  30  55407   0.135281   0.469477  -0.0497783  -0.0000460  -0.071435  -0.009442   0.000036   0.000041  0.0000021  0.0000086    0.000282    0.000094
2010   7  31  55408   0.137272   0.467988  -0.0496918  -0.0000971  -0.071623  -0.009548   0.000035   0.000038  0.0000071  0.0000083    0.000272    0.000091
2010   8   1  55409   0.139468   0.466696  -0.0495352  -0.0001951  -0.071708  -0.009583   0.000037   0.000039  0.0000116  0.0000087    0.000247    0.000084
2010   8   2  55410   0.141635   0.465533  -0.0492834  -0.0002834  -0.071888  -0.009656   0.000039   0.000040  0.0000087  0.0000087    0.000222    0.000077
2010   8   3  55411   0.143835   0.464540  -0.0489455  -0.0003613  -0.072407  -0.009821   0.000039   0.000041  0.0000015  0.0000086    0.000196    0.000070
2010   8   4  55412   0.145939   0.463660  -0.0485718  -0.0004303  -0.073370  -0.010011   0.000039   0.000042  0.0000103  0.0000088    0.001511    0.000234
2010   8   5  55413   0.147713   0.462520  -0.0481466  -0.0004490  -0.074097  -0.009981   0.000038   0.000041  0.0000150  0.0000088    0.000489    0.000080
2010   8   6  55414   0.149642   0.461386  -0.0476840  -0.0004207  -0.074212  -0.009743   0.000038   0.000041  0.0000037  0.0000086    0.000138    0.000051
2010   8   7  55415   0.151728   0.460002  -0.0472925  -0.0003219  -0.074017  -0.009686   0.000039   0.000040  0.0000076  0.0000088    0.000170    0.000064
2010   8   8  55416   0.153885   0.458940  -0.0470567  -0.0001416  -0.073626  -0.009850   0.000041   0.000042  0.0000122  0.0000090    0.000168    0.000064
2010   8   9  55417   0.156184   0.457790  -0.0470509   0.0001382  -0.073197  -0.010004   0.000041   0.000043  0.0000087  0.0000090    0.000167    0.000064
2010   8  10  55418   0.158482   0.456716  -0.0473484   0.0004451  -0.072985  -0.009943   0.000040   0.000043  0.0000016  0.0000089    0.000165    0.000063
2010   8  11  55419   0.161130   0.455342  -0.0479526   0.0006765  -0.073110  -0.009650   0.000041   0.000043  0.0000077  0.0000091    0.000176    0.000064
2010   8  12  55420   0.164099   0.454289  -0.0487082   0.0007462  -0.073433  -0.009411   0.000041   0.000044  0.0000112  0.0000095    0.000188    0.000065
2010   8  13  55421   0.166609   0.452938  -0.0494342   0.0006678  -0.073769  -0.009262   0.000041   0.000045  0.0000021  0.0000092    0.000200    0.000066
2010   8  14  55422   0.169005   0.451439  -0.0500413   0.0005246  -0.074149  -0.009127   0.000041   0.000044  0.0000080  0.0000089    0.000196    0.000068
2010   8  15  55423   0.171390   0.449639  -0.0504516   0.0002868  -0.074564  -0.008990   0.000042   0.000045  0.0000122  0.0000093    0.000189    0.000069
2010   8  16  55424   0.174497   0.447967  -0.0506159   0.0000504  -0.074807  -0.009027   0.000042   0.000044  0.0000086  0.0000084    0.000181    0.000070
2010   8  17  55425   0.177723   0.447071  -0.0505325  -0.0001865  -0.074689  -0.009295   0.000042   0.000045  0.0000014  0.0000086    0.000174    0.000072
2010   8  18  55426   0.180192   0.445942  -0.0502496  -0.0003428  -0.074321  -0.009615   0.000042   0.000047  0.0000091  0.0000096    0.000217    0.000075
2010   8  19  55427   0.182554   0.444847  -0.0498584  -0.0003959  -0.074098  -0.009770   0.000042   0.000046  0.0000100  0.0000089    0.000265    0.000078
2010   8  20  55428   0.184480   0.443034  -0.0494586  -0.0003668  -0.074159  -0.009748   0.000042   0.000046  0.0000028  0.0000084    0.000313    0.000082
2010   8  21  55429   0.186797   0.441230  -0.0491341  -0.0002535  -0.074357  -0.009666   0.000040   0.000044  0.0000102  0.0000085    0.000286    0.000077
2010   8  22  55430   0.189132   0.439198  -0.0489380  -0.0001160  -0.074458  -0.009584   0.000042   0.000046  0.0000147  0.0000091    0.000246    0.000071
2010   8  23  55431   0.192067   0.437223  -0.0489113   0.0000484  -0.074418  -0.009444   0.000044   0.000048  0.0000099  0.0000095    0.000205    0.000066
2010   8  24  55432   0.194838   0.435772  -0.0490425   0.0001714  -0.074338  -0.009225   0.000044   0.000049  0.0000016  0.0000097    0.000165    0.000060
2010   8  25  55433   0.197377   0.434488  -0.0492760   0.0002790  -0.074356  -0.009028   0.000044   0.000049  0.0000090  0.0000092    0.000196    0.000074
2010   8  26  55434   0.199349   0.433260  -0.0496151   0.0003657  -0.074532  -0.009028   0.000043   0.000048  0.0000100  0.0000094    0.000236    0.000091
2010   8  27  55435   0.201118   0.431695  -0.0500062   0.0003893  -0.074788  -0.009222   0.000044   0.000048  0.0000029  0.0000097    0.000275    0.000108
2010   8  28  55436   0.202338   0.429962  -0.0503339   0.0003335  -0.074930  -0.009461   0.000044   0.000048  0.0000082  0.0000096    0.000245    0.000097
2010   8  29  55437   0.203377   0.428398  -0.0506125   0.0002374  -0.074847  -0.009596   0.000045   0.000047  0.0000126  0.0000102    0.000190    0.000075
2010   8  30  55438   0.204408   0.427159  -0.0508174   0.0001454  -0.074668  -0.009656   0.000045   0.000048  0.0000085  0.0000102    0.000134    0.000054
2010   8  31  55439   0.205651   0.425668  -0.0509049   0.0000401  -0.074667  -0.009748   0.000045   0.000048  0.0000011  0.0000101    0.000079    0.000032
2010   9   1  55440   0.206955   0.424607  -0.0508948  -0.0000422  -0.074900  -0.009864   0.000044   0.000046  0.0000088  0.0000100    0.000179    0.000067
2010   9   2  55441   0.207612   0.423031  -0.0508176  -0.0000929  -0.075189  -0.009911   0.000044   0.000047  0.0000100  0.0000099    0.000298    0.000108
2010   9   3  55442   0.208791   0.421266  -0.0507263  -0.0000764  -0.075240  -0.009865   0.000045   0.000048  0.0000028  0.0000098    0.000418    0.000150
2010   9   4  55443   0.210037   0.419366  -0.0507022   0.0000488  -0.074990  -0.009825   0.000045   0.000050  0.0000093  0.0000094    0.000399    0.000135
2010   9   5  55444   0.211558   0.417763  -0.0508462   0.0002723  -0.074564  -0.009858   0.000045   0.000050  0.0000147  0.0000099    0.000356    0.000110
2010   9   6  55445   0.212727   0.416241  -0.0512398   0.0005157  -0.074243  -0.009830   0.000047   0.000046  0.0000169  0.0000108    0.000314    0.000086
2010   9   7  55446   0.214116   0.414408  -0.0519117   0.0007970  -0.074287  -0.009612   0.000047   0.000045  0.0000126  0.0000103    0.000271    0.000061
2010   9   8  55447   0.215817   0.412621  -0.0528409   0.0010196  -0.074684  -0.009362   0.000047   0.000049  0.0000029  0.0000103    0.000274    0.000113
2010   9   9  55448   0.217144   0.410820  -0.0539347   0.0010630  -0.075149  -0.009270   0.000047   0.000048  0.0000009  0.0000110    0.000188    0.000093
2010   9  10  55449   0.218743   0.408731  -0.0549747   0.0009220  -0.075385  -0.009318   0.000047   0.000048  0.0000008  0.0000108    0.000079    0.000054
2010   9  11  55450   0.220295   0.406567  -0.0557445   0.0006629  -0.075540  -0.009273   0.000048   0.000050  0.0000107  0.0000110    0.000066    0.000046
2010   9  12  55451   0.221830   0.404381  -0.0562742   0.0004165  -0.075911  -0.009074   0.000048   0.000048  0.0000134  0.0000106    0.000088    0.000048
2010   9  13  55452   0.222777   0.402204  -0.0565320   0.0001252  -0.076337  -0.008966   0.000046   0.000046  0.0000076  0.0000100    0.000110    0.000050
2010   9  14  55453   0.223737   0.399851  -0.0565273  -0.0000867  -0.076360  -0.009132   0.000045   0.000047  0.0000019  0.0000103    0.000131    0.000052
2010   9  15  55454   0.224862   0.397004  -0.0564294  -0.0001517  -0.075702  -0.009332   0.000046   0.000049  0.0000062  0.0000104    0.000056    0.000022
2010   9  16  55455   0.226622   0.394737  -0.0562980  -0.0001316  -0.074927  -0.009424   0.000046   0.000048  0.0000097  0.0000102    0.000075    0.000062
2010   9  17  55456   0.228009   0.392870  -0.0561720  -0.0000726  -0.074483  -0.009302   0.000045   0.000047  0.0000032  0.0000102    0.000129    0.000126
2010   9  18  55457   0.229354   0.391111  -0.0561567   0.0000573  -0.074609  -0.009118   0.000044   0.000048  0.0000101  0.0000102    0.000124    0.000122
2010   9  19  55458   0.230610   0.389436  -0.0562887   0.0001826  -0.074816  -0.009006   0.000044   0.000045  0.0000145  0.0000098    0.000097    0.000093
2010   9  20  55459   0.231523   0.387950  -0.0565558   0.0003095  -0.074873  -0.008944   0.000043   0.000043  0.0000096  0.0000095    0.000069    0.000065
2010   9  21  55460   0.231996   0.386059  -0.0569152   0.0003860  -0.074879  -0.008860   0.000042   0.000045  0.0000018  0.0000097    0.000041    0.000036
2010   9  22  55461   0.232370   0.384119  -0.0573153   0.0004217  -0.074769  -0.008737   0.000043   0.000046  0.0000129  0.0000098    0.000045    0.000043
2010   9  23  55462   0.233106   0.381839  -0.0577741   0.0004806  -0.074742  -0.008742   0.000045   0.000045  0.0000179  0.0000096    0.000052    0.000056
2010   9  24  55463   0.234233   0.380165  -0.0582763   0.0005074  -0.074796  -0.008914   0.000045   0.000045  0.0000032  0.0000087    0.000060    0.000069
2010   9  25  55464   0.234711   0.378535  -0.0587281   0.0004663  -0.074806  -0.009169   0.000045   0.000045  0.0000088  0.0000085    0.000059    0.000067
2010   9  26  55465   0.235200   0.376707  -0.0591462   0.0003924  -0.074683  -0.009305   0.000045   0.000046  0.0000128  0.0000091    0.000056    0.000062
2010   9  27  55466   0.235288   0.374886  -0.0594707   0.0002591  -0.074398  -0.009297   0.000044   0.000047  0.0000088  0.0000093    0.000053    0.000058
2010   9  28  55467   0.235341   0.372716  -0.0596557   0.0001386  -0.074072  -0.009272   0.000045   0.000048  0.0000019  0.0000093    0.000051    0.000053
2010   9  29  55468   0.235135   0.370386  -0.0597680   0.0000845  -0.073965  -0.009277   0.000046   0.000049  0.0000068  0.0000091    0.000110    0.000059
2010   9  30  55469   0.234786   0.368062  -0.0598920   0.0001357  -0.074013  -0.009339   0.000045   0.000047  0.0000150  0.0000096    0.000186    0.000066
2010  10   1  55470   0.234246   0.365773  -0.0600893   0.0002400  -0.074019  -0.009415   0.000045   0.000047  0.0000213  0.0000097    0.000262    0.000074
2010  10   2  55471   0.234063   0.363465  -0.0604302   0.0004630  -0.073808  -0.009528   0.000046   0.000050  0.0000171  0.0000102    0.000236    0.000071
2010  10   3  55472   0.234016   0.360956  -0.0610840   0.0008301  -0.073466  -0.009620   0.000047   0.000050  0.0000135  0.0000108    0.000174    0.000064
2010  10   4  55473   0.234024   0.358493  -0.0621062   0.0011838  -0.073255  -0.009571   0.000045   0.000049  0.0000098  0.0000107    0.000112    0.000058
2010  10   5  55474   0.234204   0.356216  -0.0634704   0.0014808  -0.073388  -0.009329   0.000045   0.000049  0.0000017  0.0000106    0.000049    0.000051
2010  10   6  55475   0.234839   0.353756  -0.0650993   0.0016532  -0.073809  -0.009033   0.000044   0.000048  0.0000134  0.0000106    0.000051    0.000055
2010  10   7  55476   0.234980   0.351599  -0.0668114   0.0016703  -0.074120  -0.008937   0.000044   0.000048  0.0000188  0.0000101    0.000062    0.000062
2010  10   8  55477   0.234874   0.349070  -0.0684221   0.0015335  -0.074050  -0.009058   0.000045   0.000048  0.0000046  0.0000100    0.000073    0.000068
2010  10   9  55478   0.234457   0.346610  -0.0698321   0.0013040  -0.073764  -0.009119   0.000045   0.000048  0.0000073  0.0000101    0.000070    0.000064
2010  10  10  55479   0.234164   0.344120  -0.0710272   0.0010749  -0.073707  -0.008962   0.000043   0.000046  0.0000084  0.0000099    0.000060    0.000055
2010  10  11  55480   0.233964   0.341957  -0.0720036   0.0009084  -0.073909  -0.008725   0.000041   0.000045  0.0000138  0.0000102    0.000051    0.000046
2010  10  12  55481   0.233786   0.339416  -0.0728214   0.0007989  -0.073941  -0.008625   0.000041   0.000047  0.0000146  0.0000108    0.000041    0.000038
2010  10  13  55482   0.233883   0.337253  -0.0735901   0.0007578  -0.073551  -0.008668   0.000040   0.000044  0.0000029  0.0000106    0.000032    0.000029
2010  10  14  55483   0.234122   0.335520  -0.0743862   0.0007895  -0.073006  -0.008838   0.000041   0.000044  0.0000006  0.0000102    0.000036    0.000015
2010  10  15  55484   0.234342   0.333917  -0.0752251   0.0008858  -0.072938  -0.008795   0.000043   0.000046  0.0000009  0.0000107    0.000080    0.000065
2010  10  16  55485   0.234076   0.332454  -0.0760990   0.0009453  -0.072802  -0.008661   0.000042   0.000045  0.0000054  0.0000106    0.000083    0.000073
2010  10  17  55486   0.233539   0.330783  -0.0770797   0.0010245  -0.072522  -0.008585   0.000041   0.000044  0.0000080  0.0000100    0.000067    0.000058
2010  10  18  55487   0.233246   0.328906  -0.0781683   0.0011280  -0.072149  -0.008564   0.000041   0.000045  0.0000055  0.0000097    0.000051    0.000044
2010  10  19  55488   0.232903   0.326972  -0.0793432   0.0012355  -0.071795  -0.008526   0.000041   0.000045  0.0000014  0.0000088    0.000034    0.000029
2010  10  20  55489   0.232474   0.324968  -0.0805992   0.0012498  -0.071691  -0.008477   0.000042   0.000047  0.0000083  0.0000092    0.000050    0.000051
2010  10  21  55490   0.231849   0.323027  -0.0818382   0.0011813  -0.071737  -0.008463   0.000041   0.000046  0.0000133  0.0000099    0.000073    0.000083
2010  10  22  55491   0.231372   0.320597  -0.0829554   0.0010882  -0.071875  -0.008511   0.000042   0.000045  0.0000049  0.0000091    0.000097    0.000114
2010  10  23  55492   0.230630   0.318388  -0.0839225   0.0009438  -0.072113  -0.008543   0.000043   0.000047  0.0000094  0.0000086    0.000097    0.000112
2010  10  24  55493   0.230112   0.316429  -0.0847870   0.0008044  -0.072372  -0.008470   0.000050   0.000053  0.0000164  0.0000109    0.000089    0.000095
2010  10  25  55494   0.229017   0.314983  -0.0855244   0.0006664  -0.072489  -0.008298   0.000056   0.000059  0.0000132  0.0000133    0.000080    0.000078
2010  10  26  55495   0.227483   0.312919  -0.0861212   0.0005770  -0.072367  -0.008135   0.000056   0.000060  0.0000015  0.0000130    0.000071    0.000061
2010  10  27  55496   0.226329   0.310745  -0.0866614   0.0005376  -0.071922  -0.008116   0.000055   0.000060  0.0000125  0.0000123    0.000091    0.000076
2010  10  28  55497   0.225432   0.308277  -0.0872115   0.0005690  -0.071445  -0.008233   0.000056   0.000057  0.0000145  0.0000128    0.000113    0.000093
2010  10  29  55498   0.224665   0.306053  -0.0878459   0.0007096  -0.071004  -0.008416   0.000056   0.000057  0.0000054  0.0000129    0.000136    0.000110
2010  10  30  55499   0.224146   0.303517  -0.0886511   0.0009475  -0.070624  -0.008559   0.000058   0.000060  0.0000069  0.0000126    0.000128    0.000104
2010  10  31  55500   0.223352   0.301668  -0.0897345   0.0012198  -0.070258  -0.008605   0.000054   0.000058  0.0000104  0.0000125    0.000108    0.000090
2010  11   1  55501   0.222599   0.299463  -0.0911107   0.0014780  -0.070004  -0.008494   0.000051   0.000056  0.0000139  0.0000116    0.000088    0.000075
2010  11   2  55502   0.221524   0.297244  -0.0927210   0.0016794  -0.069997  -0.008212   0.000051   0.000051  0.0000132  0.0000115    0.000068    0.000061
2010  11   3  55503   0.221000   0.294236  -0.0944569   0.0017646  -0.070193  -0.007885   0.000050   0.000050  0.0000016  0.0000111    0.000049    0.000046
2010  11   4  55504   0.220666   0.291898  -0.0961571   0.0016431  -0.070439  -0.007735   0.000051   0.000053  0.0000007  0.0000111    0.000053    0.000048
2010  11   5  55505   0.220476   0.289516  -0.0977127   0.0014366  -0.070436  -0.007834   0.000052   0.000053  0.0000008  0.0000119    0.000060    0.000052
2010  11   6  55506   0.220257   0.287284  -0.0990644   0.0012300  -0.070124  -0.008031   0.000053   0.000054  0.0000060  0.0000121    0.000061    0.000053
2010  11   7  55507   0.219535   0.285382  -0.1001451   0.0009719  -0.069860  -0.008117   0.000050   0.000052  0.0000085  0.0000115    0.000059    0.000053
2010  11   8  55508   0.217665   0.283070  -0.1009900   0.0007620  -0.069792  -0.008025   0.000047   0.000050  0.0000059  0.0000107    0.000058    0.000052
2010  11   9  55509   0.216263   0.280656  -0.1016732   0.0006230  -0.069729  -0.007848   0.000047   0.000049  0.0000017  0.0000108    0.000057    0.000052
2010  11  10  55510   0.215000   0.278753  -0.1022543   0.0005785  -0.069600  -0.007721   0.000047   0.000049  0.0000095  0.0000109    0.000062    0.000054
2010  11  11  55511   0.213846   0.276852  -0.1028423   0.0006321  -0.069383  -0.007661   0.000047   0.000050  0.0000110  0.0000101    0.000069    0.000056
2010  11  12  55512   0.212739   0.275090  -0.1035271   0.0007532  -0.069231  -0.007664   0.000047   0.000048  0.0000030  0.0000101    0.000075    0.000059
2010  11  13  55513   0.212001   0.273500  -0.1043467   0.0009055  -0.069118  -0.007689   0.000047   0.000049  0.0000072  0.0000107    0.000068    0.000053
2010  11  14  55514   0.211006   0.272296  -0.1053250   0.0010336  -0.069005  -0.007737   0.000049   0.000051  0.0000096  0.0000110    0.000056    0.000044
2010  11  15  55515   0.210033   0.270614  -0.1064262   0.0011437  -0.068886  -0.007769   0.000048   0.000049  0.0000059  0.0000105    0.000044    0.000035
2010  11  16  55516   0.208873   0.268602  -0.1075900   0.0011851  -0.068816  -0.007743   0.000047   0.000049  0.0000010  0.0000105    0.000032    0.000026
2010  11  17  55517   0.208002   0.266045  -0.1087635   0.0011375  -0.068793  -0.007698   0.000047   0.000050  0.0000098  0.0000110    0.000028    0.000018
2010  11  18  55518   0.207142   0.263503  -0.1098924   0.0010667  -0.068790  -0.007651   0.000046   0.000050  0.0000111  0.0000106    0.000024    0.000010
2010  11  19  55519   0.206475   0.260900  -0.1109050   0.0009321  -0.068859  -0.007577   0.000046   0.000049  0.0000034  0.0000106    0.000057    0.000050
2010  11  20  55520   0.205585   0.258358  -0.1117330   0.0007720  -0.068993  -0.007456   0.000045   0.000047  0.0000072  0.0000105    0.000065    0.000062
2010  11  21  55521   0.205156   0.256116  -0.1124050   0.0006179  -0.069192  -0.007289   0.000045   0.000048  0.0000105  0.0000107    0.000060    0.000058
2010  11  22  55522   0.204803   0.254194  -0.1129652   0.0005255  -0.069358  -0.007133   0.000046   0.000050  0.0000073  0.0000112    0.000055    0.000054
2010  11  23  55523   0.204244   0.252294  -0.1134560   0.0004861  -0.069334  -0.007073   0.000046   0.000049  0.0000018  0.0000110    0.000050    0.000050
2010  11  24  55524   0.202828   0.250678  -0.1139461   0.0005054  -0.068919  -0.007303   0.000045   0.000048  0.0000104  0.0000111    0.000132    0.000044
2010  11  25  55525   0.201243   0.248737  -0.1145016   0.0006277  -0.068420  -0.007604   0.000045   0.000048  0.0000179  0.0000111    0.003891    0.000963
2010  11  26  55526   0.199938   0.246974  -0.1152128   0.0008123  -0.068042  -0.007829   0.000046   0.000050  0.0000150  0.0000110    0.007556    0.001869
2010  11  27  55527   0.198781   0.245548  -0.1161367   0.0010471  -0.067917  -0.007835   0.000047   0.000051  0.0000103  0.0000110    0.005769    0.001434
2010  11  28  55528   0.197273   0.244395  -0.1173209   0.0012872  -0.067900  -0.007743   0.000050   0.000055  0.0000080  0.0000107    0.003982    0.000998
2010  11  29  55529   0.195833   0.242774  -0.1186708   0.0013707  -0.067933  -0.007541   0.000051   0.000056  0.0000058  0.0000108    0.002195    0.000563
2010  11  30  55530   0.194732   0.241084  -0.1200603   0.0013660  -0.067999  -0.007221   0.000050   0.000053  0.0000015  0.0000111    0.000408    0.000127
2010  12   1  55531   0.193555   0.239689  -0.1214417   0.0012927  -0.067933  -0.006840   0.000048   0.000051  0.0000115  0.0000108    0.000050    0.000050
2010  12   2  55532   0.192131   0.238425  -0.1226821   0.0011207  -0.067841  -0.006528   0.000049   0.000053  0.0000176  0.0000109    0.000070    0.000066
2010  12   3  55533   0.191007   0.236894  -0.1236694   0.0008973  -0.067701  -0.006408   0.000050   0.000056  0.0000045  0.0000113    0.000089    0.000083
2010  12   4  55534   0.190021   0.235420  -0.1244059   0.0006332  -0.067650  -0.006551   0.000051   0.000055  0.0000054  0.0000114    0.000082    0.000075
2010  12   5  55535   0.188308   0.234024  -0.1249405   0.0004592  -0.067577  -0.006774   0.000051   0.000055  0.0000085  0.0000110    0.000065    0.000059
2010  12   6  55536   0.186406   0.232393  -0.1253669   0.0004128  -0.067459  -0.006881   0.000049   0.000053  0.0000060  0.0000109    0.000048    0.000043
2010  12   7  55537   0.184913   0.230861  -0.1257788   0.0004489  -0.067336  -0.006807   0.000048   0.000051  0.0000013  0.0000103    0.000032    0.000027
2010  12   8  55538   0.183783   0.229501  -0.1262382   0.0005104  -0.067167  -0.006590   0.000048   0.000051  0.0000067  0.0000101    0.000024    0.000011
2010  12   9  55539   0.183045   0.228407  -0.1268013   0.0006240  -0.066847  -0.006434   0.000049   0.000050  0.0000109  0.0000108    0.000037    0.000027
2010  12  10  55540   0.181802   0.227737  -0.1274716   0.0006903  -0.066539  -0.006446   0.000049   0.000051  0.0000028  0.0000112    0.000056    0.000053
2010  12  11  55541   0.179880   0.226787  -0.1281778   0.0007133  -0.066467  -0.006561   0.000049   0.000052  0.0000075  0.0000114    0.000056    0.000056
2010  12  12  55542   0.177757   0.225752  -0.1288967   0.0007287  -0.066554  -0.006693   0.000048   0.000049  0.0000087  0.0000113    0.000050    0.000050
2010  12  13  55543   0.175140   0.225140  -0.1296359   0.0007241  -0.066730  -0.006740   0.000047   0.000050  0.0000050  0.0000112    0.000043    0.000044
2010  12  14  55544   0.171858   0.223981  -0.1303511   0.0006843  -0.066949  -0.006680   0.000048   0.000051  0.0000012  0.0000111    0.000037    0.000038
2010  12  15  55545   0.168408   0.222455  -0.1309761   0.0005823  -0.067214  -0.006598   0.000047   0.000051  0.0000073  0.0000109    0.000296    0.000080
2010  12  16  55546   0.166006   0.220789  -0.1315322   0.0005209  -0.067393  -0.006569   0.000048   0.000052  0.0000114  0.0000110    0.000254    0.000083
2010  12  17  55547   0.164906   0.219736  -0.1320332   0.0004508  -0.067495  -0.006551   0.000049   0.000055  0.0000031  0.0000114    0.000096    0.000070
2010  12  18  55548   0.164103   0.218821  -0.1324155   0.0003275  -0.067500  -0.006484   0.000051   0.000056  0.0000100  0.0000116    0.000049    0.000059
2010  12  19  55549   0.163200   0.217756  -0.1326793   0.0002047  -0.067492  -0.006365   0.000054   0.000057  0.0000145  0.0000111    0.000043    0.000049
2010  12  20  55550   0.161409   0.216705  -0.1328209   0.0001020  -0.067474  -0.006306   0.000054   0.000059  0.0000088  0.0000111    0.000037    0.000038
2010  12  21  55551   0.159204   0.215481  -0.1329024   0.0001007  -0.067348  -0.006414   0.000053   0.000057  0.0000017  0.0000119    0.000031    0.000028
2010  12  22  55552   0.157025   0.214415  -0.1330783   0.0002613  -0.067152  -0.006621   0.000054   0.000057  0.0000004  0.0000125    0.000052    0.000044
2010  12  23  55553   0.154838   0.213230  -0.1334320   0.0004661  -0.066865  -0.006781   0.000054   0.000058  0.0000005  0.0000120    0.000078    0.000067
2010  12  24  55554   0.153143   0.212299  -0.1339861   0.0006686  -0.066580  -0.006783   0.000053   0.000057  0.0000099  0.0000114    0.000083    0.000073
2010  12  25  55555   0.151470   0.211557  -0.1347324   0.0008440  -0.066519  -0.006657   0.000054   0.000058  0.0000177  0.0000121    0.000079    0.000072
2010  12  26  55556   0.149598   0.210603  -0.1357018   0.0010719  -0.066701  -0.006517   0.000056   0.000063  0.0000140  0.0000143    0.000076    0.000072
2010  12  27  55557   0.147329   0.209353  -0.1368307   0.0011511  -0.066951  -0.006421   0.000052   0.000070  0.0000070  0.0000155    0.000072    0.000072
2010  12  28  55558   0.144572   0.207791  -0.1379451   0.0010534  -0.067108  -0.006333   0.000056   0.000072  0.0000017  0.0000150    0.000069    0.000071
2010  12  29  55559   0.141007   0.206567  -0.1389107   0.0008467  -0.067242  -0.006181   0.000067   0.000071  0.0000007  0.0000153    0.000073    0.000072
2010  12  30  55560   0.137314   0.205262  -0.1396578   0.0006531  -0.067410  -0.006015   0.000066   0.000071  0.0000008  0.0000146    0.000079    0.000074
2010  12  31  55561   0.134060   0.204158  -0.1401867   0.0004628  -0.067563  -0.005969   0.000068   0.000068  0.0000029  0.0000129    0.000074    0.000068
