

                   INTERNATIONAL EARTH ROTATION AND REFERENCE SYSTEMS SERVICE
                        EARTH ORIENTATION PARAMETERS
                          EOP (IERS) 08 C04

  
             FORMAT(3(I4),I7,2(F11.6),2(F12.7),2(F11.6),2(F11.6),2(F11.7),2F12.6)
**********************************************************************************
  
      Date      MJD      x          y        UT1-UTC       LOD         dPsi      dEps       x Err     y Err   UT1-UTC Err  LOD Err    dPsi Err   dEpsilon Err
                         "          "           s           s            "         "        "          "          s           s            "         "
     (0h UTC)

1991   1   1  48257   0.021270   0.070078   0.6186998   0.0019320  -0.006425  -0.000199   0.000909   0.000883  0.0000067  0.0000069    0.000343    0.000133
1991   1   2  48258   0.017516   0.070628   0.6166596   0.0021703  -0.006092   0.000127   0.000558   0.000583  0.0000068  0.0000070    0.000346    0.000131
1991   1   3  48259   0.014416   0.071687   0.6143571   0.0024353  -0.006522   0.000304   0.000379   0.000407  0.0000072  0.0000086    0.000362    0.000139
1991   1   4  48260   0.011808   0.072667   0.6118135   0.0026297  -0.007291   0.000270   0.000378   0.000424  0.0000103  0.0000139    0.000446    0.000183
1991   1   5  48261   0.009047   0.073700   0.6091364   0.0027007  -0.007811   0.000180   0.000493   0.000604  0.0000205  0.0000230    0.000577    0.000272
1991   1   6  48262   0.006048   0.075104   0.6064503   0.0026609  -0.007873   0.000124   0.001015   0.000881  0.0000356  0.0000171    0.001232    0.000464
1991   1   7  48263   0.003346   0.076624   0.6038424   0.0025507  -0.007582   0.000050   0.000485   0.000485  0.0000137  0.0000213    0.000761    0.000231
1991   1   8  48264   0.000927   0.077905   0.6013635   0.0023992  -0.007194  -0.000045   0.000251   0.000263  0.0000070  0.0000111    0.000409    0.000122
1991   1   9  48265  -0.001995   0.078934   0.5990477   0.0022201  -0.007095  -0.000030   0.000304   0.000304  0.0000086  0.0000099    0.000497    0.000146
1991   1  10  48266  -0.005362   0.079860   0.5969187   0.0020425  -0.007398  -0.000010   0.000454   0.000302  0.0000128  0.0000113    0.000554    0.000213
1991   1  11  48267  -0.009013   0.080930   0.5949512   0.0019083  -0.007879  -0.000050   0.000525   0.000213  0.0000141  0.0000118    0.000392    0.000269
1991   1  12  48268  -0.012967   0.082169   0.5930843   0.0018271  -0.008106  -0.000079   0.000461   0.000231  0.0000108  0.0000109    0.000398    0.000218
1991   1  13  48269  -0.016788   0.083225   0.5912744   0.0017866  -0.007617  -0.000099   0.000406   0.000367  0.0000077  0.0000092    0.000441    0.000160
1991   1  14  48270  -0.020163   0.083680   0.5894867   0.0017935  -0.006487  -0.000096   0.000569   0.000532  0.0000076  0.0000106    0.000445    0.000159
1991   1  15  48271  -0.023704   0.083424   0.5876647   0.0018635  -0.005646  -0.000041   0.000865   0.000763  0.0000136  0.0000116    0.000521    0.000227
1991   1  16  48272  -0.027380   0.083431   0.5857415   0.0019903  -0.005933   0.000010   0.000551   0.000403  0.0000155  0.0000118    0.000510    0.000243
1991   1  17  48273  -0.030892   0.084506   0.5836729   0.0021395  -0.007159  -0.000042   0.000350   0.000272  0.0000101  0.0000113    0.000434    0.000201
1991   1  18  48274  -0.035151   0.085495   0.5814606   0.0022758  -0.007073  -0.000166   0.000212   0.000223  0.0000071  0.0000082    0.000366    0.000169
1991   1  19  48275  -0.039645   0.085936   0.5791305   0.0023825  -0.006007  -0.000275   0.000237   0.000278  0.0000064  0.0000067    0.000345    0.000160
1991   1  20  48276  -0.043913   0.086191   0.5767156   0.0024514  -0.005087  -0.000287   0.000775   0.000869  0.0000063  0.0000049    0.000343    0.000158
1991   1  21  48277  -0.048024   0.086654   0.5742556   0.0024734  -0.004795  -0.000210   0.000858   0.000854  0.0000035  0.0000049    0.000237    0.000080
1991   1  22  48278  -0.051599   0.087464   0.5717996   0.0024366  -0.005276  -0.000117   0.000143   0.000148  0.0000034  0.0000036    0.000233    0.000079
1991   1  23  48279  -0.054207   0.088491   0.5694096   0.0023296  -0.006352  -0.000043   0.000147   0.000152  0.0000037  0.0000043    0.000245    0.000083
1991   1  24  48280  -0.055923   0.089629   0.5671572   0.0021531  -0.007638   0.000025   0.000201   0.000203  0.0000052  0.0000065    0.000308    0.000107
1991   1  25  48281  -0.057576   0.091019   0.5651038   0.0019467  -0.008778   0.000060   0.000399   0.000385  0.0000094  0.0000084    0.000401    0.000148
1991   1  26  48282  -0.060070   0.093014   0.5632445   0.0017889  -0.009401  -0.000054   0.000996   0.000935  0.0000117  0.0000090    0.000402    0.000159
1991   1  27  48283  -0.063399   0.095285   0.5614890   0.0017493  -0.009244  -0.000363   0.000347   0.000571  0.0000087  0.0000105    0.000269    0.000135
1991   1  28  48284  -0.066763   0.096751   0.5597006   0.0018467  -0.008409  -0.000703   0.000269   0.000436  0.0000092  0.0000105    0.000283    0.000142
1991   1  29  48285  -0.069986   0.097313   0.5577570   0.0020396  -0.007341  -0.000861   0.000323   0.000427  0.0000123  0.0000089    0.000356    0.000176
1991   1  30  48286  -0.074337   0.098901   0.5556038   0.0022663  -0.006548  -0.000830   0.000333   0.000355  0.0000087  0.0000085    0.000451    0.000205
1991   1  31  48287  -0.079588   0.101429   0.5532347   0.0024787  -0.006145  -0.000727   0.000290   0.000302  0.0000047  0.0000068    0.000423    0.000168
1991   2   1  48288  -0.084243   0.103112   0.5506799   0.0026304  -0.005980  -0.000600   0.000363   0.000374  0.0000050  0.0000061    0.000415    0.000158
1991   2   2  48289  -0.088557   0.104446   0.5480172   0.0026815  -0.006051  -0.000446   0.000344   0.000360  0.0000074  0.0000064    0.000406    0.000142
1991   2   3  48290  -0.092809   0.105630   0.5453553   0.0026189  -0.006390  -0.000316   0.000347   0.000363  0.0000078  0.0000081    0.000405    0.000141
1991   2   4  48291  -0.096779   0.106662   0.5428039   0.0024614  -0.006791  -0.000324   0.000649   0.000567  0.0000088  0.0000084    0.000367    0.000158
1991   2   5  48292  -0.100131   0.107692   0.5404417   0.0022529  -0.007003  -0.000515   0.000441   0.000386  0.0000091  0.0000088    0.000360    0.000162
1991   2   6  48293  -0.103245   0.109326   0.5382953   0.0020465  -0.007055  -0.000780   0.000294   0.000281  0.0000087  0.0000088    0.000359    0.000157
1991   2   7  48294  -0.106351   0.111033   0.5363375   0.0018846  -0.007261  -0.000920   0.000225   0.000236  0.0000085  0.0000100    0.000374    0.000154
1991   2   8  48295  -0.109165   0.111827   0.5345089   0.0017839  -0.007691  -0.000888   0.000348   0.000361  0.0000112  0.0000124    0.000476    0.000203
1991   2   9  48296  -0.111655   0.112662   0.5327474   0.0017473  -0.007717  -0.000949   0.000822   0.000814  0.0000163  0.0000107    0.000634    0.000298
1991   2  10  48297  -0.114047   0.114720   0.5309889   0.0017763  -0.007089  -0.001206   0.000953   0.000975  0.0000103  0.0000100    0.000562    0.000274
1991   2  11  48298  -0.116892   0.117633   0.5291698   0.0018656  -0.006326  -0.001462   0.000159   0.000167  0.0000036  0.0000069    0.000272    0.000131
1991   2  12  48299  -0.120480   0.120304   0.5272362   0.0020039  -0.006068  -0.001499   0.000157   0.000165  0.0000035  0.0000034    0.000271    0.000124
1991   2  13  48300  -0.124374   0.122268   0.5251470   0.0021786  -0.006481  -0.001328   0.000172   0.000175  0.0000032  0.0000036    0.000260    0.000105
1991   2  14  48301  -0.127376   0.124626   0.5228728   0.0023725  -0.006903  -0.001367   0.000202   0.000181  0.0000038  0.0000043    0.000215    0.000092
1991   2  15  48302  -0.130161   0.127359   0.5204072   0.0025545  -0.006914  -0.001510   0.000295   0.000240  0.0000055  0.0000057    0.000193    0.000089
1991   2  16  48303  -0.133428   0.130219   0.5177818   0.0026813  -0.006722  -0.001477   0.000561   0.000460  0.0000076  0.0000071    0.000309    0.000128
1991   2  17  48304  -0.136868   0.133440   0.5150738   0.0027119  -0.006710  -0.001318   0.000459   0.000399  0.0000087  0.0000082    0.000540    0.000172
1991   2  18  48305  -0.140197   0.136799   0.5123928   0.0026280  -0.007056  -0.001195   0.000567   0.000488  0.0000087  0.0000107    0.000542    0.000173
1991   2  19  48306  -0.143001   0.139783   0.5098493   0.0024478  -0.007525  -0.001183   0.000975   0.000835  0.0000126  0.0000117    0.000470    0.000241
1991   2  20  48307  -0.145384   0.142420   0.5075168   0.0022249  -0.007746  -0.001228   0.000537   0.000503  0.0000146  0.0000114    0.000454    0.000272
1991   2  21  48308  -0.148200   0.145670   0.5054016   0.0020316  -0.007570  -0.001252   0.000269   0.000298  0.0000102  0.0000106    0.000386    0.000213
1991   2  22  48309  -0.151538   0.149548   0.5034369   0.0019280  -0.007270  -0.001315   0.000159   0.000188  0.0000066  0.0000084    0.000293    0.000149
1991   2  23  48310  -0.154781   0.153092   0.5015136   0.0019349  -0.007203  -0.001555   0.000156   0.000182  0.0000065  0.0000070    0.000288    0.000147
1991   2  24  48311  -0.157698   0.155566   0.4995268   0.0020401  -0.007323  -0.001966   0.000215   0.000127  0.0000073  0.0000070    0.000289    0.000189
1991   2  25  48312  -0.160495   0.157102   0.4973951   0.0022201  -0.007306  -0.002352   0.000239   0.000120  0.0000076  0.0000074    0.000290    0.000202
1991   2  26  48313  -0.163297   0.158674   0.4950614   0.0024492  -0.006931  -0.002479   0.000226   0.000137  0.0000075  0.0000077    0.000302    0.000149
1991   2  27  48314  -0.165757   0.161604   0.4924934   0.0026896  -0.006342  -0.002327   0.000242   0.000265  0.0000079  0.0000096    0.000360    0.000108
1991   2  28  48315  -0.167608   0.165783   0.4897026   0.0028846  -0.005889  -0.002095   0.000369   0.000398  0.0000117  0.0000140    0.000473    0.000145
1991   3   1  48316  -0.169396   0.168294   0.4867618   0.0029784  -0.005872  -0.001949   0.000703   0.000539  0.0000201  0.0000151    0.000638    0.000245
1991   3   2  48317  -0.171574   0.170302   0.4837880   0.0029441  -0.006087  -0.001946   0.000982   0.000654  0.0000185  0.0000158    0.000661    0.000302
1991   3   3  48318  -0.173782   0.173510   0.4809077   0.0027903  -0.006295  -0.002040   0.000794   0.000913  0.0000115  0.0000144    0.000584    0.000248
1991   3   4  48319  -0.175634   0.177033   0.4782264   0.0025511  -0.006536  -0.002138   0.000394   0.000505  0.0000104  0.0000109    0.000560    0.000232
1991   3   5  48320  -0.177593   0.180246   0.4758092   0.0022703  -0.006872  -0.002173   0.000449   0.000581  0.0000104  0.0000116    0.000559    0.000231
1991   3   6  48321  -0.179634   0.183228   0.4736778   0.0019922  -0.007202  -0.002156   0.000822   0.001261  0.0000128  0.0000120    0.000493    0.000180
1991   3   7  48322  -0.181570   0.186445   0.4718090   0.0017622  -0.007289  -0.002177   0.000496   0.000789  0.0000136  0.0000120    0.000477    0.000172
1991   3   8  48323  -0.183803   0.189991   0.4701325   0.0016245  -0.006921  -0.002337   0.000458   0.000626  0.0000111  0.0000109    0.000359    0.000156
1991   3   9  48324  -0.186244   0.193398   0.4685357   0.0016061  -0.006119  -0.002629   0.000275   0.000360  0.0000082  0.0000096    0.000247    0.000130
1991   3  10  48325  -0.188296   0.196737   0.4668951   0.0016985  -0.005191  -0.002919   0.000223   0.000293  0.0000081  0.0000099    0.000244    0.000129
1991   3  11  48326  -0.189547   0.200251   0.4651158   0.0018646  -0.004598  -0.003059   0.000327   0.000399  0.0000115  0.0000104    0.000374    0.000163
1991   3  12  48327  -0.190165   0.203958   0.4631481   0.0020638  -0.004639  -0.003021   0.000393   0.000452  0.0000127  0.0000087    0.000453    0.000174
1991   3  13  48328  -0.190833   0.207838   0.4609779   0.0022711  -0.005196  -0.002919   0.000262   0.000275  0.0000058  0.0000080    0.000404    0.000115
1991   3  14  48329  -0.192336   0.212002   0.4586055   0.0024808  -0.005681  -0.002899   0.000151   0.000140  0.0000033  0.0000046    0.000295    0.000075
1991   3  15  48330  -0.194547   0.216360   0.4560279   0.0026940  -0.005656  -0.002960   0.000122   0.000100  0.0000033  0.0000039    0.000238    0.000084
1991   3  16  48331  -0.195711   0.220103   0.4532425   0.0028687  -0.005812  -0.002848   0.000150   0.000120  0.0000045  0.0000057    0.000296    0.000110
1991   3  17  48332  -0.196541   0.223463   0.4503260   0.0029280  -0.006066  -0.002645   0.000278   0.000243  0.0000081  0.0000063    0.000589    0.000138
1991   3  18  48333  -0.198373   0.227038   0.4474242   0.0028382  -0.006113  -0.002590   0.000514   0.000551  0.0000081  0.0000078    0.000411    0.000163
1991   3  19  48334  -0.200603   0.230691   0.4446780   0.0026330  -0.006188  -0.002729   0.000397   0.000435  0.0000075  0.0000081    0.000358    0.000172
1991   3  20  48335  -0.202132   0.234095   0.4421676   0.0023879  -0.006429  -0.002971   0.000434   0.000481  0.0000081  0.0000107    0.000383    0.000186
1991   3  21  48336  -0.202783   0.237271   0.4398892   0.0021781  -0.006572  -0.003206   0.000532   0.000644  0.0000139  0.0000115    0.000591    0.000341
1991   3  22  48337  -0.203483   0.240683   0.4377807   0.0020435  -0.006306  -0.003400   0.000422   0.000516  0.0000148  0.0000123    0.000617    0.000358
1991   3  23  48338  -0.204703   0.244612   0.4357633   0.0019970  -0.005845  -0.003616   0.000246   0.000270  0.0000108  0.0000124    0.000416    0.000134
1991   3  24  48339  -0.205916   0.248827   0.4337505   0.0020505  -0.005648  -0.003915   0.000240   0.000231  0.0000100  0.0000103    0.000376    0.000120
1991   3  25  48340  -0.207120   0.253064   0.4316376   0.0022151  -0.005698  -0.004237   0.000263   0.000210  0.0000099  0.0000095    0.000372    0.000124
1991   3  26  48341  -0.209659   0.257415   0.4293125   0.0024673  -0.004942  -0.004345   0.000249   0.000204  0.0000090  0.0000092    0.000393    0.000126
1991   3  27  48342  -0.212824   0.261606   0.4267141   0.0027247  -0.004298  -0.004223   0.000339   0.000288  0.0000084  0.0000064    0.000405    0.000125
1991   3  28  48343  -0.215096   0.265763   0.4238905   0.0028864  -0.004375  -0.003968   0.000289   0.000275  0.0000037  0.0000060    0.000362    0.000099
1991   3  29  48344  -0.216091   0.269720   0.4209777   0.0028992  -0.004991  -0.003762   0.000192   0.000187  0.0000035  0.0000036    0.000356    0.000097
1991   3  30  48345  -0.216385   0.273258   0.4181278   0.0027815  -0.005593  -0.003776   0.000190   0.000186  0.0000035  0.0000036    0.000356    0.000097
1991   3  31  48346  -0.216669   0.276596   0.4154405   0.0025970  -0.005785  -0.004037   0.000205   0.000198  0.0000038  0.0000071    0.000368    0.000104
1991   4   1  48347  -0.217278   0.280277   0.4129452   0.0024066  -0.005571  -0.004382   0.000475   0.000353  0.0000108  0.0000058    0.000451    0.000208
1991   4   2  48348  -0.218140   0.284665   0.4106248   0.0022417  -0.005228  -0.004570   0.000354   0.000320  0.0000079  0.0000080    0.000428    0.000170
1991   4   3  48349  -0.218897   0.289544   0.4084491   0.0021061  -0.005019  -0.004477   0.000239   0.000265  0.0000052  0.0000071    0.000385    0.000121
1991   4   4  48350  -0.219084   0.294038   0.4063936   0.0019997  -0.004906  -0.004185   0.000311   0.000344  0.0000063  0.0000081    0.000461    0.000135
1991   4   5  48351  -0.219002   0.298380   0.4044274   0.0019343  -0.004649  -0.004009   0.000634   0.000605  0.0000110  0.0000095    0.000621    0.000175
1991   4   6  48352  -0.219390   0.302470   0.4025016   0.0019256  -0.004200  -0.004142   0.000932   0.000817  0.0000126  0.0000091    0.000582    0.000175
1991   4   7  48353  -0.220226   0.306313   0.4005541   0.0019799  -0.003763  -0.004469   0.000258   0.000257  0.0000072  0.0000099    0.000302    0.000112
1991   4   8  48354  -0.220923   0.310184   0.3985238   0.0020889  -0.003581  -0.004725   0.000251   0.000249  0.0000072  0.0000076    0.000302    0.000112
1991   4   9  48355  -0.221022   0.314228   0.3963643   0.0022317  -0.003757  -0.004756   0.000277   0.000269  0.0000080  0.0000107    0.000330    0.000120
1991   4  10  48356  -0.220742   0.318252   0.3940562   0.0023836  -0.004092  -0.004657   0.000463   0.000393  0.0000143  0.0000154    0.000502    0.000167
1991   4  11  48357  -0.220429   0.322052   0.3916024   0.0025284  -0.004257  -0.004602   0.000678   0.000569  0.0000227  0.0000158    0.000784    0.000260
1991   4  12  48358  -0.219730   0.325893   0.3890163   0.0026517  -0.004176  -0.004571   0.000639   0.000697  0.0000173  0.0000155    0.000691    0.000270
1991   4  13  48359  -0.218614   0.330030   0.3863281   0.0027264  -0.004004  -0.004420   0.000371   0.000426  0.0000083  0.0000119    0.000334    0.000132
1991   4  14  48360  -0.217282   0.334360   0.3836005   0.0027146  -0.004110  -0.004122   0.000384   0.000475  0.0000065  0.0000067    0.000262    0.000105
1991   4  15  48361  -0.215885   0.338351   0.3809342   0.0025887  -0.004634  -0.003900   0.000138   0.000269  0.0000052  0.0000058    0.000212    0.000104
1991   4  16  48362  -0.214555   0.341986   0.3784437   0.0023633  -0.005263  -0.004027   0.000111   0.000211  0.0000051  0.0000054    0.000209    0.000105
1991   4  17  48363  -0.213452   0.345663   0.3762046   0.0021050  -0.005558  -0.004497   0.000192   0.000312  0.0000057  0.0000052    0.000246    0.000123
1991   4  18  48364  -0.212757   0.349618   0.3742071   0.0019102  -0.005504  -0.004989   0.000217   0.000223  0.0000053  0.0000045    0.000346    0.000188
1991   4  19  48365  -0.212638   0.353874   0.3723439   0.0018616  -0.005367  -0.005191   0.000129   0.000132  0.0000034  0.0000041    0.000242    0.000128
1991   4  20  48366  -0.212633   0.358062   0.3704445   0.0019774  -0.005097  -0.005106   0.000109   0.000112  0.0000028  0.0000034    0.000207    0.000109
1991   4  21  48367  -0.212317   0.361950   0.3683631   0.0022016  -0.004718  -0.004985   0.000126   0.000128  0.0000033  0.0000059    0.000213    0.000116
1991   4  22  48368  -0.211801   0.365675   0.3660343   0.0024519  -0.004399  -0.005065   0.000238   0.000220  0.0000089  0.0000059    0.000237    0.000141
1991   4  23  48369  -0.211430   0.369519   0.3634702   0.0026645  -0.004238  -0.005355   0.000233   0.000206  0.0000085  0.0000083    0.000249    0.000139
1991   4  24  48370  -0.211346   0.373628   0.3607290   0.0028063  -0.004211  -0.005611   0.000230   0.000179  0.0000077  0.0000096    0.000365    0.000139
1991   4  25  48371  -0.211313   0.377816   0.3578879   0.0028560  -0.004153  -0.005500   0.000366   0.000282  0.0000107  0.0000109    0.000596    0.000191
1991   4  26  48372  -0.211033   0.381677   0.3550478   0.0027984  -0.004075  -0.005067   0.000614   0.000641  0.0000141  0.0000115    0.000587    0.000218
1991   4  27  48373  -0.210525   0.384986   0.3523163   0.0026463  -0.004117  -0.004750   0.000502   0.000613  0.0000123  0.0000118    0.000485    0.000186
1991   4  28  48374  -0.210034   0.388010   0.3497699   0.0024433  -0.004253  -0.004806   0.000299   0.000351  0.0000095  0.0000098    0.000362    0.000165
1991   4  29  48375  -0.209651   0.391396   0.3474318   0.0022413  -0.004369  -0.005094   0.000200   0.000231  0.0000072  0.0000084    0.000269    0.000142
1991   4  30  48376  -0.209247   0.395549   0.3452781   0.0020763  -0.004422  -0.005293   0.000200   0.000232  0.0000072  0.0000083    0.000270    0.000142
1991   5   1  48377  -0.208561   0.400032   0.3432620   0.0019601  -0.004418  -0.005250   0.000266   0.000300  0.0000094  0.0000144    0.000348    0.000173
1991   5   2  48378  -0.207411   0.403785   0.3413368   0.0018901  -0.004399  -0.005203   0.000772   0.000623  0.0000215  0.0000140    0.000735    0.000263
1991   5   3  48379  -0.205877   0.406397   0.3394597   0.0018660  -0.004393  -0.005419   0.000622   0.000521  0.0000185  0.0000191    0.000645    0.000250
1991   5   4  48380  -0.204278   0.408991   0.3375842   0.0019015  -0.004324  -0.005636   0.000647   0.000556  0.0000168  0.0000142    0.000590    0.000241
1991   5   5  48381  -0.202825   0.412497   0.3356395   0.0020152  -0.004172  -0.005650   0.001090   0.001033  0.0000099  0.0000117    0.000361    0.000176
1991   5   6  48382  -0.201414   0.416745   0.3335420   0.0022002  -0.003956  -0.005552   0.000315   0.000301  0.0000066  0.0000078    0.000246    0.000128
1991   5   7  48383  -0.199769   0.421140   0.3312339   0.0024153  -0.003713  -0.005526   0.000210   0.000202  0.0000057  0.0000053    0.000241    0.000115
1991   5   8  48384  -0.197760   0.425162   0.3287136   0.0026055  -0.003575  -0.005608   0.000163   0.000159  0.0000040  0.0000049    0.000228    0.000090
1991   5   9  48385  -0.195572   0.428691   0.3260334   0.0027418  -0.003675  -0.005493   0.000172   0.000169  0.0000042  0.0000069    0.000256    0.000094
1991   5  10  48386  -0.193502   0.432042   0.3232502   0.0028206  -0.003811  -0.005306   0.000289   0.000296  0.0000099  0.0000080    0.000532    0.000145
1991   5  11  48387  -0.191704   0.435643   0.3204218   0.0028281  -0.003725  -0.005287   0.000306   0.000316  0.0000118  0.0000097    0.000586    0.000151
1991   5  12  48388  -0.190037   0.439612   0.3176280   0.0027445  -0.003634  -0.005362   0.000242   0.000271  0.0000095  0.0000097    0.000441    0.000147
1991   5  13  48389  -0.188207   0.443696   0.3149606   0.0025752  -0.004041  -0.005390   0.000195   0.000220  0.0000077  0.0000084    0.000347    0.000143
1991   5  14  48390  -0.186003   0.447511   0.3124870   0.0023646  -0.005050  -0.005343   0.000197   0.000177  0.0000074  0.0000073    0.000355    0.000150
1991   5  15  48391  -0.183454   0.450856   0.3102154   0.0021787  -0.005971  -0.005293   0.000202   0.000138  0.0000070  0.0000077    0.000373    0.000167
1991   5  16  48392  -0.180765   0.453868   0.3080923   0.0020639  -0.005878  -0.005401   0.000236   0.000163  0.0000079  0.0000090    0.000413    0.000150
1991   5  17  48393  -0.177993   0.456874   0.3060430   0.0020361  -0.005050  -0.005526   0.000341   0.000479  0.0000110  0.0000095    0.000485    0.000126
1991   5  18  48394  -0.175090   0.460135   0.3039859   0.0020937  -0.004378  -0.005568   0.000345   0.000527  0.0000111  0.0000096    0.000487    0.000126
1991   5  19  48395  -0.172031   0.463605   0.3018435   0.0022124  -0.004355  -0.005568   0.000256   0.000272  0.0000082  0.0000087    0.000343    0.000114
1991   5  20  48396  -0.168876   0.466991   0.2995725   0.0023399  -0.004853  -0.005558   0.000202   0.000190  0.0000062  0.0000064    0.000264    0.000102
1991   5  21  48397  -0.165753   0.470035   0.2971909   0.0024117  -0.005417  -0.005527   0.000197   0.000166  0.0000046  0.0000045    0.000250    0.000099
1991   5  22  48398  -0.162790   0.472790   0.2947815   0.0023788  -0.005690  -0.005467   0.000204   0.000137  0.0000028  0.0000038    0.000214    0.000088
1991   5  23  48399  -0.160029   0.475544   0.2924626   0.0022384  -0.005742  -0.005330   0.000294   0.000187  0.0000030  0.0000059    0.000232    0.000093
1991   5  24  48400  -0.157243   0.478260   0.2903267   0.0020322  -0.005770  -0.005160   0.000513   0.000304  0.0000091  0.0000084    0.000448    0.000138
1991   5  25  48401  -0.154207   0.481151   0.2884112   0.0018123  -0.005899  -0.005067   0.000654   0.000382  0.0000138  0.0000092    0.000496    0.000144
1991   5  26  48402  -0.151104   0.484219   0.2867052   0.0016180  -0.006097  -0.005147   0.001043   0.000876  0.0000094  0.0000105    0.000441    0.000144
1991   5  27  48403  -0.148196   0.487280   0.2851683   0.0014709  -0.006203  -0.005429   0.000315   0.000294  0.0000071  0.0000083    0.000388    0.000145
1991   5  28  48404  -0.145329   0.490273   0.2837483   0.0013789  -0.006075  -0.005808   0.000264   0.000246  0.0000071  0.0000083    0.000389    0.000145
1991   5  29  48405  -0.142305   0.493154   0.2823900   0.0013435  -0.005675  -0.006066   0.000535   0.000500  0.0000095  0.0000238    0.000515    0.000194
1991   5  30  48406  -0.139244   0.495805   0.2810391   0.0013613  -0.005076  -0.006062   0.001491   0.001243  0.0000404  0.0000181    0.001368    0.000580
1991   5  31  48407  -0.136247   0.498160   0.2796466   0.0014256  -0.004540  -0.005872   0.000821   0.000665  0.0000267  0.0000312    0.000827    0.000310
1991   6   1  48408  -0.133470   0.500602   0.2781707   0.0015307  -0.004517  -0.005731   0.000649   0.000532  0.0000219  0.0000181    0.000679    0.000250
1991   6   2  48409  -0.130921   0.503449   0.2765735   0.0016734  -0.005135  -0.005735   0.000328   0.000223  0.0000094  0.0000131    0.000378    0.000152
1991   6   3  48410  -0.128298   0.506558   0.2748186   0.0018480  -0.005965  -0.005734   0.000146   0.000078  0.0000044  0.0000069    0.000172    0.000068
1991   6   4  48411  -0.125198   0.509539   0.2728790   0.0020378  -0.006383  -0.005547   0.000145   0.000078  0.0000044  0.0000044    0.000172    0.000068
1991   6   5  48412  -0.121491   0.512108   0.2707515   0.0022134  -0.006146  -0.005228   0.000146   0.000078  0.0000044  0.0000066    0.000173    0.000068
1991   6   6  48413  -0.117542   0.514352   0.2684676   0.0023425  -0.005659  -0.005067   0.000302   0.000171  0.0000087  0.0000075    0.000327    0.000151
1991   6   7  48414  -0.113952   0.516624   0.2660888   0.0024017  -0.005516  -0.005252   0.000391   0.000344  0.0000106  0.0000097    0.000409    0.000244
1991   6   8  48415  -0.111010   0.519234   0.2636917   0.0023832  -0.005982  -0.005618   0.000390   0.000345  0.0000106  0.0000098    0.000409    0.000244
1991   6   9  48416  -0.108279   0.522205   0.2613495   0.0022945  -0.006883  -0.005809   0.000268   0.000278  0.0000089  0.0000090    0.000400    0.000169
1991   6  10  48417  -0.104940   0.525288   0.2591194   0.0021570  -0.007858  -0.005691   0.000202   0.000224  0.0000073  0.0000076    0.000385    0.000128
1991   6  11  48418  -0.100623   0.528161   0.2570321   0.0020036  -0.008492  -0.005441   0.000196   0.000194  0.0000063  0.0000059    0.000353    0.000126
1991   6  12  48419  -0.095995   0.530609   0.2550850   0.0018765  -0.008484  -0.005267   0.000196   0.000157  0.0000045  0.0000055    0.000289    0.000120
1991   6  13  48420  -0.092253   0.532620   0.2532357   0.0018244  -0.007970  -0.005247   0.000298   0.000232  0.0000048  0.0000076    0.000286    0.000123
1991   6  14  48421  -0.089318   0.534451   0.2513930   0.0018775  -0.007331  -0.005272   0.000523   0.000416  0.0000107  0.0000086    0.000320    0.000137
1991   6  15  48422  -0.086048   0.536432   0.2494558   0.0020116  -0.006907  -0.005298   0.000680   0.000537  0.0000123  0.0000099    0.000322    0.000138
1991   6  16  48423  -0.082145   0.538452   0.2473726   0.0021572  -0.006852  -0.005342   0.000979   0.001033  0.0000091  0.0000097    0.000347    0.000150
1991   6  17  48424  -0.078182   0.540236   0.2451687   0.0022405  -0.007234  -0.005305   0.000244   0.000285  0.0000071  0.0000081    0.000392    0.000174
1991   6  18  48425  -0.074556   0.541825   0.2429307   0.0022212  -0.008059  -0.005094   0.000226   0.000265  0.0000071  0.0000071    0.000392    0.000175
1991   6  19  48426  -0.071174   0.543452   0.2407632   0.0021027  -0.009021  -0.004830   0.000438   0.000511  0.0000071  0.0000086    0.000392    0.000173
1991   6  20  48427  -0.067712   0.545220   0.2387510   0.0019136  -0.009493  -0.004744   0.000581   0.000527  0.0000101  0.0000087    0.000394    0.000140
1991   6  21  48428  -0.064280   0.546880   0.2369488   0.0016834  -0.009078  -0.004903   0.000336   0.000297  0.0000103  0.0000102    0.000394    0.000139
1991   6  22  48429  -0.061282   0.548138   0.2353859   0.0014373  -0.008041  -0.005163   0.000329   0.000292  0.0000103  0.0000095    0.000394    0.000139
1991   6  23  48430  -0.058828   0.549128   0.2340672   0.0012017  -0.007201  -0.005356   0.000251   0.000257  0.0000086  0.0000088    0.000369    0.000121
1991   6  24  48431  -0.056560   0.550335   0.2329685   0.0010051  -0.007265  -0.005455   0.000214   0.000238  0.0000072  0.0000082    0.000343    0.000105
1991   6  25  48432  -0.053964   0.552103   0.2320377   0.0008683  -0.008310  -0.005518   0.000272   0.000278  0.0000078  0.0000093    0.000368    0.000113
1991   6  26  48433  -0.050798   0.554228   0.2312095   0.0007988  -0.009583  -0.005560   0.000443   0.000302  0.0000114  0.0000131    0.000529    0.000164
1991   6  27  48434  -0.047271   0.556258   0.2304182   0.0007967  -0.009902  -0.005562   0.000712   0.000394  0.0000185  0.0000098    0.000804    0.000304
1991   6  28  48435  -0.043837   0.558169   0.2295975   0.0008586  -0.009674  -0.005421   0.000413   0.000298  0.0000082  0.0000110    0.000514    0.000313
1991   6  29  48436  -0.040535   0.559862   0.2286878   0.0009726  -0.009798  -0.005171   0.000187   0.000129  0.0000036  0.0000060    0.000304    0.000148
1991   6  30  48437  -0.036915   0.560850   0.2276460   0.0011154  -0.010162  -0.004954   0.000194   0.000134  0.0000038  0.0000047    0.000335    0.000142
1991   7   1  48438  -0.033115   0.561677   0.2264580   0.0012594  -0.010422  -0.004932   0.000306   0.000215  0.0000059  0.0000044    0.000354    0.000150
1991   7   2  48439  -0.029683   0.562931   0.2251354   0.0013878  -0.010492  -0.005016   0.000282   0.000195  0.0000050  0.0000065    0.000258    0.000121
1991   7   3  48440  -0.026533   0.564049   0.2236972   0.0014936  -0.010266  -0.005014   0.000385   0.000309  0.0000071  0.0000070    0.000359    0.000136
1991   7   4  48441  -0.022998   0.564742   0.2221681   0.0015571  -0.009776  -0.005094   0.000566   0.000502  0.0000090  0.0000082    0.000453    0.000144
1991   7   5  48442  -0.018946   0.565484   0.2206062   0.0015445  -0.009324  -0.005342   0.000857   0.000729  0.0000093  0.0000090    0.000463    0.000145
1991   7   6  48443  -0.014548   0.566525   0.2191022   0.0014371  -0.009208  -0.005572   0.002499   0.002412  0.0000090  0.0000089    0.000421    0.000140
1991   7   7  48444  -0.010103   0.567697   0.2177492   0.0012511  -0.009545  -0.005517   0.001268   0.001398  0.0000086  0.0000088    0.000365    0.000132
1991   7   8  48445  -0.005886   0.568657   0.2166040   0.0010381  -0.010293  -0.005154   0.000402   0.000440  0.0000086  0.0000088    0.000367    0.000132
1991   7   9  48446  -0.001932   0.569308   0.2156573   0.0008711  -0.011220  -0.004766   0.000286   0.000273  0.0000090  0.0000081    0.000390    0.000131
1991   7  10  48447   0.001791   0.569662   0.2148270   0.0008195  -0.011881  -0.004700   0.000234   0.000175  0.0000076  0.0000070    0.000352    0.000118
1991   7  11  48448   0.005340   0.569666   0.2139743   0.0009224  -0.011920  -0.005068   0.000154   0.000121  0.0000051  0.0000071    0.000232    0.000099
1991   7  12  48449   0.009679   0.569876   0.2129458   0.0011602  -0.011813  -0.005191   0.000198   0.000156  0.0000067  0.0000096    0.000288    0.000125
1991   7  13  48450   0.013728   0.569801   0.2116410   0.0014579  -0.011787  -0.005017   0.000405   0.000338  0.0000142  0.0000144    0.000534    0.000205
1991   7  14  48451   0.017192   0.570212   0.2100467   0.0017189  -0.011780  -0.004866   0.000717   0.000606  0.0000222  0.0000134    0.000915    0.000252
1991   7  15  48452   0.021634   0.571115   0.2082423   0.0018636  -0.011783  -0.004799   0.000505   0.000419  0.0000127  0.0000146    0.000567    0.000158
1991   7  16  48453   0.027015   0.571964   0.2063654   0.0018652  -0.012117  -0.004714   0.000303   0.000250  0.0000070  0.0000088    0.000362    0.000113
1991   7  17  48454   0.031775   0.572573   0.2045492   0.0017519  -0.012966  -0.004608   0.000220   0.000169  0.0000048  0.0000064    0.000305    0.000106
1991   7  18  48455   0.035594   0.572694   0.2028821   0.0015714  -0.013888  -0.004558   0.000201   0.000207  0.0000058  0.0000051    0.000353    0.000130
1991   7  19  48456   0.040812   0.572886   0.2014106   0.0013576  -0.014318  -0.004586   0.000133   0.000188  0.0000053  0.0000060    0.000297    0.000106
1991   7  20  48457   0.045976   0.572086   0.2001597   0.0011297  -0.014115  -0.004630   0.000158   0.000218  0.0000061  0.0000072    0.000319    0.000122
1991   7  21  48458   0.050090   0.571563   0.1991370   0.0009309  -0.013712  -0.004598   0.000285   0.000332  0.0000091  0.0000074    0.000396    0.000183
1991   7  22  48459   0.054118   0.572322   0.1982791   0.0008208  -0.013767  -0.004550   0.000257   0.000303  0.0000086  0.0000105    0.000367    0.000159
1991   7  23  48460   0.058858   0.573121   0.1974736   0.0008026  -0.014524  -0.004633   0.000353   0.000402  0.0000119  0.0000125    0.000460    0.000236
1991   7  24  48461   0.064191   0.573141   0.1966512   0.0008352  -0.015370  -0.004814   0.000580   0.000610  0.0000163  0.0000139    0.000589    0.000533
1991   7  25  48462   0.068795   0.572463   0.1957825   0.0009013  -0.015367  -0.004986   0.000749   0.000808  0.0000160  0.0000177    0.000619    0.000453
1991   7  26  48463   0.072871   0.571631   0.1948330   0.0010114  -0.014585  -0.004974   0.000656   0.000680  0.0000190  0.0000179    0.000664    0.000280
1991   7  27  48464   0.077660   0.570713   0.1937510   0.0011711  -0.013971  -0.004709   0.000552   0.000573  0.0000198  0.0000192    0.000581    0.000250
1991   7  28  48465   0.082143   0.570336   0.1924899   0.0013544  -0.014228  -0.004372   0.000497   0.000532  0.0000193  0.0000167    0.000461    0.000217
1991   7  29  48466   0.085230   0.570743   0.1910493   0.0015010  -0.015163  -0.004239   0.000459   0.000464  0.0000136  0.0000140    0.000446    0.000199
1991   7  30  48467   0.089332   0.570417   0.1895029   0.0015514  -0.015300  -0.004658   0.000358   0.000324  0.0000088  0.0000118    0.000534    0.000153
1991   7  31  48468   0.092887   0.569720   0.1879675   0.0015074  -0.014993  -0.005126   0.000390   0.000379  0.0000101  0.0000118    0.000620    0.000169
1991   8   1  48469   0.095528   0.568656   0.1865121   0.0014193  -0.014836  -0.005253   0.000508   0.000591  0.0000149  0.0000125    0.000589    0.000217
1991   8   2  48470   0.098323   0.567693   0.1851514   0.0013174  -0.014896  -0.005096   0.000615   0.000705  0.0000149  0.0000135    0.000500    0.000212
1991   8   3  48471   0.101517   0.567296   0.1838935   0.0011925  -0.015068  -0.004857   0.000443   0.000601  0.0000122  0.0000121    0.000446    0.000146
1991   8   4  48472   0.104714   0.565596   0.1827716   0.0010391  -0.015191  -0.004647   0.000286   0.000397  0.0000094  0.0000103    0.000412    0.000108
1991   8   5  48473   0.107708   0.563970   0.1818054   0.0008968  -0.015428  -0.004692   0.000245   0.000288  0.0000084  0.0000079    0.000387    0.000100
1991   8   6  48474   0.111118   0.563048   0.1809518   0.0008292  -0.015844  -0.004849   0.000266   0.000252  0.0000065  0.0000063    0.000329    0.000102
1991   8   7  48475   0.115215   0.561628   0.1801090   0.0008785  -0.016184  -0.004829   0.000226   0.000190  0.0000042  0.0000055    0.000264    0.000091
1991   8   8  48476   0.118697   0.560350   0.1791557   0.0010474  -0.016207  -0.004909   0.000211   0.000178  0.0000045  0.0000080    0.000283    0.000101
1991   8   9  48477   0.121503   0.559265   0.1779887   0.0013002  -0.016016  -0.004990   0.000441   0.000426  0.0000118  0.0000095    0.000454    0.000221
1991   8  10  48478   0.124705   0.557861   0.1765553   0.0015749  -0.015803  -0.004907   0.000495   0.000494  0.0000145  0.0000088    0.000469    0.000244
1991   8  11  48479   0.128712   0.556183   0.1748664   0.0018038  -0.015683  -0.004722   0.000382   0.000452  0.0000059  0.0000092    0.000311    0.000117
1991   8  12  48480   0.132968   0.554737   0.1729930   0.0019331  -0.015882  -0.004505   0.000213   0.000255  0.0000040  0.0000049    0.000232    0.000081
1991   8  13  48481   0.136757   0.553725   0.1710470   0.0019374  -0.016715  -0.004255   0.000151   0.000180  0.0000040  0.0000040    0.000232    0.000081
1991   8  14  48482   0.140071   0.552637   0.1691520   0.0018259  -0.018063  -0.004048   0.000176   0.000209  0.0000040  0.0000061    0.000234    0.000082
1991   8  15  48483   0.143140   0.550916   0.1674095   0.0016389  -0.019075  -0.004006   0.000670   0.000690  0.0000082  0.0000068    0.000330    0.000200
1991   8  16  48484   0.146292   0.548574   0.1658711   0.0014314  -0.018892  -0.004124   0.000432   0.000488  0.0000096  0.0000110    0.000359    0.000234
1991   8  17  48485   0.149798   0.546412   0.1645325   0.0012525  -0.017576  -0.004214   0.000464   0.000662  0.0000138  0.0000174    0.000479    0.000257
1991   8  18  48486   0.152753   0.544474   0.1633467   0.0011291  -0.016301  -0.004107   0.000700   0.001368  0.0000253  0.0000120    0.000706    0.000260
1991   8  19  48487   0.154720   0.542393   0.1622523   0.0010653  -0.016015  -0.003917   0.000424   0.000381  0.0000101  0.0000175    0.000518    0.000145
1991   8  20  48488   0.156695   0.540504   0.1611931   0.0010536  -0.016632  -0.003922   0.000345   0.000277  0.0000098  0.0000079    0.000507    0.000146
1991   8  21  48489   0.159192   0.538889   0.1601230   0.0010880  -0.017340  -0.004195   0.000304   0.000202  0.0000057  0.0000064    0.000431    0.000170
1991   8  22  48490   0.161413   0.536952   0.1589986   0.0011746  -0.017304  -0.004467   0.000188   0.000136  0.0000031  0.0000047    0.000289    0.000147
1991   8  23  48491   0.163708   0.534958   0.1577619   0.0013240  -0.016731  -0.004457   0.000239   0.000187  0.0000037  0.0000048    0.000318    0.000175
1991   8  24  48492   0.166547   0.532641   0.1563465   0.0015234  -0.016738  -0.004174   0.000440   0.000403  0.0000065  0.0000049    0.000412    0.000246
1991   8  25  48493   0.169803   0.530330   0.1547195   0.0017300  -0.017417  -0.003945   0.000360   0.000258  0.0000062  0.0000063    0.000248    0.000113
1991   8  26  48494   0.172396   0.528039   0.1528996   0.0019001  -0.017844  -0.004092   0.000256   0.000184  0.0000061  0.0000064    0.000250    0.000104
1991   8  27  48495   0.173992   0.525898   0.1509403   0.0020094  -0.017465  -0.004598   0.000280   0.000223  0.0000067  0.0000070    0.000322    0.000110
1991   8  28  48496   0.176402   0.524654   0.1489069   0.0020460  -0.017201  -0.005008   0.000350   0.000314  0.0000080  0.0000130    0.000491    0.000128
1991   8  29  48497   0.179609   0.522701   0.1468744   0.0020040  -0.017430  -0.005126   0.000805   0.000874  0.0000194  0.0000107    0.000660    0.000289
1991   8  30  48498   0.182294   0.520419   0.1449184   0.0018924  -0.018253  -0.004986   0.000504   0.000630  0.0000135  0.0000151    0.000515    0.000190
1991   8  31  48499   0.184410   0.518218   0.1430966   0.0017436  -0.018931  -0.004706   0.000409   0.000514  0.0000109  0.0000118    0.000455    0.000154
1991   9   1  48500   0.186664   0.516088   0.1414228   0.0016105  -0.019038  -0.004452   0.000620   0.000690  0.0000100  0.0000100    0.000393    0.000171
1991   9   2  48501   0.189444   0.513866   0.1398524   0.0015484  -0.018815  -0.004394   0.000565   0.000544  0.0000092  0.0000095    0.000326    0.000274
1991   9   3  48502   0.192535   0.511529   0.1382925   0.0015938  -0.018651  -0.004595   0.000428   0.000400  0.0000090  0.0000071    0.000326    0.000264
1991   9   4  48503   0.195289   0.509310   0.1366287   0.0017512  -0.018683  -0.004916   0.000248   0.000156  0.0000049  0.0000064    0.000302    0.000117
1991   9   5  48504   0.197899   0.507055   0.1347612   0.0019934  -0.018598  -0.005040   0.000200   0.000118  0.0000038  0.0000048    0.000292    0.000092
1991   9   6  48505   0.200893   0.504693   0.1326306   0.0022697  -0.018186  -0.004804   0.000234   0.000158  0.0000047  0.0000036    0.000335    0.000118
1991   9   7  48506   0.204220   0.502756   0.1302341   0.0025085  -0.017852  -0.004517   0.000181   0.000154  0.0000034  0.0000039    0.000286    0.000143
1991   9   8  48507   0.207165   0.500902   0.1276478   0.0026431  -0.017758  -0.004324   0.000211   0.000182  0.0000031  0.0000056    0.000280    0.000156
1991   9   9  48508   0.209787   0.498636   0.1249936   0.0026519  -0.017781  -0.004120   0.000402   0.000367  0.0000078  0.0000047    0.000515    0.000203
1991   9  10  48509   0.212526   0.496392   0.1223865   0.0025545  -0.017961  -0.003825   0.000293   0.000322  0.0000063  0.0000066    0.000319    0.000114
1991   9  11  48510   0.214490   0.494206   0.1199117   0.0023864  -0.018445  -0.003507   0.000348   0.000384  0.0000053  0.0000069    0.000266    0.000095
1991   9  12  48511   0.215421   0.491534   0.1176208   0.0021837  -0.019183  -0.003389   0.000458   0.000378  0.0000074  0.0000072    0.000381    0.000153
1991   9  13  48512   0.216470   0.489029   0.1155348   0.0019764  -0.019847  -0.003621   0.000355   0.000270  0.0000092  0.0000101    0.000464    0.000205
1991   9  14  48513   0.218349   0.487237   0.1136489   0.0017862  -0.020076  -0.004079   0.000380   0.000370  0.0000127  0.0000140    0.000546    0.000238
1991   9  15  48514   0.219825   0.484889   0.1119393   0.0016357  -0.019517  -0.004310   0.000388   0.000588  0.0000189  0.0000108    0.000628    0.000273
1991   9  16  48515   0.220764   0.481434   0.1103536   0.0015499  -0.018371  -0.004178   0.000277   0.000353  0.0000089  0.0000136    0.000475    0.000251
1991   9  17  48516   0.222653   0.477886   0.1088163   0.0015405  -0.017277  -0.003968   0.000323   0.000401  0.0000084  0.0000086    0.000461    0.000247
1991   9  18  48517   0.225617   0.474859   0.1072522   0.0015993  -0.016752  -0.003939   0.000437   0.000524  0.0000084  0.0000087    0.000459    0.000238
1991   9  19  48518   0.228225   0.471983   0.1056026   0.0017100  -0.016891  -0.004043   0.000385   0.000328  0.0000091  0.0000088    0.000396    0.000117
1991   9  20  48519   0.230061   0.469083   0.1038246   0.0018586  -0.017459  -0.004088   0.000343   0.000284  0.0000091  0.0000091    0.000394    0.000115
1991   9  21  48520   0.231451   0.466089   0.1018861   0.0020361  -0.018046  -0.003966   0.000343   0.000284  0.0000091  0.0000090    0.000394    0.000115
1991   9  22  48521   0.232912   0.463009   0.0997616   0.0022287  -0.018369  -0.003792   0.000276   0.000280  0.0000089  0.0000088    0.000371    0.000128
1991   9  23  48522   0.234753   0.459975   0.0974465   0.0024044  -0.018425  -0.003756   0.000227   0.000275  0.0000085  0.0000089    0.000345    0.000158
1991   9  24  48523   0.236976   0.457209   0.0949780   0.0025140  -0.018424  -0.003914   0.000245   0.000289  0.0000088  0.0000092    0.000370    0.000167
1991   9  25  48524   0.239376   0.454925   0.0924475   0.0025135  -0.018504  -0.004109   0.000397   0.000302  0.0000098  0.0000089    0.000493    0.000214
1991   9  26  48525   0.241806   0.452929   0.0899765   0.0024175  -0.018552  -0.004063   0.000553   0.000218  0.0000090  0.0000099    0.000418    0.000212
1991   9  27  48526   0.244357   0.449193   0.0876260   0.0022655  -0.018851  -0.003818   0.000408   0.000244  0.0000100  0.0000103    0.000425    0.000159
1991   9  28  48527   0.246104   0.445595   0.0854412   0.0020867  -0.018977  -0.003763   0.000490   0.000432  0.0000117  0.0000097    0.000473    0.000142
1991   9  29  48528   0.247466   0.442965   0.0834306   0.0019330  -0.018594  -0.003971   0.000798   0.000735  0.0000093  0.0000095    0.000396    0.000140
1991   9  30  48529   0.249138   0.440306   0.0815415   0.0018582  -0.017869  -0.004177   0.000230   0.000217  0.0000073  0.0000083    0.000323    0.000140
1991  10   1  48530   0.250489   0.437478   0.0796783   0.0018888  -0.017167  -0.004146   0.000221   0.000210  0.0000074  0.0000084    0.000323    0.000141
1991  10   2  48531   0.251094   0.434432   0.0777353   0.0020161  -0.016794  -0.003944   0.000428   0.000418  0.0000095  0.0000120    0.000400    0.000152
1991  10   3  48532   0.251576   0.430871   0.0756320   0.0022017  -0.016790  -0.003959   0.000630   0.000628  0.0000167  0.0000103    0.000603    0.000161
1991  10   4  48533   0.252175   0.426971   0.0733363   0.0023910  -0.017021  -0.004359   0.000373   0.000514  0.0000111  0.0000130    0.000485    0.000136
1991  10   5  48534   0.252717   0.423775   0.0708727   0.0025301  -0.017390  -0.004640   0.000311   0.000495  0.0000093  0.0000094    0.000433    0.000124
1991  10   6  48535   0.253393   0.421276   0.0683126   0.0025808  -0.017671  -0.004434   0.000242   0.000304  0.0000077  0.0000076    0.000311    0.000110
1991  10   7  48536   0.254663   0.418058   0.0657517   0.0025312  -0.017618  -0.003882   0.000156   0.000170  0.0000058  0.0000070    0.000214    0.000088
1991  10   8  48537   0.256661   0.413016   0.0632834   0.0023960  -0.017205  -0.003366   0.000169   0.000185  0.0000064  0.0000086    0.000233    0.000095
1991  10   9  48538   0.258757   0.407075   0.0609772   0.0022066  -0.016711  -0.003203   0.000282   0.000324  0.0000114  0.0000110    0.000414    0.000155
1991  10  10  48539   0.259695   0.403330   0.0588696   0.0019978  -0.016649  -0.003382   0.000430   0.000537  0.0000156  0.0000102    0.000828    0.000183
1991  10  11  48540   0.259637   0.401779   0.0569665   0.0017985  -0.016903  -0.003643   0.000253   0.000324  0.0000089  0.0000122    0.000592    0.000113
1991  10  12  48541   0.259721   0.399947   0.0552497   0.0016292  -0.016960  -0.003719   0.000248   0.000317  0.0000087  0.0000082    0.000580    0.000110
1991  10  13  48542   0.260252   0.396788   0.0536831   0.0015042  -0.016615  -0.003604   0.000405   0.000404  0.0000076  0.0000075    0.000325    0.000112
1991  10  14  48543   0.260693   0.392986   0.0522172   0.0014358  -0.016029  -0.003481   0.000334   0.000288  0.0000062  0.0000062    0.000234    0.000113
1991  10  15  48544   0.260651   0.389449   0.0507902   0.0014352  -0.015521  -0.003498   0.000216   0.000180  0.0000048  0.0000048    0.000234    0.000105
1991  10  16  48545   0.260593   0.385996   0.0493300   0.0015080  -0.015331  -0.003560   0.000150   0.000122  0.0000034  0.0000040    0.000238    0.000091
1991  10  17  48546   0.261201   0.382622   0.0477639   0.0016420  -0.015431  -0.003420   0.000144   0.000121  0.0000033  0.0000040    0.000264    0.000084
1991  10  18  48547   0.261954   0.379290   0.0460434   0.0018131  -0.015526  -0.003336   0.000191   0.000170  0.0000046  0.0000036    0.000351    0.000105
1991  10  19  48548   0.262019   0.376171   0.0441432   0.0019941  -0.015552  -0.003477   0.000151   0.000135  0.0000038  0.0000036    0.000320    0.000092
1991  10  20  48549   0.261628   0.373060   0.0420684   0.0021516  -0.015633  -0.003673   0.000109   0.000094  0.0000027  0.0000033    0.000216    0.000083
1991  10  21  48550   0.261485   0.370025   0.0398609   0.0022560  -0.015839  -0.003692   0.000115   0.000097  0.0000028  0.0000032    0.000204    0.000103
1991  10  22  48551   0.261419   0.366827   0.0375832   0.0022937  -0.015976  -0.003508   0.000175   0.000164  0.0000038  0.0000029    0.000243    0.000119
1991  10  23  48552   0.260957   0.362960   0.0353017   0.0022558  -0.015772  -0.003277   0.000156   0.000167  0.0000030  0.0000039    0.000198    0.000095
1991  10  24  48553   0.260682   0.359627   0.0330925   0.0021410  -0.015461  -0.003147   0.000182   0.000217  0.0000041  0.0000058    0.000252    0.000117
1991  10  25  48554   0.260320   0.356109   0.0310245   0.0019859  -0.015436  -0.003084   0.000317   0.000417  0.0000085  0.0000159    0.000463    0.000213
1991  10  26  48555   0.259747   0.352401   0.0291045   0.0018642  -0.015630  -0.003038   0.000836   0.001227  0.0000277  0.0000167    0.000766    0.000602
1991  10  27  48556   0.259175   0.349268   0.0272627   0.0018410  -0.015482  -0.003003   0.000657   0.000828  0.0000250  0.0000173    0.000592    0.000452
1991  10  28  48557   0.258854   0.346763   0.0253830   0.0019374  -0.014880  -0.002961   0.000223   0.000230  0.0000070  0.0000151    0.000260    0.000124
1991  10  29  48558   0.258843   0.344123   0.0233555   0.0021217  -0.014311  -0.002899   0.000226   0.000187  0.0000052  0.0000052    0.000241    0.000102
1991  10  30  48559   0.258923   0.340890   0.0211239   0.0023338  -0.014025  -0.002892   0.000183   0.000118  0.0000035  0.0000044    0.000233    0.000078
1991  10  31  48560   0.258881   0.337508   0.0186915   0.0025332  -0.013664  -0.003051   0.000163   0.000104  0.0000037  0.0000043    0.000256    0.000080
1991  11   1  48561   0.259302   0.334371   0.0160776   0.0026983  -0.013464  -0.003195   0.000200   0.000192  0.0000052  0.0000033    0.000341    0.000108
1991  11   2  48562   0.260664   0.331504   0.0133256   0.0027890  -0.013818  -0.003064   0.000131   0.000139  0.0000028  0.0000038    0.000242    0.000102
1991  11   3  48563   0.262069   0.328760   0.0105339   0.0027673  -0.014140  -0.002714   0.000111   0.000120  0.0000023  0.0000037    0.000206    0.000097
1991  11   4  48564   0.262726   0.326134   0.0078219   0.0026348  -0.014076  -0.002380   0.000173   0.000186  0.0000045  0.0000043    0.000211    0.000100
1991  11   5  48565   0.262859   0.323698   0.0052849   0.0024283  -0.013956  -0.002249   0.000206   0.000220  0.0000063  0.0000054    0.000213    0.000101
1991  11   6  48566   0.262853   0.321287   0.0029715   0.0022010  -0.014004  -0.002371   0.000344   0.000366  0.0000063  0.0000075    0.000215    0.000101
1991  11   7  48567   0.262600   0.318515   0.0008745   0.0020052  -0.013977  -0.002611   0.000638   0.000730  0.0000088  0.0000071    0.000351    0.000120
1991  11   8  48568   0.262102   0.315498  -0.0010583   0.0018736  -0.013577  -0.002751   0.000350   0.000388  0.0000080  0.0000074    0.000375    0.000128
1991  11   9  48569   0.261728   0.312821  -0.0028972   0.0018114  -0.012764  -0.002661   0.000378   0.000334  0.0000061  0.0000067    0.000410    0.000156
1991  11  10  48570   0.261136   0.309781  -0.0047058   0.0018106  -0.012201  -0.002414   0.000533   0.000416  0.0000054  0.0000088    0.000449    0.000197
1991  11  11  48571   0.259924   0.306148  -0.0065403   0.0018654  -0.012054  -0.002212   0.000799   0.000587  0.0000115  0.0000064    0.000720    0.000310
1991  11  12  48572   0.258891   0.303034  -0.0084538   0.0019689  -0.011902  -0.002195   0.000375   0.000236  0.0000075  0.0000077    0.000372    0.000172
1991  11  13  48573   0.258404   0.300822  -0.0104893   0.0021055  -0.011658  -0.002311   0.000193   0.000122  0.0000039  0.0000057    0.000197    0.000092
1991  11  14  48574   0.257556   0.298350  -0.0126690   0.0022546  -0.011828  -0.002394   0.000191   0.000126  0.0000040  0.0000054    0.000201    0.000089
1991  11  15  48575   0.256262   0.295427  -0.0149954   0.0023989  -0.012157  -0.002275   0.000288   0.000285  0.0000070  0.0000049    0.000365    0.000121
1991  11  16  48576   0.255056   0.292508  -0.0174567   0.0025268  -0.012121  -0.002014   0.000331   0.000259  0.0000058  0.0000061    0.000463    0.000152
1991  11  17  48577   0.253753   0.289063  -0.0200327   0.0026180  -0.011851  -0.002021   0.000352   0.000233  0.0000052  0.0000064    0.000542    0.000182
1991  11  18  48578   0.252439   0.285349  -0.0226710   0.0026395  -0.011798  -0.002332   0.000281   0.000274  0.0000071  0.0000063    0.000418    0.000129
1991  11  19  48579   0.251711   0.282391  -0.0252866   0.0025736  -0.012173  -0.002540   0.000346   0.000241  0.0000075  0.0000072    0.000348    0.000118
1991  11  20  48580   0.251716   0.279860  -0.0277949   0.0024332  -0.012709  -0.002395   0.000533   0.000150  0.0000073  0.0000070    0.000264    0.000108
1991  11  21  48581   0.251830   0.276499  -0.0301400   0.0022432  -0.012752  -0.002128   0.000379   0.000168  0.0000066  0.0000066    0.000330    0.000135
1991  11  22  48582   0.251075   0.273709  -0.0322870   0.0020632  -0.012151  -0.001941   0.000190   0.000270  0.0000058  0.0000060    0.000265    0.000104
1991  11  23  48583   0.249536   0.271733  -0.0342932   0.0019801  -0.011403  -0.001809   0.000154   0.000272  0.0000055  0.0000057    0.000215    0.000085
1991  11  24  48584   0.247944   0.269647  -0.0362877   0.0020377  -0.010983  -0.001681   0.000172   0.000236  0.0000056  0.0000057    0.000243    0.000093
1991  11  25  48585   0.246722   0.266776  -0.0384080   0.0022229  -0.010995  -0.001619   0.000279   0.000202  0.0000060  0.0000060    0.000398    0.000128
1991  11  26  48586   0.245826   0.262958  -0.0407566   0.0024812  -0.011192  -0.001739   0.000289   0.000214  0.0000063  0.0000073    0.000399    0.000129
1991  11  27  48587   0.244866   0.258720  -0.0433698   0.0027379  -0.011227  -0.001932   0.000356   0.000302  0.0000086  0.0000091    0.000429    0.000140
1991  11  28  48588   0.243537   0.254735  -0.0462102   0.0029157  -0.011043  -0.001822   0.000495   0.000464  0.0000119  0.0000118    0.000579    0.000191
1991  11  29  48589   0.242293   0.250940  -0.0491672   0.0029695  -0.010882  -0.001578   0.000698   0.000709  0.0000151  0.0000189    0.000851    0.000289
1991  11  30  48590   0.241467   0.247255  -0.0521140   0.0029055  -0.010911  -0.001391   0.001446   0.001283  0.0000260  0.0000219    0.001254    0.000522
1991  12   1  48591   0.240974   0.243890  -0.0549493   0.0027567  -0.011116  -0.001309   0.001272   0.001121  0.0000287  0.0000194    0.001065    0.000471
1991  12   2  48592   0.240540   0.241058  -0.0576091   0.0025635  -0.011355  -0.001284   0.000520   0.000535  0.0000129  0.0000197    0.000583    0.000225
1991  12   3  48593   0.240089   0.238640  -0.0600696   0.0023647  -0.011487  -0.001268   0.000442   0.000405  0.0000107  0.0000104    0.000495    0.000190
1991  12   4  48594   0.239431   0.236238  -0.0623434   0.0021899  -0.011465  -0.001297   0.000383   0.000226  0.0000080  0.0000073    0.000385    0.000175
1991  12   5  48595   0.238026   0.233730  -0.0644648   0.0020551  -0.011301  -0.001375   0.000196   0.000123  0.0000038  0.0000062    0.000193    0.000089
1991  12   6  48596   0.236850   0.231978  -0.0664760   0.0019606  -0.011279  -0.001491   0.000247   0.000163  0.0000043  0.0000059    0.000210    0.000099
1991  12   7  48597   0.235270   0.230596  -0.0684109   0.0019089  -0.011244  -0.001482   0.000590   0.000451  0.0000080  0.0000056    0.000324    0.000173
1991  12   8  48598   0.231957   0.228246  -0.0703167   0.0019159  -0.010882  -0.001301   0.000683   0.000706  0.0000069  0.0000064    0.000400    0.000208
1991  12   9  48599   0.227862   0.224641  -0.0722606   0.0019903  -0.010196  -0.001121   0.000243   0.000261  0.0000048  0.0000060    0.000450    0.000188
1991  12  10  48600   0.224764   0.220568  -0.0743090   0.0021181  -0.009541  -0.001128   0.000258   0.000269  0.0000050  0.0000048    0.000453    0.000202
1991  12  11  48601   0.222944   0.217073  -0.0765013   0.0022653  -0.009385  -0.001279   0.000250   0.000211  0.0000049  0.0000043    0.000301    0.000143
1991  12  12  48602   0.220848   0.214469  -0.0788370   0.0024027  -0.009856  -0.001290   0.000152   0.000126  0.0000036  0.0000046    0.000174    0.000077
1991  12  13  48603   0.219090   0.211689  -0.0812975   0.0025103  -0.010454  -0.000989   0.000171   0.000146  0.0000043  0.0000046    0.000193    0.000089
1991  12  14  48604   0.217679   0.209055  -0.0838432   0.0025748  -0.010483  -0.000728   0.000259   0.000243  0.0000057  0.0000043    0.000293    0.000150
1991  12  15  48605   0.215805   0.206909  -0.0864288   0.0025954  -0.010194  -0.000781   0.000359   0.000388  0.0000044  0.0000053    0.000524    0.000194
1991  12  16  48606   0.213277   0.204696  -0.0890133   0.0025712  -0.010321  -0.001022   0.000281   0.000355  0.0000049  0.0000046    0.000355    0.000168
1991  12  17  48607   0.211152   0.201980  -0.0915507   0.0024893  -0.010675  -0.001212   0.000160   0.000190  0.0000048  0.0000040    0.000237    0.000136
1991  12  18  48608   0.209939   0.198999  -0.0939768   0.0023378  -0.010809  -0.001186   0.000104   0.000100  0.0000030  0.0000039    0.000175    0.000097
1991  12  19  48609   0.208367   0.196628  -0.0962240   0.0021391  -0.010962  -0.000974   0.000091   0.000079  0.0000030  0.0000038    0.000201    0.000077
1991  12  20  48610   0.207424   0.194692  -0.0982715   0.0019622  -0.010735  -0.000882   0.000125   0.000105  0.0000045  0.0000043    0.000299    0.000098
1991  12  21  48611   0.206032   0.193061  -0.1001830   0.0018883  -0.009887  -0.000998   0.000240   0.000218  0.0000056  0.0000047    0.000437    0.000158
1991  12  22  48612   0.203579   0.191087  -0.1020907   0.0019515  -0.009025  -0.001169   0.000260   0.000255  0.0000049  0.0000067    0.000492    0.000161
1991  12  23  48613   0.200731   0.188577  -0.1041202   0.0021188  -0.008772  -0.001250   0.000359   0.000303  0.0000077  0.0000068    0.000441    0.000179
1991  12  24  48614   0.197806   0.186359  -0.1063391   0.0023260  -0.009108  -0.001246   0.000497   0.000412  0.0000086  0.0000083    0.000435    0.000182
1991  12  25  48615   0.195088   0.184744  -0.1087550   0.0025097  -0.009584  -0.001221   0.000871   0.000766  0.0000088  0.0000104    0.000436    0.000180
1991  12  26  48616   0.192831   0.183026  -0.1113209   0.0026174  -0.009838  -0.001108   0.000593   0.000509  0.0000122  0.0000105    0.000446    0.000148
1991  12  27  48617   0.191143   0.180371  -0.1139461   0.0026188  -0.009893  -0.000833   0.000602   0.000510  0.0000123  0.0000123    0.000446    0.000148
1991  12  28  48618   0.189924   0.176863  -0.1165226   0.0025171  -0.009944  -0.000532   0.000809   0.000674  0.0000123  0.0000112    0.000446    0.000148
1991  12  29  48619   0.188857   0.173800  -0.1189594   0.0023465  -0.010047  -0.000454   0.001152   0.000970  0.0000101  0.0000103    0.000526    0.000178
1991  12  30  48620   0.187552   0.171723  -0.1212098   0.0021547  -0.010166  -0.000676   0.000692   0.000724  0.0000084  0.0000092    0.000774    0.000285
1991  12  31  48621   0.185716   0.170217  -0.1232749   0.0019810  -0.010302  -0.001046   0.000684   0.000717  0.0000084  0.0000084    0.000775    0.000286
