

                   INTERNATIONAL EARTH ROTATION AND REFERENCE SYSTEMS SERVICE
                        EARTH ORIENTATION PARAMETERS
                          EOP (IERS) 08 C04

  
             FORMAT(3(I4),I7,2(F11.6),2(F12.7),2(F11.6),2(F11.6),2(F11.7),2F12.6)
**********************************************************************************
  
      Date      MJD      x          y        UT1-UTC       LOD         dPsi      dEps       x Err     y Err   UT1-UTC Err  LOD Err    dPsi Err   dEpsilon Err
                         "          "           s           s            "         "        "          "          s           s            "         "
     (0h UTC)

2001   1   1  51910  -0.073472   0.398135   0.0932292   0.0006649  -0.052265  -0.002106   0.000130   0.000133  0.0000160  0.0000072    0.000275    0.000089
2001   1   2  51911  -0.072640   0.399802   0.0924924   0.0007638  -0.052203  -0.002130   0.000124   0.000127  0.0000094  0.0000074    0.000260    0.000082
2001   1   3  51912  -0.071549   0.401814   0.0916637   0.0008557  -0.052331  -0.002188   0.000121   0.000121  0.0000029  0.0000077    0.000245    0.000075
2001   1   4  51913  -0.071047   0.403720   0.0907792   0.0009020  -0.052582  -0.002247   0.000122   0.000122  0.0000126  0.0000079    0.000242    0.000076
2001   1   5  51914  -0.070716   0.405264   0.0898754   0.0008820  -0.052707  -0.002157   0.000127   0.000128  0.0000276  0.0000082    0.000243    0.000080
2001   1   6  51915  -0.070383   0.406694   0.0890198   0.0008021  -0.052713  -0.001879   0.000128   0.000128  0.0000372  0.0000082    0.000244    0.000084
2001   1   7  51916  -0.070072   0.408059   0.0882966   0.0006472  -0.052893  -0.001639   0.000131   0.000132  0.0000258  0.0000079    0.000245    0.000088
2001   1   8  51917  -0.070203   0.409493   0.0877176   0.0004916  -0.053309  -0.001707   0.000130   0.000133  0.0000144  0.0000075    0.000246    0.000092
2001   1   9  51918  -0.070174   0.410820   0.0872401   0.0004382  -0.053561  -0.002028   0.000125   0.000127  0.0000029  0.0000074    0.000247    0.000096
2001   1  10  51919  -0.069863   0.412364   0.0868097   0.0004149  -0.053180  -0.002246   0.000123   0.000124  0.0000016  0.0000075    0.000241    0.000081
2001   1  11  51920  -0.069294   0.414033   0.0863912   0.0004537  -0.052737  -0.002204   0.000123   0.000124  0.0000013  0.0000075    0.000273    0.000099
2001   1  12  51921  -0.068449   0.416159   0.0858993   0.0005918  -0.052487  -0.002115   0.000124   0.000127  0.0000107  0.0000074    0.000283    0.000102
2001   1  13  51922  -0.067456   0.418225   0.0852398   0.0007461  -0.052597  -0.002167   0.000132   0.000136  0.0000201  0.0000078    0.000280    0.000096
2001   1  14  51923  -0.066448   0.420156   0.0843885   0.0008784  -0.052908  -0.002270   0.000130   0.000133  0.0000157  0.0000080    0.000278    0.000090
2001   1  15  51924  -0.065366   0.422039   0.0834209   0.0009395  -0.053103  -0.002226   0.000116   0.000119  0.0000112  0.0000078    0.000276    0.000084
2001   1  16  51925  -0.064000   0.423523   0.0824681   0.0009124  -0.052944  -0.002026   0.000112   0.000115  0.0000067  0.0000078    0.000273    0.000078
2001   1  17  51926  -0.062625   0.425095   0.0816440   0.0007758  -0.052421  -0.001830   0.000109   0.000111  0.0000023  0.0000077    0.000271    0.000072
2001   1  18  51927  -0.061464   0.426419   0.0809933   0.0005727  -0.051534  -0.001651   0.000106   0.000106  0.0000100  0.0000077    0.000280    0.000086
2001   1  19  51928  -0.060299   0.427982   0.0804913   0.0004021  -0.051130  -0.001593   0.000110   0.000111  0.0000225  0.0000077    0.000270    0.000089
2001   1  20  51929  -0.059198   0.429305   0.0801274   0.0002551  -0.051257  -0.001622   0.000118   0.000119  0.0000327  0.0000078    0.000249    0.000083
2001   1  21  51930  -0.058086   0.430408   0.0799407   0.0000798  -0.051547  -0.001755   0.000118   0.000118  0.0000228  0.0000080    0.000228    0.000077
2001   1  22  51931  -0.056733   0.431217   0.0799247  -0.0000380  -0.051758  -0.002022   0.000109   0.000108  0.0000129  0.0000081    0.000207    0.000071
2001   1  23  51932  -0.055322   0.432542   0.0800129  -0.0000702  -0.051832  -0.002319   0.000107   0.000105  0.0000030  0.0000086    0.000186    0.000065
2001   1  24  51933  -0.054023   0.434316   0.0801043  -0.0000511  -0.051643  -0.002419   0.000108   0.000107  0.0000016  0.0000090    0.000243    0.000087
2001   1  25  51934  -0.052217   0.436044   0.0801109   0.0000485  -0.051633  -0.002390   0.000107   0.000107  0.0000013  0.0000088    0.000266    0.000091
2001   1  26  51935  -0.050441   0.437996   0.0800062   0.0001770  -0.051850  -0.002326   0.000107   0.000105  0.0000272  0.0000084    0.000237    0.000079
2001   1  27  51936  -0.049110   0.439784   0.0797680   0.0002961  -0.052153  -0.002340   0.000112   0.000111  0.0000524  0.0000083    0.000196    0.000066
2001   1  28  51937  -0.047525   0.441587   0.0793772   0.0004515  -0.052367  -0.002427   0.000120   0.000119  0.0000355  0.0000083    0.000155    0.000052
2001   1  29  51938  -0.045528   0.443481   0.0788594   0.0005584  -0.052336  -0.002491   0.000120   0.000118  0.0000187  0.0000079    0.000114    0.000038
2001   1  30  51939  -0.043687   0.444913   0.0782764   0.0005977  -0.052065  -0.002503   0.000107   0.000108  0.0000018  0.0000079    0.000073    0.000024
2001   1  31  51940  -0.042020   0.446382   0.0777007   0.0005421  -0.051570  -0.002523   0.000111   0.000112  0.0000011  0.0000079    0.000232    0.000075
2001   2   1  51941  -0.040691   0.447232   0.0771894   0.0004673  -0.051219  -0.002578   0.000121   0.000120  0.0000075  0.0000078    0.000271    0.000087
2001   2   2  51942  -0.039000   0.448056   0.0767753   0.0003683  -0.050983  -0.002543   0.000117   0.000116  0.0000190  0.0000077    0.000264    0.000084
2001   2   3  51943  -0.037685   0.448840   0.0764819   0.0002105  -0.050976  -0.002326   0.000119   0.000118  0.0000370  0.0000077    0.000257    0.000081
2001   2   4  51944  -0.036054   0.449536   0.0763270   0.0000702  -0.051499  -0.002099   0.000125   0.000124  0.0000259  0.0000082    0.000250    0.000078
2001   2   5  51945  -0.034031   0.450485   0.0762889  -0.0000011  -0.052529  -0.002185   0.000126   0.000128  0.0000147  0.0000085    0.000243    0.000075
2001   2   6  51946  -0.032100   0.451808   0.0762842   0.0000434  -0.053433  -0.002638   0.000121   0.000123  0.0000036  0.0000083    0.000236    0.000072
2001   2   7  51947  -0.030369   0.453143   0.0761779   0.0002141  -0.053505  -0.003145   0.000119   0.000119  0.0000016  0.0000081    0.000299    0.000093
2001   2   8  51948  -0.028421   0.454715   0.0758341   0.0004657  -0.052680  -0.003297   0.000117   0.000117  0.0000012  0.0000079    0.000249    0.000082
2001   2   9  51949  -0.026556   0.456387   0.0751951   0.0007352  -0.051727  -0.003199   0.000117   0.000119  0.0000144  0.0000079    0.000225    0.000076
2001   2  10  51950  -0.024722   0.457675   0.0743206   0.0009633  -0.051199  -0.003087   0.000128   0.000130  0.0000274  0.0000080    0.000226    0.000076
2001   2  11  51951  -0.023382   0.459171   0.0733052   0.0010824  -0.051197  -0.002992   0.000144   0.000145  0.0000190  0.0000081    0.000227    0.000076
2001   2  12  51952  -0.022405   0.459867   0.0721970   0.0011275  -0.051526  -0.002800   0.000145   0.000149  0.0000107  0.0000080    0.000228    0.000076
2001   2  13  51953  -0.020845   0.460773   0.0710390   0.0011204  -0.051895  -0.002544   0.000133   0.000137  0.0000023  0.0000078    0.000229    0.000076
2001   2  14  51954  -0.019265   0.462082   0.0699199   0.0010201  -0.052014  -0.002474   0.000126   0.000130  0.0000015  0.0000077    0.000261    0.000080
2001   2  15  51955  -0.017606   0.463385   0.0689742   0.0008707  -0.052062  -0.002563   0.000124   0.000130  0.0000039  0.0000077    0.000411    0.000165
2001   2  16  51956  -0.015935   0.464781   0.0681255   0.0007328  -0.052191  -0.002786   0.000126   0.000131  0.0000129  0.0000076    0.000459    0.000187
2001   2  17  51957  -0.014018   0.466024   0.0673597   0.0006153  -0.052378  -0.002965   0.000132   0.000136  0.0000208  0.0000077    0.000456    0.000176
2001   2  18  51958  -0.012285   0.467268   0.0667353   0.0005654  -0.052370  -0.003058   0.000126   0.000128  0.0000152  0.0000077    0.000453    0.000165
2001   2  19  51959  -0.010511   0.468372   0.0661923   0.0005676  -0.051975  -0.003150   0.000113   0.000114  0.0000096  0.0000076    0.000450    0.000153
2001   2  20  51960  -0.008296   0.469476   0.0656213   0.0006102  -0.051351  -0.003263   0.000109   0.000110  0.0000040  0.0000077    0.000447    0.000142
2001   2  21  51961  -0.005512   0.470937   0.0649651   0.0006495  -0.050704  -0.003335   0.000109   0.000111  0.0000021  0.0000078    0.000305    0.000097
2001   2  22  51962  -0.002318   0.472197   0.0642684   0.0007252  -0.050665  -0.003210   0.000106   0.000108  0.0000011  0.0000079    0.000233    0.000074
2001   2  23  51963   0.001039   0.474119   0.0634734   0.0008643  -0.051051  -0.002992   0.000108   0.000110  0.0000097  0.0000081    0.000247    0.000075
2001   2  24  51964   0.004073   0.475879   0.0625094   0.0010232  -0.051596  -0.002853   0.000115   0.000118  0.0000191  0.0000082    0.000282    0.000082
2001   2  25  51965   0.006868   0.477557   0.0613677   0.0011918  -0.052074  -0.002886   0.000115   0.000118  0.0000177  0.0000084    0.000318    0.000089
2001   2  26  51966   0.009470   0.478863   0.0600735   0.0013578  -0.052295  -0.003064   0.000108   0.000111  0.0000164  0.0000084    0.000353    0.000096
2001   2  27  51967   0.012011   0.480196   0.0586721   0.0014557  -0.052160  -0.003316   0.000103   0.000107  0.0000134  0.0000086    0.000388    0.000103
2001   2  28  51968   0.014343   0.481211   0.0572139   0.0014576  -0.051521  -0.003646   0.000102   0.000106  0.0000043  0.0000089    0.000303    0.000096
2001   3   1  51969   0.016226   0.482317   0.0557613   0.0013799  -0.050994  -0.003908   0.000099   0.000104  0.0000118  0.0000088    0.000260    0.000088
2001   3   2  51970   0.017242   0.482825   0.0544303   0.0012362  -0.050679  -0.004035   0.000100   0.000104  0.0000215  0.0000084    0.000239    0.000082
2001   3   3  51971   0.018500   0.483352   0.0532772   0.0011056  -0.050610  -0.003991   0.000103   0.000106  0.0000180  0.0000082    0.000218    0.000075
2001   3   4  51972   0.020333   0.483910   0.0522394   0.0010075  -0.050864  -0.003874   0.000109   0.000110  0.0000126  0.0000083    0.000198    0.000069
2001   3   5  51973   0.022687   0.484671   0.0512777   0.0009344  -0.051386  -0.003898   0.000110   0.000112  0.0000073  0.0000084    0.000177    0.000062
2001   3   6  51974   0.024494   0.485404   0.0503440   0.0009578  -0.051854  -0.004147   0.000103   0.000105  0.0000019  0.0000082    0.000156    0.000056
2001   3   7  51975   0.026453   0.485540   0.0493423   0.0011173  -0.051780  -0.004486   0.000100   0.000101  0.0000014  0.0000080    0.000305    0.000095
2001   3   8  51976   0.028743   0.485675   0.0481255   0.0013205  -0.051316  -0.004618   0.000104   0.000103  0.0000013  0.0000080    0.000268    0.000084
2001   3   9  51977   0.031128   0.485598   0.0466939   0.0015275  -0.050687  -0.004575   0.000106   0.000104  0.0000085  0.0000079    0.000211    0.000068
2001   3  10  51978   0.033384   0.485457   0.0451293   0.0016333  -0.050262  -0.004533   0.000110   0.000108  0.0000157  0.0000079    0.000176    0.000057
2001   3  11  51979   0.035575   0.485617   0.0435097   0.0016401  -0.050197  -0.004526   0.000108   0.000105  0.0000107  0.0000080    0.000141    0.000047
2001   3  12  51980   0.038026   0.485670   0.0419177   0.0015395  -0.050407  -0.004440   0.000100   0.000100  0.0000058  0.0000078    0.000106    0.000037
2001   3  13  51981   0.040986   0.485851   0.0404506   0.0013387  -0.050705  -0.004262   0.000089   0.000090  0.0000009  0.0000078    0.000071    0.000027
2001   3  14  51982   0.043880   0.486198   0.0392174   0.0010917  -0.050984  -0.004187   0.000090   0.000089  0.0000012  0.0000076    0.000212    0.000066
2001   3  15  51983   0.046455   0.486616   0.0383017   0.0008282  -0.051074  -0.004333   0.000097   0.000095  0.0000113  0.0000075    0.000249    0.000075
2001   3  16  51984   0.048670   0.486688   0.0376010   0.0006412  -0.051120  -0.004629   0.000096   0.000095  0.0000201  0.0000076    0.000247    0.000073
2001   3  17  51985   0.051051   0.487249   0.0369914   0.0005325  -0.051186  -0.004865   0.000101   0.000098  0.0000125  0.0000075    0.000245    0.000070
2001   3  18  51986   0.053578   0.487501   0.0364868   0.0004545  -0.051106  -0.004932   0.000104   0.000100  0.0000090  0.0000075    0.000243    0.000068
2001   3  19  51987   0.056332   0.487927   0.0360629   0.0004238  -0.050720  -0.004894   0.000102   0.000098  0.0000055  0.0000076    0.000241    0.000065
2001   3  20  51988   0.059118   0.488602   0.0356496   0.0004596  -0.050137  -0.004850   0.000098   0.000094  0.0000020  0.0000076    0.000238    0.000063
2001   3  21  51989   0.061700   0.489097   0.0351654   0.0005434  -0.049812  -0.004849   0.000096   0.000092  0.0000019  0.0000078    0.000404    0.000124
2001   3  22  51990   0.064561   0.489235   0.0345710   0.0006455  -0.049556  -0.004702   0.000101   0.000096  0.0000013  0.0000078    0.000289    0.000089
2001   3  23  51991   0.067348   0.489619   0.0338844   0.0007452  -0.049543  -0.004502   0.000104   0.000100  0.0000083  0.0000077    0.000235    0.000073
2001   3  24  51992   0.070268   0.490170   0.0330955   0.0008443  -0.049657  -0.004355   0.000108   0.000103  0.0000153  0.0000078    0.000237    0.000075
2001   3  25  51993   0.073356   0.490646   0.0321738   0.0009687  -0.049812  -0.004359   0.000116   0.000108  0.0000110  0.0000080    0.000239    0.000077
2001   3  26  51994   0.076359   0.491037   0.0311327   0.0010798  -0.050015  -0.004530   0.000118   0.000108  0.0000066  0.0000078    0.000241    0.000079
2001   3  27  51995   0.079205   0.491296   0.0300312   0.0010954  -0.050225  -0.004781   0.000113   0.000105  0.0000023  0.0000077    0.000244    0.000081
2001   3  28  51996   0.081755   0.491313   0.0289474   0.0010336  -0.050397  -0.004979   0.000110   0.000103  0.0000013  0.0000078    0.000254    0.000085
2001   3  29  51997   0.084060   0.491207   0.0279398   0.0009317  -0.050539  -0.005100   0.000110   0.000103  0.0000015  0.0000080    0.000264    0.000092
2001   3  30  51998   0.086315   0.491080   0.0270519   0.0008201  -0.050611  -0.005132   0.000113   0.000106  0.0000048  0.0000083    0.000275    0.000092
2001   3  31  51999   0.088581   0.490434   0.0262799   0.0007103  -0.050619  -0.005138   0.000119   0.000112  0.0000080  0.0000084    0.000287    0.000091
2001   4   1  52000   0.090638   0.489890   0.0255821   0.0006471  -0.050492  -0.005197   0.000114   0.000109  0.0000061  0.0000084    0.000298    0.000089
2001   4   2  52001   0.092737   0.489289   0.0249092   0.0006564  -0.050184  -0.005340   0.000106   0.000103  0.0000043  0.0000083    0.000309    0.000088
2001   4   3  52002   0.094806   0.488997   0.0241941   0.0007449  -0.049762  -0.005515   0.000102   0.000099  0.0000024  0.0000081    0.000321    0.000086
2001   4   4  52003   0.096916   0.488394   0.0233503   0.0009312  -0.049567  -0.005602   0.000099   0.000097  0.0000017  0.0000084    0.000260    0.000086
2001   4   5  52004   0.099134   0.487461   0.0222918   0.0011549  -0.049260  -0.005606   0.000099   0.000097  0.0000013  0.0000085    0.000258    0.000087
2001   4   6  52005   0.101569   0.486809   0.0210325   0.0013462  -0.049213  -0.005554   0.000100   0.000099  0.0000036  0.0000084    0.000234    0.000077
2001   4   7  52006   0.104305   0.486579   0.0196181   0.0014775  -0.049404  -0.005568   0.000103   0.000101  0.0000058  0.0000084    0.000195    0.000064
2001   4   8  52007   0.106731   0.486478   0.0181285   0.0014593  -0.049665  -0.005648   0.000102   0.000099  0.0000041  0.0000083    0.000156    0.000051
2001   4   9  52008   0.108469   0.485905   0.0167115   0.0012858  -0.049893  -0.005664   0.000099   0.000097  0.0000024  0.0000079    0.000116    0.000038
2001   4  10  52009   0.110496   0.484949   0.0155032   0.0010632  -0.050061  -0.005554   0.000089   0.000090  0.0000007  0.0000079    0.000077    0.000024
2001   4  11  52010   0.112981   0.484061   0.0145570   0.0008208  -0.050169  -0.005441   0.000087   0.000089  0.0000011  0.0000079    0.000184    0.000068
2001   4  12  52011   0.115916   0.483302   0.0138212   0.0006183  -0.050334  -0.005464   0.000094   0.000094  0.0000149  0.0000079    0.000208    0.000077
2001   4  13  52012   0.118630   0.482959   0.0132913   0.0004387  -0.050560  -0.005634   0.000093   0.000093  0.0000281  0.0000079    0.000195    0.000072
2001   4  14  52013   0.120928   0.482197   0.0129429   0.0003128  -0.050743  -0.005814   0.000093   0.000094  0.0000211  0.0000077    0.000182    0.000066
2001   4  15  52014   0.123752   0.481227   0.0126447   0.0003065  -0.050681  -0.005883   0.000092   0.000092  0.0000148  0.0000077    0.000169    0.000060
2001   4  16  52015   0.126567   0.480446   0.0122969   0.0003878  -0.050238  -0.005852   0.000088   0.000089  0.0000084  0.0000076    0.000156    0.000054
2001   4  17  52016   0.129683   0.479426   0.0118367   0.0005398  -0.049550  -0.005808   0.000081   0.000084  0.0000021  0.0000075    0.000143    0.000049
2001   4  18  52017   0.132953   0.478718   0.0112257   0.0007086  -0.048815  -0.005793   0.000083   0.000087  0.0000013  0.0000075    0.000217    0.000075
2001   4  19  52018   0.136329   0.478227   0.0104306   0.0008589  -0.048782  -0.005714   0.000083   0.000086  0.0000012  0.0000076    0.000245    0.000083
2001   4  20  52019   0.139490   0.477809   0.0095287   0.0009571  -0.049137  -0.005553   0.000080   0.000082  0.0000128  0.0000075    0.000243    0.000081
2001   4  21  52020   0.142393   0.477022   0.0085662   0.0010188  -0.049618  -0.005356   0.000085   0.000087  0.0000246  0.0000077    0.000237    0.000080
2001   4  22  52021   0.144997   0.476159   0.0075558   0.0010286  -0.050023  -0.005243   0.000090   0.000092  0.0000200  0.0000080    0.000232    0.000079
2001   4  23  52022   0.147402   0.475449   0.0065669   0.0009523  -0.050222  -0.005313   0.000088   0.000090  0.0000155  0.0000078    0.000226    0.000077
2001   4  24  52023   0.149377   0.474815   0.0056642   0.0008686  -0.050219  -0.005548   0.000083   0.000085  0.0000103  0.0000076    0.000221    0.000076
2001   4  25  52024   0.151128   0.473810   0.0048439   0.0008230  -0.050118  -0.005817   0.000081   0.000083  0.0000030  0.0000075    0.000216    0.000075
2001   4  26  52025   0.153560   0.472384   0.0040552   0.0007335  -0.050090  -0.005986   0.000083   0.000085  0.0000139  0.0000076    0.000216    0.000075
2001   4  27  52026   0.155834   0.471225   0.0033755   0.0006107  -0.050234  -0.006020   0.000085   0.000088  0.0000265  0.0000076    0.000217    0.000075
2001   4  28  52027   0.157896   0.469639   0.0028310   0.0005411  -0.050472  -0.005994   0.000087   0.000089  0.0000224  0.0000079    0.000219    0.000076
2001   4  29  52028   0.159668   0.468194   0.0022593   0.0005824  -0.050568  -0.006010   0.000093   0.000095  0.0000216  0.0000081    0.000221    0.000076
2001   4  30  52029   0.161471   0.466416   0.0015600   0.0007495  -0.050304  -0.006093   0.000095   0.000099  0.0000208  0.0000079    0.000222    0.000077
2001   5   1  52030   0.163387   0.464499   0.0006996   0.0009410  -0.049705  -0.006166   0.000094   0.000097  0.0000183  0.0000077    0.000224    0.000078
2001   5   2  52031   0.165151   0.462674  -0.0003380   0.0011330  -0.049071  -0.006132   0.000090   0.000093  0.0000049  0.0000075    0.000225    0.000078
2001   5   3  52032   0.167198   0.461366  -0.0015879   0.0013264  -0.048701  -0.006007   0.000086   0.000089  0.0000013  0.0000075    0.000249    0.000086
2001   5   4  52033   0.169542   0.460287  -0.0030443   0.0014907  -0.048921  -0.005840   0.000089   0.000092  0.0000119  0.0000075    0.000275    0.000095
2001   5   5  52034   0.171764   0.458630  -0.0046085   0.0015628  -0.049570  -0.005753   0.000091   0.000094  0.0000223  0.0000075    0.000298    0.000103
2001   5   6  52035   0.173684   0.456706  -0.0061385   0.0014685  -0.050277  -0.005773   0.000087   0.000089  0.0000161  0.0000076    0.000322    0.000112
2001   5   7  52036   0.175734   0.454575  -0.0075314   0.0012751  -0.050744  -0.005827   0.000082   0.000084  0.0000098  0.0000076    0.000346    0.000121
2001   5   8  52037   0.178453   0.452336  -0.0087369   0.0010780  -0.050891  -0.005853   0.000080   0.000082  0.0000036  0.0000077    0.000370    0.000130
2001   5   9  52038   0.181193   0.450185  -0.0097410   0.0008775  -0.050775  -0.005970   0.000080   0.000083  0.0000015  0.0000079    0.000236    0.000088
2001   5  10  52039   0.183890   0.448016  -0.0105414   0.0006976  -0.050689  -0.005975   0.000078   0.000081  0.0000008  0.0000079    0.000119    0.000040
2001   5  11  52040   0.186504   0.445842  -0.0111895   0.0005970  -0.050672  -0.006031   0.000077   0.000081  0.0000084  0.0000077    0.000115    0.000036
2001   5  12  52041   0.189208   0.444164  -0.0117577   0.0005704  -0.050657  -0.006108   0.000081   0.000086  0.0000161  0.0000075    0.000146    0.000046
2001   5  13  52042   0.191399   0.442664  -0.0123193   0.0005950  -0.050565  -0.006151   0.000084   0.000089  0.0000115  0.0000073    0.000177    0.000056
2001   5  14  52043   0.193311   0.440929  -0.0129501   0.0006851  -0.050362  -0.006188   0.000084   0.000088  0.0000069  0.0000071    0.000208    0.000067
2001   5  15  52044   0.194963   0.438771  -0.0136995   0.0008137  -0.050103  -0.006262   0.000080   0.000085  0.0000023  0.0000072    0.000239    0.000077
2001   5  16  52045   0.196814   0.436454  -0.0145740   0.0009352  -0.049904  -0.006381   0.000080   0.000083  0.0000015  0.0000072    0.000241    0.000087
2001   5  17  52046   0.198640   0.433772  -0.0155394   0.0010422  -0.050016  -0.006408   0.000080   0.000083  0.0000012  0.0000072    0.000219    0.000079
2001   5  18  52047   0.200838   0.430864  -0.0165998   0.0011300  -0.050478  -0.006252   0.000080   0.000083  0.0000037  0.0000073    0.000287    0.000104
2001   5  19  52048   0.203241   0.428105  -0.0177336   0.0011698  -0.051175  -0.005968   0.000084   0.000087  0.0000063  0.0000073    0.000389    0.000145
2001   5  20  52049   0.205217   0.425340  -0.0188748   0.0011447  -0.051845  -0.005727   0.000090   0.000093  0.0000048  0.0000074    0.000351    0.000128
2001   5  21  52050   0.206953   0.422665  -0.0199547   0.0010457  -0.052163  -0.005633   0.000091   0.000095  0.0000033  0.0000072    0.000300    0.000106
2001   5  22  52051   0.208880   0.420326  -0.0209088   0.0008940  -0.052074  -0.005735   0.000090   0.000093  0.0000019  0.0000075    0.000250    0.000084
2001   5  23  52052   0.210539   0.418228  -0.0216834   0.0006790  -0.051689  -0.005997   0.000088   0.000091  0.0000012  0.0000080    0.000209    0.000074
2001   5  24  52053   0.211954   0.415694  -0.0222446   0.0004741  -0.051439  -0.006213   0.000089   0.000092  0.0000015  0.0000080    0.000230    0.000087
2001   5  25  52054   0.213383   0.413279  -0.0226059   0.0003016  -0.051365  -0.006280   0.000090   0.000093  0.0000020  0.0000077    0.000271    0.000106
2001   5  26  52055   0.214689   0.410533  -0.0228334   0.0001929  -0.051332  -0.006211   0.000092   0.000094  0.0000020  0.0000077    0.000270    0.000105
2001   5  27  52056   0.215945   0.407510  -0.0230237   0.0001902  -0.051280  -0.006085   0.000104   0.000106  0.0000019  0.0000119    0.000266    0.000103
2001   5  28  52057   0.217377   0.404626  -0.0232714   0.0002942  -0.051196  -0.006022   0.000114   0.000114  0.0000019  0.0000151    0.000262    0.000101
2001   5  29  52058   0.219080   0.401974  -0.0236390   0.0004512  -0.051105  -0.006061   0.000113   0.000114  0.0000018  0.0000144    0.000257    0.000099
2001   5  30  52059   0.221022   0.399338  -0.0241422   0.0005670  -0.051058  -0.006137   0.000110   0.000112  0.0000018  0.0000141    0.000253    0.000097
2001   5  31  52060   0.222906   0.396795  -0.0247516   0.0006291  -0.051156  -0.006195   0.000106   0.000107  0.0000013  0.0000139    0.000267    0.000093
2001   6   1  52061   0.224490   0.394193  -0.0254055   0.0006326  -0.051475  -0.006174   0.000110   0.000110  0.0000012  0.0000138    0.000273    0.000094
2001   6   2  52062   0.225873   0.391492  -0.0260242   0.0005766  -0.052000  -0.006106   0.000115   0.000115  0.0000013  0.0000143    0.000273    0.000097
2001   6   3  52063   0.227348   0.388590  -0.0265243   0.0004092  -0.052547  -0.006020   0.000105   0.000108  0.0000014  0.0000146    0.000272    0.000099
2001   6   4  52064   0.228771   0.385699  -0.0268353   0.0001800  -0.052855  -0.005931   0.000088   0.000092  0.0000015  0.0000135    0.000272    0.000102
2001   6   5  52065   0.230514   0.382722  -0.0269152  -0.0000293  -0.052805  -0.005868   0.000083   0.000087  0.0000016  0.0000130    0.000272    0.000104
2001   6   6  52066   0.232499   0.380078  -0.0267612  -0.0002457  -0.052545  -0.005922   0.000083   0.000087  0.0000014  0.0000132    0.000234    0.000086
2001   6   7  52067   0.234464   0.377418  -0.0264128  -0.0004197  -0.052248  -0.005959   0.000081   0.000087  0.0000088  0.0000130    0.000388    0.000125
2001   6   8  52068   0.236522   0.374864  -0.0259404  -0.0005069  -0.052141  -0.005982   0.000085   0.000090  0.0000168  0.0000129    0.000429    0.000135
2001   6   9  52069   0.238005   0.372650  -0.0254397  -0.0004989  -0.052221  -0.005966   0.000087   0.000092  0.0000165  0.0000134    0.000392    0.000121
2001   6  10  52070   0.239208   0.370215  -0.0250096  -0.0003947  -0.052419  -0.005934   0.000086   0.000091  0.0000122  0.0000140    0.000354    0.000108
2001   6  11  52071   0.240208   0.367568  -0.0247035  -0.0002387  -0.052673  -0.005972   0.000086   0.000090  0.0000079  0.0000136    0.000317    0.000095
2001   6  12  52072   0.241085   0.364736  -0.0245360  -0.0001139  -0.052894  -0.006114   0.000086   0.000088  0.0000035  0.0000135    0.000279    0.000082
2001   6  13  52073   0.242040   0.361720  -0.0245002   0.0000095  -0.053065  -0.006349   0.000087   0.000090  0.0000020  0.0000137    0.000280    0.000097
2001   6  14  52074   0.243257   0.358583  -0.0245867   0.0000903  -0.053046  -0.006405   0.000086   0.000088  0.0000014  0.0000134    0.000255    0.000095
2001   6  15  52075   0.244879   0.355436  -0.0247272   0.0001328  -0.053476  -0.006332   0.000086   0.000087  0.0000066  0.0000133    0.000232    0.000090
2001   6  16  52076   0.246352   0.352460  -0.0248864   0.0001792  -0.054419  -0.006170   0.000091   0.000093  0.0000124  0.0000140    0.000214    0.000087
2001   6  17  52077   0.247364   0.349696  -0.0250719   0.0002025  -0.055464  -0.005961   0.000097   0.000099  0.0000123  0.0000144    0.000195    0.000084
2001   6  18  52078   0.248272   0.346689  -0.0252635   0.0001654  -0.056059  -0.005746   0.000096   0.000098  0.0000123  0.0000136    0.000176    0.000081
2001   6  19  52079   0.248636   0.343719  -0.0254059   0.0000758  -0.055981  -0.005586   0.000094   0.000095  0.0000107  0.0000132    0.000158    0.000078
2001   6  20  52080   0.248393   0.340881  -0.0254353  -0.0000535  -0.055260  -0.005538   0.000093   0.000093  0.0000035  0.0000137    0.000272    0.000099
2001   6  21  52081   0.248357   0.337827  -0.0253304  -0.0001397  -0.054800  -0.005713   0.000094   0.000095  0.0000015  0.0000141    0.000242    0.000082
2001   6  22  52082   0.248525   0.335053  -0.0251612  -0.0001569  -0.054576  -0.005926   0.000095   0.000097  0.0000095  0.0000140    0.000238    0.000078
2001   6  23  52083   0.248737   0.332004  -0.0249983  -0.0001679  -0.054441  -0.006001   0.000097   0.000097  0.0000171  0.0000142    0.000261    0.000084
2001   6  24  52084   0.249023   0.328938  -0.0248961  -0.0000950  -0.054393  -0.005918   0.000109   0.000107  0.0000123  0.0000145    0.000284    0.000090
2001   6  25  52085   0.249569   0.325933  -0.0249276   0.0000901  -0.054528  -0.005814   0.000115   0.000114  0.0000074  0.0000139    0.000307    0.000095
2001   6  26  52086   0.250536   0.322761  -0.0251603   0.0003337  -0.054816  -0.005803   0.000110   0.000109  0.0000026  0.0000134    0.000331    0.000101
2001   6  27  52087   0.251345   0.319894  -0.0256147   0.0005438  -0.055118  -0.005908   0.000112   0.000111  0.0000016  0.0000137    0.000319    0.000103
2001   6  28  52088   0.252048   0.317043  -0.0262343   0.0006020  -0.054967  -0.005873   0.000114   0.000112  0.0000014  0.0000137    0.000291    0.000103
2001   6  29  52089   0.252444   0.314122  -0.0268459   0.0005493  -0.054727  -0.005807   0.000110   0.000110  0.0000106  0.0000135    0.000280    0.000099
2001   6  30  52090   0.253016   0.310800  -0.0273298   0.0004255  -0.054681  -0.005746   0.000113   0.000112  0.0000195  0.0000139    0.000276    0.000094
2001   7   1  52091   0.253834   0.307795  -0.0276560   0.0002142  -0.054996  -0.005689   0.000110   0.000110  0.0000139  0.0000141    0.000272    0.000090
2001   7   2  52092   0.254061   0.304527  -0.0278067   0.0000462  -0.055605  -0.005650   0.000098   0.000098  0.0000084  0.0000131    0.000268    0.000085
2001   7   3  52093   0.253811   0.301314  -0.0277772  -0.0001089  -0.056220  -0.005678   0.000091   0.000092  0.0000028  0.0000124    0.000264    0.000080
2001   7   4  52094   0.254233   0.298281  -0.0275909  -0.0002496  -0.056689  -0.005824   0.000089   0.000090  0.0000024  0.0000124    0.000292    0.000084
2001   7   5  52095   0.254350   0.295710  -0.0273144  -0.0003114  -0.056753  -0.006031   0.000090   0.000091  0.0000019  0.0000125    0.000213    0.000061
2001   7   6  52096   0.253849   0.292989  -0.0270114  -0.0002997  -0.056569  -0.006188   0.000088   0.000090  0.0000007  0.0000129    0.000091    0.000027
2001   7   7  52097   0.253566   0.290214  -0.0267265  -0.0002802  -0.056372  -0.006228   0.000089   0.000090  0.0000006  0.0000134    0.000113    0.000034
2001   7   8  52098   0.252752   0.287507  -0.0264982  -0.0002051  -0.056323  -0.006146   0.000099   0.000100  0.0000007  0.0000149    0.000147    0.000045
2001   7   9  52099   0.251678   0.284275  -0.0263527  -0.0000874  -0.056527  -0.006068   0.000101   0.000103  0.0000008  0.0000155    0.000181    0.000056
2001   7  10  52100   0.251747   0.280907  -0.0262930  -0.0000186  -0.056912  -0.006064   0.000096   0.000099  0.0000009  0.0000148    0.000215    0.000067
2001   7  11  52101   0.251939   0.277755  -0.0263001   0.0000240  -0.057347  -0.006015   0.000094   0.000096  0.0000015  0.0000148    0.000253    0.000082
2001   7  12  52102   0.251525   0.274882  -0.0263407   0.0000690  -0.057649  -0.005951   0.000095   0.000097  0.0000014  0.0000150    0.000292    0.000098
2001   7  13  52103   0.250911   0.271800  -0.0264405   0.0001362  -0.057847  -0.005802   0.000099   0.000100  0.0000132  0.0000160    0.000354    0.000114
2001   7  14  52104   0.250414   0.269000  -0.0265789   0.0001329  -0.058255  -0.005673   0.000104   0.000104  0.0000247  0.0000175    0.000425    0.000129
2001   7  15  52105   0.249451   0.265840  -0.0266828   0.0000928  -0.058854  -0.005637   0.000107   0.000106  0.0000181  0.0000174    0.000495    0.000143
2001   7  16  52106   0.248484   0.262485  -0.0267027  -0.0000157  -0.059290  -0.005627   0.000104   0.000103  0.0000115  0.0000161    0.000566    0.000158
2001   7  17  52107   0.248006   0.259224  -0.0266086  -0.0001454  -0.059395  -0.005573   0.000099   0.000098  0.0000049  0.0000157    0.000637    0.000173
2001   7  18  52108   0.248016   0.256042  -0.0263789  -0.0002958  -0.059445  -0.005585   0.000095   0.000094  0.0000019  0.0000157    0.000390    0.000113
2001   7  19  52109   0.247896   0.252930  -0.0259954  -0.0004325  -0.059727  -0.005680   0.000095   0.000094  0.0000013  0.0000157    0.000269    0.000085
2001   7  20  52110   0.247645   0.249814  -0.0255058  -0.0005025  -0.059766  -0.005839   0.000103   0.000101  0.0000077  0.0000163    0.000264    0.000082
2001   7  21  52111   0.247117   0.246698  -0.0250034  -0.0004789  -0.059390  -0.005874   0.000108   0.000106  0.0000141  0.0000172    0.000275    0.000083
2001   7  22  52112   0.246295   0.243673  -0.0245996  -0.0003021  -0.058821  -0.005728   0.000111   0.000106  0.0000109  0.0000173    0.000286    0.000084
2001   7  23  52113   0.245274   0.240799  -0.0243960  -0.0000831  -0.058506  -0.005595   0.000114   0.000108  0.0000077  0.0000163    0.000298    0.000086
2001   7  24  52114   0.244285   0.238098  -0.0244250   0.0001216  -0.058712  -0.005642   0.000111   0.000105  0.0000044  0.0000156    0.000309    0.000087
2001   7  25  52115   0.243610   0.235504  -0.0246234   0.0002297  -0.059400  -0.005854   0.000112   0.000106  0.0000022  0.0000156    0.000325    0.000093
2001   7  26  52116   0.243044   0.232808  -0.0248561   0.0001998  -0.060187  -0.005935   0.000114   0.000107  0.0000014  0.0000157    0.000333    0.000099
2001   7  27  52117   0.242013   0.230003  -0.0250309   0.0001050  -0.060479  -0.005915   0.000116   0.000111  0.0000091  0.0000156    0.000329    0.000098
2001   7  28  52118   0.240697   0.226975  -0.0250667  -0.0000571  -0.060306  -0.005899   0.000120   0.000114  0.0000186  0.0000164    0.000320    0.000095
2001   7  29  52119   0.239050   0.223953  -0.0249002  -0.0002630  -0.060000  -0.005913   0.000119   0.000113  0.0000235  0.0000171    0.000312    0.000093
2001   7  30  52120   0.237314   0.220886  -0.0245264  -0.0004852  -0.059885  -0.005916   0.000119   0.000116  0.0000284  0.0000167    0.000303    0.000090
2001   7  31  52121   0.235853   0.218016  -0.0239815  -0.0006359  -0.060040  -0.005913   0.000115   0.000112  0.0000279  0.0000159    0.000294    0.000087
2001   8   1  52122   0.234801   0.215835  -0.0233181  -0.0007004  -0.060306  -0.005983   0.000106   0.000103  0.0000068  0.0000155    0.000286    0.000084
2001   8   2  52123   0.233317   0.213639  -0.0225990  -0.0007039  -0.060764  -0.006192   0.000103   0.000099  0.0000012  0.0000152    0.000247    0.000085
2001   8   3  52124   0.231048   0.211575  -0.0219266  -0.0006402  -0.060873  -0.006294   0.000107   0.000104  0.0000140  0.0000153    0.000249    0.000085
2001   8   4  52125   0.228176   0.208826  -0.0213757  -0.0005124  -0.060770  -0.006151   0.000115   0.000113  0.0000263  0.0000167    0.000271    0.000086
2001   8   5  52126   0.225874   0.205902  -0.0209712  -0.0003292  -0.060671  -0.005817   0.000115   0.000113  0.0000183  0.0000175    0.000292    0.000087
2001   8   6  52127   0.223892   0.203346  -0.0207172  -0.0002103  -0.060666  -0.005511   0.000111   0.000109  0.0000104  0.0000165    0.000314    0.000088
2001   8   7  52128   0.221827   0.200917  -0.0206107  -0.0000604  -0.060729  -0.005416   0.000106   0.000105  0.0000025  0.0000156    0.000335    0.000088
2001   8   8  52129   0.219709   0.198726  -0.0206493   0.0000916  -0.060984  -0.005534   0.000103   0.000102  0.0000018  0.0000155    0.000311    0.000095
2001   8   9  52130   0.217156   0.196664  -0.0208268   0.0002065  -0.060852  -0.005662   0.000104   0.000102  0.0000015  0.0000156    0.000294    0.000097
2001   8  10  52131   0.214336   0.194212  -0.0211253   0.0002814  -0.060740  -0.005637   0.000105   0.000104  0.0000060  0.0000157    0.000312    0.000099
2001   8  11  52132   0.211293   0.191712  -0.0214949   0.0003679  -0.060977  -0.005576   0.000108   0.000107  0.0000104  0.0000162    0.000342    0.000102
2001   8  12  52133   0.208447   0.188943  -0.0218653   0.0003555  -0.061545  -0.005607   0.000109   0.000109  0.0000077  0.0000168    0.000371    0.000104
2001   8  13  52134   0.206079   0.186354  -0.0221732   0.0002629  -0.062071  -0.005693   0.000106   0.000104  0.0000050  0.0000164    0.000401    0.000107
2001   8  14  52135   0.203685   0.183855  -0.0223773   0.0001508  -0.062224  -0.005723   0.000104   0.000103  0.0000023  0.0000157    0.000431    0.000110
2001   8  15  52136   0.201265   0.181348  -0.0224717   0.0000490  -0.062087  -0.005779   0.000105   0.000106  0.0000013  0.0000157    0.000276    0.000076
2001   8  16  52137   0.198479   0.179250  -0.0224950   0.0000152  -0.061953  -0.005852   0.000105   0.000104  0.0000012  0.0000159    0.000230    0.000084
2001   8  17  52138   0.196032   0.176961  -0.0225412   0.0001012  -0.061816  -0.005892   0.000102   0.000103  0.0000087  0.0000162    0.000232    0.000090
2001   8  18  52139   0.193459   0.174798  -0.0227244   0.0002967  -0.061607  -0.005755   0.000105   0.000106  0.0000160  0.0000170    0.000232    0.000089
2001   8  19  52140   0.191018   0.172470  -0.0231328   0.0005239  -0.061446  -0.005428   0.000106   0.000106  0.0000114  0.0000168    0.000231    0.000088
2001   8  20  52141   0.188848   0.170484  -0.0237964   0.0007596  -0.061545  -0.005167   0.000101   0.000103  0.0000068  0.0000152    0.000231    0.000087
2001   8  21  52142   0.186480   0.168342  -0.0246685   0.0009217  -0.061912  -0.005195   0.000097   0.000099  0.0000022  0.0000144    0.000231    0.000087
2001   8  22  52143   0.183961   0.166036  -0.0256387   0.0009532  -0.062476  -0.005431   0.000094   0.000096  0.0000015  0.0000142    0.000248    0.000074
2001   8  23  52144   0.181220   0.164115  -0.0265697   0.0008501  -0.062741  -0.005626   0.000093   0.000095  0.0000012  0.0000143    0.000257    0.000074
2001   8  24  52145   0.178722   0.162275  -0.0273449   0.0006634  -0.062815  -0.005647   0.000100   0.000102  0.0000072  0.0000148    0.000258    0.000076
2001   8  25  52146   0.176481   0.160389  -0.0278905   0.0004319  -0.062673  -0.005700   0.000104   0.000106  0.0000131  0.0000158    0.000258    0.000077
2001   8  26  52147   0.174510   0.158231  -0.0281864   0.0001912  -0.062423  -0.005879   0.000104   0.000107  0.0000095  0.0000166    0.000257    0.000077
2001   8  27  52148   0.172437   0.156162  -0.0282618  -0.0000397  -0.062333  -0.006045   0.000103   0.000105  0.0000059  0.0000159    0.000256    0.000077
2001   8  28  52149   0.170543   0.154163  -0.0281740  -0.0001358  -0.062490  -0.006060   0.000097   0.000102  0.0000023  0.0000151    0.000255    0.000077
2001   8  29  52150   0.168418   0.152613  -0.0279902  -0.0002017  -0.062749  -0.006005   0.000096   0.000100  0.0000012  0.0000151    0.000220    0.000066
2001   8  30  52151   0.166034   0.151100  -0.0277758  -0.0002295  -0.062609  -0.005977   0.000096   0.000097  0.0000012  0.0000151    0.000219    0.000086
2001   8  31  52152   0.163347   0.150218  -0.0276012  -0.0000996  -0.062258  -0.005884   0.000099   0.000101  0.0000203  0.0000152    0.000232    0.000093
2001   9   1  52153   0.160259   0.149256  -0.0275293   0.0000033  -0.061927  -0.005659   0.000106   0.000109  0.0000391  0.0000160    0.000244    0.000090
2001   9   2  52154   0.157147   0.147985  -0.0275981   0.0001229  -0.061761  -0.005304   0.000109   0.000109  0.0000302  0.0000182    0.000256    0.000087
2001   9   3  52155   0.153924   0.146417  -0.0278196   0.0002999  -0.061765  -0.004968   0.000102   0.000102  0.0000214  0.0000190    0.000267    0.000084
2001   9   4  52156   0.150889   0.144947  -0.0281874   0.0004132  -0.061841  -0.004824   0.000096   0.000096  0.0000126  0.0000182    0.000279    0.000081
2001   9   5  52157   0.147653   0.143026  -0.0286766   0.0005032  -0.061963  -0.005064   0.000101   0.000100  0.0000037  0.0000183    0.000261    0.000077
2001   9   6  52158   0.144485   0.140856  -0.0292248   0.0005285  -0.061852  -0.005074   0.000102   0.000101  0.0000013  0.0000185    0.000261    0.000080
2001   9   7  52159   0.141897   0.139384  -0.0297286   0.0004439  -0.061859  -0.005024   0.000100   0.000099  0.0000093  0.0000188    0.000252    0.000079
2001   9   8  52160   0.139494   0.137871  -0.0301230   0.0003125  -0.062102  -0.005007   0.000106   0.000104  0.0000170  0.0000200    0.000239    0.000077
2001   9   9  52161   0.137281   0.136949  -0.0303956   0.0002033  -0.062542  -0.005105   0.000107   0.000105  0.0000120  0.0000191    0.000225    0.000074
2001   9  10  52162   0.134827   0.135759  -0.0305436   0.0000943  -0.062948  -0.005314   0.000101   0.000099  0.0000070  0.0000165    0.000211    0.000072
2001   9  11  52163   0.132094   0.134637  -0.0305689  -0.0000193  -0.063044  -0.005510   0.000094   0.000091  0.0000020  0.0000155    0.000197    0.000070
2001   9  12  52164   0.128860   0.133396  -0.0304953  -0.0000937  -0.062525  -0.005705   0.000091   0.000088  0.0000013  0.0000154    0.000232    0.000085
2001   9  13  52165   0.125805   0.132304  -0.0303944  -0.0000460  -0.062297  -0.005632   0.000091   0.000088  0.0000013  0.0000153    0.000265    0.000099
2001   9  14  52166   0.122496   0.131188  -0.0303802   0.0000781  -0.062158  -0.005572   0.000097   0.000093  0.0000072  0.0000153    0.000270    0.000099
2001   9  15  52167   0.118906   0.130087  -0.0305686   0.0003154  -0.062103  -0.005443   0.000105   0.000100  0.0000139  0.0000165    0.000267    0.000096
2001   9  16  52168   0.115112   0.129255  -0.0310327   0.0006093  -0.062211  -0.005198   0.000102   0.000097  0.0000150  0.0000171    0.000263    0.000093
2001   9  17  52169   0.111714   0.128318  -0.0317729   0.0008865  -0.062434  -0.005014   0.000094   0.000090  0.0000161  0.0000158    0.000259    0.000090
2001   9  18  52170   0.108316   0.127560  -0.0327055   0.0009656  -0.062579  -0.005016   0.000092   0.000088  0.0000148  0.0000149    0.000256    0.000087
2001   9  19  52171   0.104672   0.126692  -0.0336895   0.0009310  -0.062501  -0.005038   0.000093   0.000089  0.0000043  0.0000149    0.000252    0.000083
2001   9  20  52172   0.101278   0.126149  -0.0345837   0.0008237  -0.062190  -0.004729   0.000094   0.000091  0.0000010  0.0000152    0.000227    0.000074
2001   9  21  52173   0.097866   0.125544  -0.0353189   0.0006397  -0.062079  -0.004357   0.000095   0.000092  0.0000078  0.0000154    0.000231    0.000073
2001   9  22  52174   0.094518   0.125037  -0.0358616   0.0004464  -0.062116  -0.004259   0.000099   0.000096  0.0000144  0.0000164    0.000249    0.000076
2001   9  23  52175   0.091426   0.124370  -0.0362081   0.0002661  -0.062126  -0.004588   0.000104   0.000100  0.0000104  0.0000173    0.000267    0.000078
2001   9  24  52176   0.088604   0.123418  -0.0364009   0.0001384  -0.062107  -0.005125   0.000103   0.000098  0.0000063  0.0000163    0.000285    0.000081
2001   9  25  52177   0.085524   0.122197  -0.0365033   0.0000660  -0.062107  -0.005480   0.000098   0.000094  0.0000022  0.0000154    0.000302    0.000084
2001   9  26  52178   0.082397   0.121052  -0.0365756   0.0000739  -0.061941  -0.005601   0.000095   0.000092  0.0000014  0.0000152    0.000267    0.000093
2001   9  27  52179   0.078953   0.120069  -0.0366650   0.0001454  -0.061568  -0.005194   0.000093   0.000091  0.0000012  0.0000150    0.000231    0.000091
2001   9  28  52180   0.075419   0.119168  -0.0368625   0.0002385  -0.061207  -0.004891   0.000094   0.000092  0.0000132  0.0000151    0.000228    0.000090
2001   9  29  52181   0.071828   0.118722  -0.0372010   0.0003923  -0.060993  -0.004753   0.000099   0.000096  0.0000247  0.0000161    0.000238    0.000091
2001   9  30  52182   0.068678   0.118291  -0.0376664   0.0005386  -0.060952  -0.004650   0.000099   0.000095  0.0000172  0.0000170    0.000247    0.000092
2001  10   1  52183   0.065466   0.117988  -0.0382725   0.0006445  -0.060954  -0.004542   0.000096   0.000092  0.0000097  0.0000163    0.000257    0.000093
2001  10   2  52184   0.061731   0.117771  -0.0390266   0.0007839  -0.060858  -0.004468   0.000093   0.000090  0.0000022  0.0000155    0.000267    0.000094
2001  10   3  52185   0.057890   0.117698  -0.0398892   0.0008457  -0.060505  -0.004470   0.000089   0.000087  0.0000015  0.0000155    0.000229    0.000075
2001  10   4  52186   0.054879   0.117455  -0.0407656   0.0008887  -0.060305  -0.004437   0.000090   0.000088  0.0000013  0.0000153    0.000244    0.000082
2001  10   5  52187   0.052111   0.117572  -0.0416605   0.0008625  -0.060178  -0.004450   0.000094   0.000091  0.0000082  0.0000155    0.000254    0.000088
2001  10   6  52188   0.049035   0.117841  -0.0425240   0.0007589  -0.060129  -0.004476   0.000097   0.000095  0.0000162  0.0000166    0.000256    0.000089
2001  10   7  52189   0.046033   0.117927  -0.0432525   0.0006211  -0.060229  -0.004510   0.000102   0.000099  0.0000179  0.0000164    0.000258    0.000090
2001  10   8  52190   0.043128   0.117898  -0.0438250   0.0005234  -0.060475  -0.004560   0.000100   0.000097  0.0000196  0.0000147    0.000259    0.000091
2001  10   9  52191   0.039795   0.117854  -0.0443045   0.0004966  -0.060705  -0.004588   0.000096   0.000094  0.0000182  0.0000140    0.000261    0.000092
2001  10  10  52192   0.036197   0.117732  -0.0447908   0.0005402  -0.060679  -0.004534   0.000093   0.000092  0.0000050  0.0000139    0.000262    0.000093
2001  10  11  52193   0.031825   0.117402  -0.0453627   0.0006269  -0.060319  -0.004326   0.000097   0.000096  0.0000059  0.0000141    0.000405    0.000190
2001  10  12  52194   0.027487   0.117390  -0.0460476   0.0007838  -0.059704  -0.003994   0.000099   0.000099  0.0000139  0.0000144    0.000431    0.000210
2001  10  13  52195   0.023081   0.117712  -0.0469156   0.0010355  -0.059159  -0.003549   0.000098   0.000099  0.0000199  0.0000148    0.000392    0.000184
2001  10  14  52196   0.019372   0.117802  -0.0480558   0.0013298  -0.058980  -0.003118   0.000102   0.000103  0.0000147  0.0000152    0.000353    0.000159
2001  10  15  52197   0.015939   0.118462  -0.0494723   0.0015156  -0.059191  -0.002951   0.000101   0.000102  0.0000096  0.0000145    0.000314    0.000134
2001  10  16  52198   0.012811   0.119026  -0.0510673   0.0016193  -0.059531  -0.003184   0.000094   0.000097  0.0000044  0.0000138    0.000275    0.000108
2001  10  17  52199   0.009803   0.119625  -0.0526781   0.0015541  -0.059812  -0.003639   0.000091   0.000094  0.0000020  0.0000136    0.000257    0.000094
2001  10  18  52200   0.006733   0.119989  -0.0541469   0.0013757  -0.059799  -0.003988   0.000094   0.000097  0.0000019  0.0000135    0.000279    0.000107
2001  10  19  52201   0.003128   0.120603  -0.0553710   0.0010733  -0.059708  -0.003906   0.000097   0.000100  0.0000020  0.0000139    0.000365    0.000140
2001  10  20  52202  -0.000622   0.121137  -0.0563133   0.0007907  -0.059567  -0.003789   0.000098   0.000101  0.0000018  0.0000161    0.000366    0.000136
2001  10  21  52203  -0.004527   0.122021  -0.0570176   0.0006478  -0.059314  -0.003870   0.000100   0.000101  0.0000016  0.0000169    0.000324    0.000114
2001  10  22  52204  -0.008592   0.122880  -0.0575798   0.0005723  -0.058975  -0.004068   0.000099   0.000101  0.0000014  0.0000150    0.000282    0.000093
2001  10  23  52205  -0.012669   0.123823  -0.0580919   0.0005321  -0.058667  -0.004146   0.000092   0.000094  0.0000012  0.0000138    0.000241    0.000072
2001  10  24  52206  -0.016508   0.124749  -0.0586094   0.0005597  -0.058517  -0.003973   0.000088   0.000089  0.0000016  0.0000132    0.000225    0.000081
2001  10  25  52207  -0.020098   0.125860  -0.0591522   0.0006195  -0.058340  -0.003633   0.000093   0.000093  0.0000022  0.0000133    0.000258    0.000094
2001  10  26  52208  -0.023537   0.126981  -0.0598020   0.0007520  -0.058111  -0.003406   0.000098   0.000099  0.0000050  0.0000137    0.000242    0.000087
2001  10  27  52209  -0.026958   0.128294  -0.0606217   0.0009216  -0.057914  -0.003355   0.000101   0.000102  0.0000074  0.0000145    0.000203    0.000072
2001  10  28  52210  -0.030385   0.129206  -0.0615994   0.0010467  -0.057801  -0.003349   0.000110   0.000112  0.0000052  0.0000155    0.000164    0.000058
2001  10  29  52211  -0.033395   0.130444  -0.0626788   0.0010989  -0.057748  -0.003258   0.000110   0.000113  0.0000030  0.0000149    0.000125    0.000044
2001  10  30  52212  -0.036444   0.131489  -0.0637948   0.0011004  -0.057730  -0.003082   0.000097   0.000099  0.0000007  0.0000139    0.000086    0.000030
2001  10  31  52213  -0.039652   0.132666  -0.0649009   0.0011090  -0.057794  -0.002960   0.000094   0.000097  0.0000012  0.0000137    0.000281    0.000086
2001  11   1  52214  -0.042968   0.133836  -0.0659691   0.0010220  -0.057978  -0.002923   0.000098   0.000100  0.0000023  0.0000140    0.000335    0.000124
2001  11   2  52215  -0.046548   0.134950  -0.0669078   0.0008577  -0.058116  -0.002994   0.000100   0.000103  0.0000146  0.0000139    0.000320    0.000124
2001  11   3  52216  -0.050396   0.135991  -0.0676791   0.0006738  -0.058066  -0.003080   0.000105   0.000109  0.0000260  0.0000142    0.000299    0.000113
2001  11   4  52217  -0.053965   0.136987  -0.0683177   0.0005557  -0.057827  -0.003089   0.000107   0.000112  0.0000184  0.0000149    0.000278    0.000101
2001  11   5  52218  -0.056880   0.138019  -0.0688588   0.0005231  -0.057535  -0.003019   0.000101   0.000105  0.0000107  0.0000144    0.000257    0.000090
2001  11   6  52219  -0.059332   0.139363  -0.0693396   0.0004792  -0.057287  -0.002929   0.000095   0.000100  0.0000030  0.0000139    0.000236    0.000078
2001  11   7  52220  -0.061652   0.141087  -0.0698201   0.0005239  -0.056918  -0.002932   0.000095   0.000099  0.0000016  0.0000137    0.000236    0.000086
2001  11   8  52221  -0.063578   0.142891  -0.0703972   0.0006891  -0.056661  -0.002798   0.000098   0.000101  0.0000019  0.0000137    0.000246    0.000085
2001  11   9  52222  -0.065416   0.145172  -0.0712258   0.0009823  -0.056206  -0.002600   0.000099   0.000102  0.0000061  0.0000139    0.000269    0.000105
2001  11  10  52223  -0.067837   0.147673  -0.0723412   0.0012731  -0.055806  -0.002317   0.000099   0.000103  0.0000103  0.0000142    0.000295    0.000134
2001  11  11  52224  -0.069892   0.150053  -0.0736769   0.0014686  -0.055778  -0.002014   0.000105   0.000108  0.0000086  0.0000148    0.000322    0.000163
2001  11  12  52225  -0.071450   0.152673  -0.0751842   0.0015793  -0.056139  -0.001873   0.000105   0.000106  0.0000070  0.0000145    0.000349    0.000192
2001  11  13  52226  -0.073301   0.155260  -0.0767913   0.0015800  -0.056628  -0.002001   0.000102   0.000103  0.0000054  0.0000141    0.000375    0.000221
2001  11  14  52227  -0.075366   0.157383  -0.0783576   0.0014427  -0.057125  -0.002271   0.000103   0.000105  0.0000022  0.0000143    0.000273    0.000118
2001  11  15  52228  -0.077892   0.159246  -0.0796819   0.0011734  -0.057034  -0.002553   0.000102   0.000104  0.0000013  0.0000146    0.000250    0.000095
2001  11  16  52229  -0.080503   0.160864  -0.0807193   0.0009091  -0.056785  -0.002667   0.000100   0.000102  0.0000056  0.0000145    0.000245    0.000094
2001  11  17  52230  -0.082602   0.162794  -0.0815281   0.0007330  -0.056576  -0.002663   0.000103   0.000105  0.0000102  0.0000148    0.000237    0.000090
2001  11  18  52231  -0.084522   0.164626  -0.0821837   0.0005985  -0.056399  -0.002667   0.000103   0.000104  0.0000100  0.0000148    0.000228    0.000086
2001  11  19  52232  -0.086584   0.166572  -0.0827590   0.0005722  -0.056192  -0.002687   0.000097   0.000098  0.0000098  0.0000139    0.000219    0.000082
2001  11  20  52233  -0.088950   0.168693  -0.0833071   0.0005604  -0.055937  -0.002610   0.000094   0.000094  0.0000085  0.0000133    0.000211    0.000078
2001  11  21  52234  -0.091580   0.170729  -0.0838685   0.0005842  -0.055694  -0.002373   0.000093   0.000093  0.0000028  0.0000134    0.000202    0.000074
2001  11  22  52235  -0.094500   0.173100  -0.0844812   0.0006852  -0.055550  -0.002064   0.000094   0.000094  0.0000060  0.0000136    0.000257    0.000098
2001  11  23  52236  -0.097326   0.175793  -0.0851777   0.0007788  -0.055532  -0.001847   0.000095   0.000096  0.0000122  0.0000137    0.000334    0.000131
2001  11  24  52237  -0.100631   0.178302  -0.0859758   0.0008102  -0.055607  -0.001779   0.000101   0.000101  0.0000185  0.0000145    0.000411    0.000164
2001  11  25  52238  -0.103592   0.180703  -0.0868707   0.0009305  -0.055717  -0.001761   0.000108   0.000109  0.0000247  0.0000165    0.000488    0.000198
2001  11  26  52239  -0.106051   0.183342  -0.0878352   0.0009925  -0.055809  -0.001656   0.000108   0.000108  0.0000309  0.0000168    0.000565    0.000231
2001  11  27  52240  -0.108081   0.185690  -0.0888267   0.0009875  -0.055882  -0.001441   0.000104   0.000105  0.0000309  0.0000157    0.000642    0.000264
2001  11  28  52241  -0.110203   0.188125  -0.0897933   0.0009232  -0.055811  -0.001272   0.000105   0.000106  0.0000075  0.0000157    0.000368    0.000133
2001  11  29  52242  -0.112536   0.190415  -0.0906840   0.0008337  -0.056003  -0.001229   0.000101   0.000102  0.0000012  0.0000155    0.000253    0.000088
2001  11  30  52243  -0.115305   0.192976  -0.0914723   0.0007138  -0.056173  -0.001383   0.000100   0.000102  0.0000042  0.0000153    0.000212    0.000075
2001  12   1  52244  -0.118397   0.195674  -0.0921082   0.0005281  -0.056150  -0.001638   0.000106   0.000109  0.0000089  0.0000156    0.000175    0.000062
2001  12   2  52245  -0.121709   0.198233  -0.0925533   0.0003586  -0.055879  -0.001818   0.000115   0.000118  0.0000149  0.0000155    0.000138    0.000048
2001  12   3  52246  -0.124542   0.200399  -0.0928484   0.0002698  -0.055412  -0.001811   0.000117   0.000120  0.0000209  0.0000146    0.000102    0.000035
2001  12   4  52247  -0.127121   0.202612  -0.0930950   0.0002623  -0.054902  -0.001654   0.000109   0.000112  0.0000222  0.0000142    0.000065    0.000022
2001  12   5  52248  -0.129533   0.205438  -0.0934038   0.0003532  -0.054228  -0.001537   0.000105   0.000109  0.0000056  0.0000141    0.000218    0.000078
2001  12   6  52249  -0.131756   0.208694  -0.0938502   0.0005532  -0.054203  -0.001402   0.000108   0.000110  0.0000079  0.0000140    0.000140    0.000047
2001  12   7  52250  -0.134515   0.211897  -0.0944816   0.0007622  -0.054325  -0.001382   0.000109   0.000111  0.0000161  0.0000140    0.000124    0.000052
2001  12   8  52251  -0.137740   0.214596  -0.0953267   0.0009392  -0.054528  -0.001397   0.000115   0.000119  0.0000207  0.0000146    0.000165    0.000083
2001  12   9  52252  -0.141044   0.217092  -0.0963789   0.0011388  -0.054868  -0.001375   0.000126   0.000130  0.0000162  0.0000143    0.000206    0.000114
2001  12  10  52253  -0.143827   0.219813  -0.0975574   0.0012285  -0.055279  -0.001338   0.000128   0.000133  0.0000116  0.0000128    0.000247    0.000145
2001  12  11  52254  -0.146743   0.222759  -0.0987388   0.0011456  -0.055605  -0.001325   0.000130   0.000135  0.0000071  0.0000125    0.000288    0.000176
2001  12  12  52255  -0.149854   0.225537  -0.0998150   0.0009759  -0.055477  -0.001294   0.000132   0.000136  0.0000026  0.0000130    0.000232    0.000101
2001  12  13  52256  -0.152724   0.228099  -0.1007187   0.0008011  -0.055247  -0.001281   0.000131   0.000134  0.0000017  0.0000131    0.000233    0.000087
2001  12  14  52257  -0.155221   0.230618  -0.1014096   0.0005743  -0.054842  -0.001290   0.000128   0.000130  0.0000020  0.0000128    0.000256    0.000100
2001  12  15  52258  -0.157769   0.233350  -0.1018854   0.0003825  -0.054212  -0.001373   0.000131   0.000132  0.0000061  0.0000131    0.000251    0.000096
2001  12  16  52259  -0.159980   0.235937  -0.1022174   0.0003031  -0.053689  -0.001524   0.000134   0.000134  0.0000105  0.0000142    0.000243    0.000089
2001  12  17  52260  -0.161947   0.238791  -0.1025217   0.0003301  -0.053371  -0.001666   0.000123   0.000125  0.0000150  0.0000141    0.000235    0.000083
2001  12  18  52261  -0.163903   0.241672  -0.1028962   0.0004211  -0.053276  -0.001685   0.000118   0.000121  0.0000160  0.0000132    0.000227    0.000077
2001  12  19  52262  -0.165882   0.244990  -0.1033720   0.0005238  -0.053443  -0.001543   0.000115   0.000117  0.0000042  0.0000131    0.000219    0.000070
2001  12  20  52263  -0.167901   0.248535  -0.1039474   0.0006754  -0.054001  -0.001267   0.000112   0.000112  0.0000074  0.0000133    0.000129    0.000040
2001  12  21  52264  -0.169231   0.251942  -0.1047259   0.0009018  -0.054668  -0.001067   0.000116   0.000117  0.0000143  0.0000136    0.000105    0.000033
2001  12  22  52265  -0.170321   0.255507  -0.1057642   0.0010725  -0.055212  -0.000979   0.000121   0.000123  0.0000157  0.0000141    0.000114    0.000036
2001  12  23  52266  -0.171369   0.259096  -0.1069370   0.0011405  -0.055475  -0.000930   0.000126   0.000127  0.0000161  0.0000151    0.000124    0.000040
2001  12  24  52267  -0.172108   0.262658  -0.1081237   0.0011692  -0.055464  -0.000837   0.000124   0.000127  0.0000164  0.0000156    0.000134    0.000044
2001  12  25  52268  -0.172615   0.266562  -0.1092672   0.0011805  -0.055312  -0.000682   0.000123   0.000125  0.0000168  0.0000154    0.000143    0.000047
2001  12  26  52269  -0.173081   0.270618  -0.1103754   0.0011776  -0.055094  -0.000525   0.000122   0.000124  0.0000171  0.0000154    0.000153    0.000051
2001  12  27  52270  -0.173489   0.274802  -0.1114672   0.0011040  -0.054807  -0.000471   0.000121   0.000123  0.0000151  0.0000153    0.000162    0.000055
2001  12  28  52271  -0.174601   0.278753  -0.1125197   0.0009935  -0.054482  -0.000605   0.000119   0.000122  0.0000040  0.0000154    0.000172    0.000059
2001  12  29  52272  -0.175343   0.282477  -0.1134723   0.0008577  -0.054208  -0.000926   0.000123   0.000126  0.0000037  0.0000160    0.000188    0.000065
2001  12  30  52273  -0.175938   0.286643  -0.1143000   0.0007965  -0.053978  -0.001310   0.000127   0.000129  0.0000071  0.0000163    0.000205    0.000072
2001  12  31  52274  -0.176697   0.290417  -0.1150471   0.0007560  -0.053683  -0.001546   0.000125   0.000128  0.0000104  0.0000159    0.000223    0.000079
