

                   INTERNATIONAL EARTH ROTATION AND REFERENCE SYSTEMS SERVICE
                        EARTH ORIENTATION PARAMETERS
                          EOP (IERS) 08 C04

  
             FORMAT(3(I4),I7,2(F11.6),2(F12.7),2(F11.6),2(F11.6),2(F11.7),2F12.6)
**********************************************************************************
  
      Date      MJD      x          y        UT1-UTC       LOD         dPsi      dEps       x Err     y Err   UT1-UTC Err  LOD Err    dPsi Err   dEpsilon Err
                         "          "           s           s            "         "        "          "          s           s            "         "
     (0h UTC)

2013   1   1  56293   0.075310   0.289856   0.2770907   0.0008953  -0.074372  -0.008627   0.000018   0.000028  0.0000053  0.0000061    0.000060    0.000036
2013   1   2  56294   0.073304   0.289898   0.2761366   0.0010388  -0.074308  -0.008626   0.000017   0.000027  0.0000030  0.0000058    0.000072    0.000042
2013   1   3  56295   0.071432   0.289699   0.2750374   0.0011460  -0.074238  -0.008465   0.000019   0.000027  0.0000008  0.0000058    0.000084    0.000048
2013   1   4  56296   0.070098   0.289581   0.2738579   0.0012008  -0.074502  -0.008246   0.000017   0.000027  0.0000002  0.0000058    0.000041    0.000026
2013   1   5  56297   0.069042   0.289567   0.2726572   0.0012058  -0.074767  -0.008029   0.000015   0.000027  0.0000120  0.0000058    0.000036    0.000027
2013   1   6  56298   0.068196   0.289667   0.2714547   0.0011330  -0.075105  -0.007845   0.000015   0.000027  0.0000105  0.0000058    0.000051    0.000038
2013   1   7  56299   0.067202   0.290066   0.2703787   0.0009866  -0.075490  -0.007762   0.000018   0.000029  0.0000061  0.0000060    0.000066    0.000050
2013   1   8  56300   0.066292   0.290535   0.2694610   0.0008848  -0.075783  -0.007909   0.000020   0.000029  0.0000013  0.0000060    0.000080    0.000061
2013   1   9  56301   0.065345   0.291314   0.2686011   0.0008299  -0.075770  -0.008276   0.000018   0.000028  0.0000093  0.0000058    0.000109    0.000074
2013   1  10  56302   0.064410   0.292185   0.2677166   0.0008850  -0.075553  -0.008648   0.000016   0.000028  0.0000055  0.0000058    0.000142    0.000090
2013   1  11  56303   0.063228   0.293001   0.2667804   0.0010202  -0.075302  -0.008732   0.000018   0.000028  0.0000017  0.0000058    0.000175    0.000106
2013   1  12  56304   0.062007   0.293634   0.2657273   0.0011708  -0.075151  -0.008514   0.000020   0.000028  0.0000073  0.0000058    0.000168    0.000102
2013   1  13  56305   0.060558   0.294295   0.2644642   0.0013139  -0.074970  -0.008251   0.000020   0.000031  0.0000051  0.0000065    0.000146    0.000091
2013   1  14  56306   0.059312   0.295115   0.2630661   0.0014745  -0.074695  -0.008133   0.000018   0.000034  0.0000061  0.0000069    0.000128    0.000085
2013   1  15  56307   0.058302   0.295904   0.2615439   0.0015341  -0.074529  -0.008214   0.000016   0.000031  0.0000067  0.0000061    0.000106    0.000073
2013   1  16  56308   0.057049   0.296543   0.2600685   0.0014583  -0.074722  -0.008304   0.000016   0.000033  0.0000014  0.0000058    0.000055    0.000060
2013   1  17  56309   0.055439   0.297309   0.2586723   0.0013456  -0.075175  -0.008348   0.000016   0.000068  0.0000098  0.0000058    0.000059    0.000060
2013   1  18  56310   0.053948   0.298279   0.2573663   0.0012650  -0.075559  -0.008411   0.000016   0.000068  0.0000024  0.0000058    0.000067    0.000063
2013   1  19  56311   0.052961   0.299392   0.2561193   0.0011997  -0.075607  -0.008507   0.000018   0.000033  0.0000077  0.0000062    0.000063    0.000059
2013   1  20  56312   0.051723   0.300681   0.2549468   0.0011070  -0.075528  -0.008616   0.000021   0.000039  0.0000089  0.0000072    0.000053    0.000051
2013   1  21  56313   0.050316   0.301866   0.2538462   0.0010660  -0.075499  -0.008705   0.000021   0.000039  0.0000078  0.0000072    0.000086    0.000045
2013   1  22  56314   0.049409   0.302778   0.2527747   0.0010632  -0.075455  -0.008775   0.000017   0.000033  0.0000045  0.0000061    0.000067    0.000037
2013   1  23  56315   0.048658   0.304062   0.2517351   0.0010777  -0.075314  -0.008834   0.000017   0.000031  0.0000010  0.0000059    0.000050    0.000030
2013   1  24  56316   0.047848   0.305129   0.2506394   0.0011155  -0.075369  -0.008904   0.000017   0.000031  0.0000130  0.0000059    0.000196    0.000120
2013   1  25  56317   0.047084   0.305881   0.2495234   0.0011164  -0.075538  -0.008953   0.000019   0.000034  0.0000021  0.0000063    0.000386    0.000236
2013   1  26  56318   0.046371   0.306470   0.2483765   0.0011738  -0.075482  -0.008975   0.000021   0.000037  0.0000123  0.0000066    0.000371    0.000225
2013   1  27  56319   0.045599   0.306874   0.2471377   0.0013068  -0.075228  -0.009050   0.000021   0.000034  0.0000038  0.0000066    0.000282    0.000168
2013   1  28  56320   0.044918   0.307151   0.2457751   0.0014177  -0.074863  -0.009185   0.000020   0.000033  0.0000040  0.0000069    0.000198    0.000115
2013   1  29  56321   0.044014   0.307627   0.2443075   0.0014914  -0.074539  -0.009294   0.000020   0.000033  0.0000016  0.0000069    0.000106    0.000056
2013   1  30  56322   0.043132   0.308172   0.2427764   0.0015553  -0.074455  -0.009312   0.000019   0.000033  0.0000141  0.0000071    0.000108    0.000054
2013   1  31  56323   0.042804   0.309225   0.2412309   0.0015468  -0.074544  -0.009211   0.000019   0.000036  0.0000052  0.0000071    0.000135    0.000066
2013   2   1  56324   0.042402   0.310532   0.2397409   0.0014332  -0.074683  -0.009050   0.000019   0.000033  0.0000015  0.0000071    0.000162    0.000079
2013   2   2  56325   0.042573   0.311892   0.2383674   0.0012980  -0.074877  -0.008900   0.000017   0.000030  0.0000095  0.0000067    0.000152    0.000074
2013   2   3  56326   0.042527   0.313519   0.2371341   0.0011515  -0.075139  -0.008810   0.000015   0.000030  0.0000039  0.0000060    0.000129    0.000064
2013   2   4  56327   0.041943   0.314696   0.2360251   0.0010576  -0.075482  -0.008839   0.000017   0.000031  0.0000039  0.0000066    0.000108    0.000054
2013   2   5  56328   0.041026   0.315632   0.2350277   0.0009339  -0.075840  -0.009063   0.000019   0.000031  0.0000015  0.0000070    0.000084    0.000043
2013   2   6  56329   0.039925   0.316871   0.2341112   0.0009146  -0.076078  -0.009454   0.000017   0.000029  0.0000103  0.0000068    0.000100    0.000050
2013   2   7  56330   0.038904   0.318468   0.2331814   0.0009866  -0.076176  -0.009838   0.000017   0.000029  0.0000027  0.0000068    0.000128    0.000061
2013   2   8  56331   0.037461   0.319742   0.2321391   0.0011251  -0.076158  -0.009953   0.000017   0.000032  0.0000015  0.0000068    0.000155    0.000073
2013   2   9  56332   0.036213   0.320493   0.2309424   0.0012819  -0.076075  -0.009720   0.000017   0.000035  0.0000131  0.0000069    0.000160    0.000075
2013   2  10  56333   0.035528   0.321217   0.2296106   0.0013781  -0.075934  -0.009321   0.000018   0.000034  0.0000037  0.0000074    0.000157    0.000075
2013   2  11  56334   0.035202   0.322110   0.2281932   0.0014360  -0.075754  -0.009056   0.000022   0.000033  0.0000058  0.0000071    0.000153    0.000074
2013   2  12  56335   0.034936   0.323155   0.2267687   0.0013864  -0.075648  -0.009078   0.000022   0.000030  0.0000059  0.0000067    0.000149    0.000073
2013   2  13  56336   0.034437   0.324038   0.2254403   0.0012154  -0.075712  -0.009313   0.000021   0.000035  0.0000012  0.0000066    0.000145    0.000072
2013   2  14  56337   0.033839   0.324559   0.2242863   0.0010507  -0.075858  -0.009548   0.000021   0.000038  0.0000162  0.0000070    0.000122    0.000063
2013   2  15  56338   0.033897   0.325100   0.2232824   0.0009415  -0.075961  -0.009698   0.000019   0.000035  0.0000011  0.0000066    0.000094    0.000052
2013   2  16  56339   0.033941   0.325933   0.2223836   0.0008336  -0.075984  -0.009821   0.000017   0.000032  0.0000189  0.0000062    0.000095    0.000053
2013   2  17  56340   0.033665   0.326909   0.2215868   0.0007367  -0.075976  -0.009947   0.000019   0.000032  0.0000032  0.0000066    0.000106    0.000059
2013   2  18  56341   0.033343   0.327848   0.2208980   0.0006401  -0.075966  -0.010104   0.000019   0.000031  0.0000036  0.0000073    0.000122    0.000064
2013   2  19  56342   0.033016   0.329142   0.2202777   0.0005919  -0.075849  -0.010291   0.000019   0.000031  0.0000017  0.0000073    0.000134    0.000070
2013   2  20  56343   0.032971   0.330293   0.2196491   0.0006588  -0.075555  -0.010411   0.000020   0.000030  0.0000208  0.0000068    0.000142    0.000068
2013   2  21  56344   0.032764   0.331394   0.2189361   0.0007661  -0.075208  -0.010451   0.000020   0.000033  0.0000063  0.0000068    0.000149    0.000066
2013   2  22  56345   0.032560   0.332411   0.2180799   0.0009389  -0.074979  -0.010450   0.000022   0.000035  0.0000013  0.0000076    0.000155    0.000065
2013   2  23  56346   0.032021   0.333397   0.2170537   0.0011245  -0.074916  -0.010510   0.000022   0.000035  0.0000360  0.0000080    0.000154    0.000063
2013   2  24  56347   0.031547   0.334330   0.2158533   0.0012915  -0.074861  -0.010648   0.000022   0.000033  0.0000035  0.0000076    0.000150    0.000061
2013   2  25  56348   0.030709   0.334905   0.2144766   0.0014607  -0.074740  -0.010779   0.000023   0.000032  0.0000033  0.0000073    0.000144    0.000059
2013   2  26  56349   0.029709   0.335104   0.2129240   0.0016352  -0.074557  -0.010830   0.000023   0.000032  0.0000013  0.0000073    0.000140    0.000057
2013   2  27  56350   0.029307   0.335794   0.2112407   0.0017303  -0.074437  -0.010746   0.000028   0.000037  0.0000210  0.0000076    0.000160    0.000063
2013   2  28  56351   0.029597   0.336794   0.2094895   0.0017399  -0.074512  -0.010615   0.000028   0.000037  0.0000062  0.0000076    0.000186    0.000071
2013   3   1  56352   0.030243   0.338132   0.2077371   0.0017242  -0.074691  -0.010551   0.000028   0.000041  0.0000015  0.0000076    0.000212    0.000080
2013   3   2  56353   0.030488   0.339745   0.2060790   0.0015855  -0.074865  -0.010612   0.000026   0.000041  0.0000141  0.0000072    0.000252    0.000105
2013   3   3  56354   0.030848   0.341230   0.2045416   0.0014922  -0.074958  -0.010738   0.000026   0.000041  0.0000035  0.0000080    0.000297    0.000136
2013   3   4  56355   0.031163   0.342793   0.2030631   0.0014730  -0.075030  -0.010879   0.000023   0.000039  0.0000035  0.0000086    0.000346    0.000171
2013   3   5  56356   0.031611   0.343977   0.2015976   0.0014735  -0.075165  -0.011056   0.000023   0.000036  0.0000022  0.0000082    0.000392    0.000203
2013   3   6  56357   0.032058   0.344980   0.2001138   0.0015136  -0.075369  -0.011252   0.000021   0.000036  0.0000104  0.0000083    0.000338    0.000179
2013   3   7  56358   0.032962   0.345676   0.1985635   0.0016159  -0.075544  -0.011443   0.000021   0.000040  0.0000040  0.0000087    0.000260    0.000142
2013   3   8  56359   0.034232   0.346404   0.1969090   0.0017065  -0.075613  -0.011484   0.000021   0.000036  0.0000016  0.0000087    0.000182    0.000106
2013   3   9  56360   0.035551   0.347362   0.1951480   0.0018239  -0.075503  -0.011306   0.000019   0.000033  0.0000151  0.0000083    0.000164    0.000095
2013   3  10  56361   0.036634   0.348518   0.1932916   0.0019075  -0.075352  -0.010972   0.000019   0.000036  0.0000029  0.0000083    0.000169    0.000094
2013   3  11  56362   0.037679   0.349957   0.1913827   0.0019055  -0.075201  -0.010696   0.000020   0.000037  0.0000062  0.0000084    0.000174    0.000094
2013   3  12  56363   0.038791   0.351869   0.1894875   0.0018686  -0.075163  -0.010698   0.000018   0.000033  0.0000067  0.0000077    0.000178    0.000092
2013   3  13  56364   0.039884   0.354087   0.1876517   0.0017802  -0.075141  -0.010971   0.000018   0.000034  0.0000012  0.0000075    0.000185    0.000092
2013   3  14  56365   0.040481   0.355956   0.1859185   0.0016696  -0.075046  -0.011390   0.000018   0.000034  0.0000145  0.0000075    0.000166    0.000081
2013   3  15  56366   0.040942   0.357387   0.1843097   0.0015444  -0.074965  -0.011721   0.000016   0.000034  0.0000013  0.0000075    0.000141    0.000068
2013   3  16  56367   0.040901   0.358605   0.1828274   0.0014094  -0.074954  -0.011869   0.000018   0.000034  0.0000139  0.0000079    0.000148    0.000072
2013   3  17  56368   0.041061   0.359554   0.1814609   0.0013064  -0.075002  -0.011931   0.000020   0.000037  0.0000031  0.0000082    0.000168    0.000083
2013   3  18  56369   0.041602   0.360244   0.1801933   0.0012257  -0.075040  -0.012027   0.000022   0.000046  0.0000032  0.0000084    0.000189    0.000095
2013   3  19  56370   0.042509   0.360690   0.1790038   0.0011488  -0.074923  -0.012176   0.000022   0.000046  0.0000016  0.0000085    0.000209    0.000106
2013   3  20  56371   0.043558   0.361269   0.1778524   0.0011518  -0.074704  -0.012264   0.000021   0.000042  0.0000182  0.0000087    0.000185    0.000093
2013   3  21  56372   0.044679   0.362180   0.1766940   0.0011941  -0.074445  -0.012224   0.000021   0.000042  0.0000076  0.0000087    0.000155    0.000077
2013   3  22  56373   0.045142   0.363185   0.1754806   0.0012650  -0.074253  -0.012101   0.000021   0.000042  0.0000011  0.0000084    0.000125    0.000061
2013   3  23  56374   0.045731   0.364433   0.1741466   0.0014234  -0.074135  -0.012035   0.000021   0.000039  0.0000124  0.0000084    0.000111    0.000055
2013   3  24  56375   0.046501   0.365546   0.1726579   0.0015763  -0.074091  -0.012106   0.000021   0.000039  0.0000033  0.0000084    0.000104    0.000053
2013   3  25  56376   0.047553   0.366900   0.1710171   0.0017087  -0.074048  -0.012230   0.000024   0.000040  0.0000034  0.0000082    0.000081    0.000047
2013   3  26  56377   0.048035   0.368190   0.1692350   0.0018537  -0.073929  -0.012239   0.000024   0.000036  0.0000012  0.0000082    0.000075    0.000045
2013   3  27  56378   0.048658   0.369461   0.1673193   0.0019571  -0.073912  -0.012133   0.000024   0.000032  0.0000003  0.0000081    0.000087    0.000051
2013   3  28  56379   0.049532   0.370878   0.1653462   0.0019493  -0.073928  -0.011985   0.000021   0.000032  0.0000132  0.0000081    0.000088    0.000052
2013   3  29  56380   0.050475   0.372076   0.1634083   0.0018880  -0.074031  -0.012012   0.000021   0.000032  0.0000098  0.0000081    0.000085    0.000049
2013   3  30  56381   0.051030   0.373287   0.1615621   0.0017866  -0.074137  -0.012270   0.000021   0.000032  0.0000066  0.0000081    0.000081    0.000047
2013   3  31  56382   0.051422   0.374395   0.1598229   0.0016822  -0.074117  -0.012600   0.000021   0.000032  0.0000034  0.0000081    0.000077    0.000045
2013   4   1  56383   0.051214   0.375299   0.1581763   0.0016152  -0.074011  -0.012814   0.000023   0.000033  0.0000032  0.0000089    0.000074    0.000044
2013   4   2  56384   0.050902   0.376037   0.1565882   0.0015642  -0.073929  -0.012886   0.000023   0.000033  0.0000026  0.0000089    0.000070    0.000042
2013   4   3  56385   0.051000   0.376745   0.1550193   0.0015665  -0.073983  -0.012911   0.000020   0.000029  0.0000009  0.0000079    0.000067    0.000039
2013   4   4  56386   0.051505   0.377383   0.1534214   0.0016313  -0.074252  -0.012900   0.000020   0.000029  0.0000126  0.0000083    0.000074    0.000039
2013   4   5  56387   0.052276   0.378082   0.1517328   0.0017658  -0.074441  -0.012864   0.000020   0.000029  0.0000010  0.0000083    0.000084    0.000039
2013   4   6  56388   0.052845   0.378754   0.1499249   0.0018676  -0.074211  -0.012808   0.000018   0.000029  0.0000128  0.0000079    0.000075    0.000034
2013   4   7  56389   0.053129   0.379352   0.1480361   0.0019019  -0.073866  -0.012665   0.000018   0.000029  0.0000034  0.0000080    0.000059    0.000027
2013   4   8  56390   0.053558   0.380052   0.1461365   0.0018727  -0.073711  -0.012494   0.000023   0.000031  0.0000034  0.0000084    0.000043    0.000021
2013   4   9  56391   0.054118   0.381208   0.1442935   0.0018016  -0.073663  -0.012456   0.000026   0.000031  0.0000010  0.0000088    0.000026    0.000014
2013   4  10  56392   0.054958   0.382367   0.1425544   0.0016754  -0.073680  -0.012595   0.000023   0.000035  0.0000162  0.0000093    0.000043    0.000026
2013   4  11  56393   0.055463   0.383473   0.1409548   0.0015061  -0.073609  -0.012852   0.000023   0.000035  0.0000078  0.0000087    0.000067    0.000043
2013   4  12  56394   0.055503   0.384248   0.1395110   0.0013579  -0.073505  -0.013094   0.000023   0.000032  0.0000012  0.0000079    0.000092    0.000060
2013   4  13  56395   0.055466   0.385068   0.1382134   0.0012326  -0.073501  -0.013211   0.000023   0.000031  0.0000235  0.0000081    0.000120    0.000076
2013   4  14  56396   0.055484   0.385646   0.1370305   0.0011411  -0.073570  -0.013235   0.000023   0.000031  0.0000040  0.0000085    0.000150    0.000092
2013   4  15  56397   0.055607   0.386035   0.1359184   0.0010907  -0.073618  -0.013258   0.000025   0.000034  0.0000037  0.0000092    0.000180    0.000108
2013   4  16  56398   0.055929   0.386392   0.1348169   0.0011174  -0.073581  -0.013341   0.000025   0.000034  0.0000026  0.0000087    0.000210    0.000124
2013   4  17  56399   0.056522   0.386975   0.1336791   0.0011618  -0.073511  -0.013417   0.000022   0.000034  0.0000017  0.0000082    0.000265    0.000143
2013   4  18  56400   0.057528   0.387547   0.1325125   0.0011964  -0.073295  -0.013396   0.000019   0.000034  0.0000119  0.0000082    0.000202    0.000106
2013   4  19  56401   0.058638   0.388699   0.1312775   0.0013092  -0.072999  -0.013260   0.000019   0.000034  0.0000011  0.0000078    0.000114    0.000055
2013   4  20  56402   0.059400   0.389916   0.1298980   0.0014732  -0.072764  -0.013172   0.000022   0.000034  0.0000146  0.0000078    0.000093    0.000043
2013   4  21  56403   0.060039   0.390944   0.1283636   0.0015956  -0.072726  -0.013254   0.000022   0.000034  0.0000033  0.0000078    0.000097    0.000046
2013   4  22  56404   0.061024   0.391927   0.1267085   0.0017050  -0.072943  -0.013439   0.000018   0.000033  0.0000031  0.0000082    0.000101    0.000050
2013   4  23  56405   0.062011   0.392789   0.1249559   0.0018000  -0.073246  -0.013545   0.000016   0.000031  0.0000010  0.0000086    0.000105    0.000053
2013   4  24  56406   0.062979   0.393349   0.1231388   0.0018280  -0.073502  -0.013399   0.000019   0.000029  0.0000225  0.0000081    0.000237    0.000134
2013   4  25  56407   0.063907   0.393885   0.1213194   0.0017907  -0.073688  -0.013146   0.000022   0.000029  0.0000051  0.0000077    0.000402    0.000234
2013   4  26  56408   0.064780   0.394217   0.1195726   0.0016971  -0.073890  -0.013083   0.000024   0.000029  0.0000029  0.0000081    0.000568    0.000335
2013   4  27  56409   0.065690   0.394751   0.1179550   0.0015370  -0.074057  -0.013332   0.000024   0.000029  0.0000110  0.0000089    0.000519    0.000306
2013   4  28  56410   0.066110   0.395232   0.1164902   0.0013879  -0.074113  -0.013690   0.000024   0.000029  0.0000036  0.0000089    0.000391    0.000229
2013   4  29  56411   0.066926   0.395496   0.1151226   0.0013580  -0.074129  -0.013849   0.000022   0.000033  0.0000031  0.0000086    0.000259    0.000153
2013   4  30  56412   0.067935   0.395987   0.1137639   0.0013742  -0.074076  -0.013807   0.000020   0.000033  0.0000012  0.0000081    0.000128    0.000077
2013   5   1  56413   0.069079   0.396187   0.1123734   0.0014241  -0.074147  -0.013678   0.000018   0.000031  0.0000133  0.0000077    0.000106    0.000066
2013   5   2  56414   0.070601   0.396865   0.1108968   0.0015399  -0.074305  -0.013583   0.000020   0.000031  0.0000025  0.0000081    0.000111    0.000072
2013   5   3  56415   0.072194   0.397607   0.1092979   0.0016617  -0.074412  -0.013538   0.000022   0.000031  0.0000013  0.0000081    0.000115    0.000078
2013   5   4  56416   0.073934   0.398142   0.1076280   0.0017014  -0.074345  -0.013484   0.000020   0.000031  0.0000133  0.0000077    0.000117    0.000077
2013   5   5  56417   0.075382   0.398690   0.1059460   0.0016757  -0.074147  -0.013400   0.000020   0.000031  0.0000024  0.0000077    0.000118    0.000073
2013   5   6  56418   0.076726   0.399162   0.1042827   0.0016511  -0.074011  -0.013288   0.000021   0.000033  0.0000053  0.0000084    0.000118    0.000069
2013   5   7  56419   0.077727   0.399520   0.1026651   0.0015729  -0.074044  -0.013182   0.000021   0.000033  0.0000059  0.0000084    0.000119    0.000065
2013   5   8  56420   0.078782   0.399676   0.1011258   0.0014570  -0.074202  -0.013129   0.000020   0.000032  0.0000013  0.0000077    0.000114    0.000059
2013   5   9  56421   0.080212   0.400159   0.0997499   0.0012809  -0.074522  -0.013251   0.000017   0.000032  0.0000136  0.0000073    0.000210    0.000101
2013   5  10  56422   0.081756   0.400479   0.0985505   0.0011247  -0.074794  -0.013488   0.000020   0.000032  0.0000021  0.0000077    0.000330    0.000156
2013   5  11  56423   0.084245   0.400858   0.0974696   0.0010228  -0.074745  -0.013678   0.000022   0.000032  0.0000131  0.0000081    0.000318    0.000151
2013   5  12  56424   0.086309   0.401440   0.0964810   0.0009413  -0.074543  -0.013775   0.000020   0.000032  0.0000031  0.0000077    0.000256    0.000123
2013   5  13  56425   0.088337   0.402161   0.0955606   0.0009037  -0.074316  -0.013780   0.000022   0.000032  0.0000034  0.0000079    0.000206    0.000103
2013   5  14  56426   0.089451   0.403203   0.0946677   0.0009035  -0.074133  -0.013792   0.000024   0.000032  0.0000015  0.0000078    0.000140    0.000073
2013   5  15  56427   0.090741   0.403960   0.0937434   0.0009546  -0.074297  -0.013912   0.000022   0.000033  0.0000164  0.0000073    0.000137    0.000075
2013   5  16  56428   0.091099   0.404564   0.0927334   0.0010329  -0.074570  -0.014007   0.000022   0.000033  0.0000061  0.0000077    0.000148    0.000088
2013   5  17  56429   0.091665   0.404720   0.0916057   0.0011913  -0.074681  -0.013983   0.000022   0.000033  0.0000013  0.0000077    0.000159    0.000101
2013   5  18  56430   0.092279   0.404886   0.0903432   0.0013154  -0.074348  -0.013836   0.000022   0.000033  0.0000170  0.0000077    0.000159    0.000100
2013   5  19  56431   0.093382   0.404814   0.0889580   0.0014222  -0.073988  -0.013744   0.000024   0.000033  0.0000031  0.0000077    0.000155    0.000093
2013   5  20  56432   0.094812   0.404856   0.0874807   0.0015032  -0.074269  -0.013770   0.000020   0.000030  0.0000031  0.0000070    0.000322    0.000171
2013   5  21  56433   0.096671   0.405103   0.0859534   0.0015170  -0.074724  -0.013780   0.000020   0.000030  0.0000026  0.0000070    0.000381    0.000195
2013   5  22  56434   0.098090   0.405783   0.0844501   0.0014488  -0.075198  -0.013587   0.000021   0.000027  0.0000040  0.0000072    0.000429    0.000218
2013   5  23  56435   0.099439   0.406575   0.0830146   0.0013755  -0.075490  -0.013240   0.000021   0.000027  0.0001122  0.0000072    0.000367    0.000196
2013   5  24  56436   0.100665   0.407104   0.0817241   0.0012537  -0.075613  -0.013048   0.000019   0.000027  0.0000018  0.0000069    0.000273    0.000162
2013   5  25  56437   0.101494   0.407171   0.0805331   0.0011307  -0.075706  -0.013240   0.000017   0.000027  0.0000250  0.0000069    0.000254    0.000154
2013   5  26  56438   0.102303   0.407199   0.0794448   0.0010336  -0.075745  -0.013587   0.000304   0.000234  0.0000054  0.0000236    0.000263    0.000156
2013   5  27  56439   0.102856   0.407246   0.0784812   0.0009137  -0.075775  -0.013763   0.000026   0.000030  0.0000031  0.0000075    0.000286    0.000159
2013   5  28  56440   0.103519   0.407139   0.0775747   0.0009094  -0.075818  -0.013735   0.000026   0.000034  0.0000026  0.0000075    0.000296    0.000161
2013   5  29  56441   0.104126   0.407196   0.0766735   0.0009130  -0.075931  -0.013643   0.000025   0.000032  0.0000019  0.0000073    0.000296    0.000153
2013   5  30  56442   0.104903   0.407053   0.0757525   0.0009351  -0.076061  -0.013507   0.000028   0.000031  0.0000112  0.0000077    0.000269    0.000133
2013   5  31  56443   0.106365   0.406900   0.0748141   0.0009118  -0.076284  -0.013366   0.000028   0.000031  0.0000016  0.0000077    0.000232    0.000107
2013   6   1  56444   0.108299   0.406628   0.0739569   0.0008131  -0.076467  -0.013268   0.000028   0.000031  0.0000081  0.0000077    0.000210    0.000096
2013   6   2  56445   0.110240   0.406481   0.0732060   0.0007016  -0.076467  -0.013242   0.000028   0.000031  0.0000030  0.0000077    0.000194    0.000091
2013   6   3  56446   0.111834   0.406343   0.0725254   0.0006471  -0.076283  -0.013284   0.000023   0.000030  0.0000029  0.0000074    0.000178    0.000086
2013   6   4  56447   0.113268   0.405956   0.0719147   0.0005507  -0.076132  -0.013322   0.000023   0.000030  0.0000013  0.0000074    0.000162    0.000081
2013   6   5  56448   0.114167   0.405386   0.0714299   0.0004190  -0.076466  -0.013344   0.000022   0.000028  0.0000174  0.0000072    0.000155    0.000085
2013   6   6  56449   0.114617   0.404595   0.0710683   0.0003198  -0.077064  -0.013385   0.000022   0.000028  0.0000059  0.0000072    0.000155    0.000092
2013   6   7  56450   0.115025   0.403767   0.0707839   0.0002307  -0.077642  -0.013526   0.000022   0.000028  0.0000014  0.0000072    0.000156    0.000100
2013   6   8  56451   0.115680   0.402894   0.0706110   0.0001381  -0.077774  -0.013727   0.000022   0.000028  0.0000279  0.0000071    0.000150    0.000096
2013   6   9  56452   0.116312   0.402086   0.0705071   0.0000830  -0.077587  -0.013863   0.000307   0.000144  0.0000033  0.0000201    0.000143    0.000089
2013   6  10  56453   0.117352   0.401350   0.0704022   0.0000989  -0.077299  -0.013846   0.000032   0.000025  0.0000027  0.0000082    0.000136    0.000081
2013   6  11  56454   0.118269   0.401044   0.0702341   0.0001960  -0.077126  -0.013742   0.000032   0.000028  0.0000013  0.0000078    0.000129    0.000074
2013   6  12  56455   0.119218   0.400606   0.0699942   0.0002892  -0.077389  -0.013655   0.000034   0.000030  0.0000187  0.0000080    0.000138    0.000075
2013   6  13  56456   0.120723   0.399987   0.0696499   0.0004153  -0.077859  -0.013635   0.000034   0.000030  0.0000028  0.0000084    0.000152    0.000079
2013   6  14  56457   0.122404   0.399512   0.0691558   0.0005602  -0.078185  -0.013594   0.000031   0.000030  0.0000016  0.0000080    0.000165    0.000083
2013   6  15  56458   0.123927   0.398878   0.0685337   0.0006864  -0.078115  -0.013524   0.000027   0.000030  0.0000217  0.0000076    0.000192    0.000091
2013   6  16  56459   0.125694   0.398557   0.0678080   0.0007759  -0.077893  -0.013435   0.000027   0.000027  0.0000034  0.0000076    0.000225    0.000101
2013   6  17  56460   0.127398   0.398251   0.0669948   0.0008524  -0.077955  -0.013380   0.000029   0.000024  0.0000034  0.0000082    0.000255    0.000110
2013   6  18  56461   0.129288   0.397823   0.0661280   0.0008752  -0.078489  -0.013361   0.000032   0.000027  0.0000018  0.0000087    0.000287    0.000120
2013   6  19  56462   0.131187   0.397852   0.0652819   0.0008272  -0.079184  -0.013216   0.000032   0.000063  0.0000246  0.0000085    0.000230    0.000097
2013   6  20  56463   0.132607   0.397704   0.0644927   0.0007700  -0.079698  -0.012999   0.000029   0.000063  0.0000027  0.0000081    0.000151    0.000066
2013   6  21  56464   0.134163   0.397002   0.0637729   0.0006587  -0.079884  -0.012919   0.000029   0.000030  0.0000011  0.0000081    0.000072    0.000035
2013   6  22  56465   0.135302   0.396487   0.0631683   0.0005846  -0.079870  -0.013109   0.000032   0.000030  0.0000159  0.0000085    0.000073    0.000034
2013   6  23  56466   0.136143   0.395919   0.0626275   0.0005627  -0.079751  -0.013376   0.000029   0.000030  0.0000026  0.0000085    0.000103    0.000045
2013   6  24  56467   0.136415   0.395594   0.0620426   0.0005992  -0.079659  -0.013441   0.000029   0.000030  0.0000030  0.0000083    0.000130    0.000055
2013   6  25  56468   0.136974   0.394965   0.0613753   0.0007043  -0.079695  -0.013316   0.000029   0.000030  0.0000016  0.0000079    0.000159    0.000065
2013   6  26  56469   0.137552   0.394336   0.0606312   0.0007642  -0.079751  -0.013228   0.000027   0.000030  0.0000155  0.0000078    0.000153    0.000064
2013   6  27  56470   0.138002   0.393733   0.0598411   0.0007937  -0.079859  -0.013239   0.000027   0.000030  0.0000051  0.0000077    0.000136    0.000061
2013   6  28  56471   0.138767   0.392827   0.0590512   0.0007557  -0.080186  -0.013242   0.000027   0.000030  0.0000010  0.0000077    0.000118    0.000058
2013   6  29  56472   0.140194   0.391993   0.0583348   0.0006506  -0.080753  -0.013132   0.000031   0.000030  0.0000299  0.0000082    0.000139    0.000055
2013   6  30  56473   0.141516   0.391422   0.0577584   0.0004939  -0.081241  -0.013042   0.000031   0.000030  0.0000032  0.0000082    0.000175    0.000052
2013   7   1  56474   0.142616   0.390794   0.0573666   0.0002946  -0.081189  -0.013153   0.000026   0.000031  0.0000036  0.0000072    0.000064    0.000031
2013   7   2  56475   0.144079   0.390119   0.0571657   0.0001138  -0.081005  -0.013275   0.000026   0.000030  0.0000026  0.0000088    0.000043    0.000021
2013   7   3  56476   0.145665   0.389520   0.0571564  -0.0000670  -0.081169  -0.013353   0.000025   0.000030  0.0000015  0.0000084    0.000159    0.000073
2013   7   4  56477   0.146711   0.388729   0.0572832  -0.0002368  -0.081637  -0.013394   0.000025   0.000030  0.0000094  0.0000084    0.000226    0.000089
2013   7   5  56478   0.147713   0.387541   0.0575537  -0.0003000  -0.082185  -0.013467   0.000025   0.000030  0.0000087  0.0000087    0.000263    0.000086
2013   7   6  56479   0.148953   0.386151   0.0579280  -0.0003526  -0.082515  -0.013596   0.000025   0.000030  0.0000096  0.0000090    0.000299    0.000083
2013   7   7  56480   0.150376   0.384903   0.0583167  -0.0003661  -0.082517  -0.013681   0.000107   0.000099  0.0000163  0.0000110    0.000336    0.000080
2013   7   8  56481   0.151569   0.383539   0.0585779  -0.0002537  -0.082231  -0.013586   0.000032   0.000032  0.0000125  0.0000085    0.000105    0.000052
2013   7   9  56482   0.153050   0.382250   0.0587683  -0.0001194  -0.082116  -0.013413   0.000032   0.000032  0.0000044  0.0000085    0.000085    0.000043
2013   7  10  56483   0.154493   0.381145   0.0588276   0.0000078  -0.082158  -0.013256   0.000030   0.000036  0.0000109  0.0000085    0.000165    0.000078
2013   7  11  56484   0.156082   0.380732   0.0587437   0.0001635  -0.082390  -0.013270   0.000034   0.000036  0.0000068  0.0000087    0.000249    0.000114
2013   7  12  56485   0.156863   0.380599   0.0585248   0.0002568  -0.082613  -0.013367   0.000034   0.000036  0.0000038  0.0000087    0.000332    0.000149
2013   7  13  56486   0.158069   0.380042   0.0582255   0.0003536  -0.082692  -0.013422   0.000030   0.000036  0.0000181  0.0000087    0.000320    0.000144
2013   7  14  56487   0.159076   0.379385   0.0578480   0.0003991  -0.082580  -0.013358   0.000030   0.000036  0.0000085  0.0000089    0.000271    0.000124
2013   7  15  56488   0.159931   0.378229   0.0574290   0.0004241  -0.082495  -0.013222   0.000028   0.000035  0.0000093  0.0000087    0.000220    0.000100
2013   7  16  56489   0.160905   0.377171   0.0569832   0.0004291  -0.082793  -0.013073   0.000031   0.000035  0.0000109  0.0000088    0.000172    0.000080
2013   7  17  56490   0.161815   0.376243   0.0565385   0.0003878  -0.083392  -0.012938   0.000036   0.000034  0.0000048  0.0000091    0.000124    0.000059
2013   7  18  56491   0.162565   0.375422   0.0561746   0.0003214  -0.084005  -0.012806   0.000036   0.000034  0.0000094  0.0000091    0.000152    0.000077
2013   7  19  56492   0.162945   0.374696   0.0558663   0.0002716  -0.084344  -0.012828   0.000033   0.000034  0.0000029  0.0000090    0.000199    0.000105
2013   7  20  56493   0.163846   0.373849   0.0556151   0.0002333  -0.084450  -0.013110   0.000029   0.000034  0.0000178  0.0000090    0.000196    0.000103
2013   7  21  56494   0.164553   0.373090   0.0554059   0.0002098  -0.084442  -0.013398   0.000032   0.000034  0.0000067  0.0000090    0.000173    0.000089
2013   7  22  56495   0.164789   0.371800   0.0551523   0.0002812  -0.084509  -0.013435   0.000034   0.000036  0.0000069  0.0000095    0.000149    0.000075
2013   7  23  56496   0.165291   0.370338   0.0547829   0.0004291  -0.084685  -0.013259   0.000031   0.000036  0.0000028  0.0000093    0.000127    0.000061
2013   7  24  56497   0.166002   0.368999   0.0542810   0.0005603  -0.084635  -0.013082   0.000031   0.000033  0.0000166  0.0000089    0.000123    0.000065
2013   7  25  56498   0.166346   0.367911   0.0536717   0.0006255  -0.084443  -0.013071   0.000034   0.000033  0.0000105  0.0000092    0.000152    0.000084
2013   7  26  56499   0.166811   0.366676   0.0530071   0.0006567  -0.084390  -0.013121   0.000034   0.000033  0.0000035  0.0000095    0.000181    0.000102
2013   7  27  56500   0.167707   0.365549   0.0523630   0.0006006  -0.084784  -0.013106   0.000034   0.000033  0.0000121  0.0000098    0.000220    0.000126
2013   7  28  56501   0.168765   0.364738   0.0518197   0.0004764  -0.085332  -0.013052   0.000031   0.000033  0.0000108  0.0000098    0.000262    0.000151
2013   7  29  56502   0.169700   0.363977   0.0513965   0.0003449  -0.085579  -0.013059   0.000027   0.000032  0.0000105  0.0000102    0.000315    0.000182
2013   7  30  56503   0.170594   0.362929   0.0510988   0.0002185  -0.085459  -0.013162   0.000028   0.000033  0.0000065  0.0000088    0.000358    0.000208
2013   7  31  56504   0.171158   0.361742   0.0509293   0.0001075  -0.085466  -0.013254   0.000029   0.000032  0.0000126  0.0000085    0.000246    0.000152
2013   8   1  56505   0.171614   0.360801   0.0508664   0.0000354  -0.085804  -0.013285   0.000029   0.000032  0.0000116  0.0000088    0.000153    0.000092
2013   8   2  56506   0.171449   0.359906   0.0508698  -0.0000262  -0.086314  -0.013289   0.000029   0.000032  0.0000021  0.0000088    0.000060    0.000033
2013   8   3  56507   0.171812   0.358758   0.0508896  -0.0000357  -0.086526  -0.013321   0.000029   0.000032  0.0000159  0.0000088    0.000037    0.000019
2013   8   4  56508   0.172184   0.357514   0.0508920  -0.0000184  -0.086421  -0.013334   0.000029   0.000029  0.0000092  0.0000091    0.000042    0.000021
2013   8   5  56509   0.172401   0.356273   0.0508653   0.0000659  -0.086139  -0.013258   0.000033   0.000029  0.0000153  0.0000097    0.000048    0.000026
2013   8   6  56510   0.172554   0.355256   0.0507705   0.0001743  -0.085907  -0.013119   0.000033   0.000032  0.0000055  0.0000096    0.000052    0.000028
2013   8   7  56511   0.172778   0.354263   0.0505584   0.0002672  -0.085962  -0.012990   0.000030   0.000031  0.0000125  0.0000098    0.000078    0.000044
2013   8   8  56512   0.173427   0.353372   0.0502377   0.0003265  -0.086210  -0.012979   0.000030   0.000028  0.0000059  0.0000098    0.000107    0.000062
2013   8   9  56513   0.173697   0.352904   0.0498320   0.0004346  -0.086587  -0.013058   0.000030   0.000028  0.0000021  0.0000099    0.000135    0.000079
2013   8  10  56514   0.173888   0.352080   0.0493378   0.0005192  -0.086894  -0.013152   0.000030   0.000028  0.0000104  0.0000101    0.000132    0.000076
2013   8  11  56515   0.173994   0.351257   0.0487936   0.0005298  -0.087030  -0.013162   0.000030   0.000028  0.0000082  0.0000101    0.000117    0.000064
2013   8  12  56516   0.173765   0.350190   0.0482710   0.0004758  -0.087022  -0.013085   0.000033   0.000032  0.0000091  0.0000098    0.000102    0.000053
2013   8  13  56517   0.173651   0.348912   0.0477934   0.0004126  -0.087022  -0.012993   0.000033   0.000032  0.0000033  0.0000099    0.000087    0.000042
2013   8  14  56518   0.173705   0.347770   0.0473953   0.0003477  -0.087070  -0.012857   0.000031   0.000030  0.0000013  0.0000103    0.000133    0.000067
2013   8  15  56519   0.173741   0.346387   0.0470610   0.0002979  -0.087356  -0.012920   0.000034   0.000033  0.0000087  0.0000105    0.000145    0.000074
2013   8  16  56520   0.173646   0.345159   0.0467545   0.0002797  -0.087632  -0.013190   0.000034   0.000033  0.0000096  0.0000108    0.000138    0.000071
2013   8  17  56521   0.173383   0.343912   0.0464163   0.0003744  -0.087730  -0.013568   0.000031   0.000033  0.0000089  0.0000111    0.000131    0.000067
2013   8  18  56522   0.173288   0.342890   0.0459741   0.0005323  -0.087733  -0.013847   0.000034   0.000033  0.0000088  0.0000111    0.000124    0.000064
2013   8  19  56523   0.173168   0.341865   0.0453977   0.0006168  -0.087741  -0.013830   0.000033   0.000034  0.0000079  0.0000104    0.000111    0.000057
2013   8  20  56524   0.173063   0.340726   0.0446799   0.0007632  -0.087942  -0.013555   0.000029   0.000034  0.0000025  0.0000104    0.000105    0.000054
2013   8  21  56525   0.172398   0.339375   0.0438305   0.0008525  -0.088054  -0.013229   0.000028   0.000031  0.0000139  0.0000103    0.000128    0.000063
2013   8  22  56526   0.171684   0.337844   0.0429512   0.0008717  -0.087992  -0.013086   0.000031   0.000031  0.0000092  0.0000097    0.000160    0.000076
2013   8  23  56527   0.170625   0.336442   0.0420842   0.0008230  -0.087945  -0.013104   0.000031   0.000031  0.0000041  0.0000097    0.000192    0.000089
2013   8  24  56528   0.169798   0.334944   0.0412703   0.0007489  -0.088189  -0.013146   0.000031   0.000031  0.0000090  0.0000099    0.000296    0.000146
2013   8  25  56529   0.169189   0.333577   0.0405795   0.0006309  -0.088651  -0.013109   0.000031   0.000034  0.0000072  0.0000099    0.000426    0.000220
2013   8  26  56530   0.168893   0.332209   0.0400021   0.0005207  -0.088936  -0.013040   0.000028   0.000034  0.0000114  0.0000100    0.000708    0.000295
2013   8  27  56531   0.168519   0.330738   0.0395337   0.0003777  -0.088974  -0.013011   0.000028   0.000031  0.0000100  0.0000100    0.000874    0.000369
2013   8  28  56532   0.168415   0.329414   0.0391717   0.0002806  -0.088796  -0.013060   0.000029   0.000030  0.0000139  0.0000093    0.000590    0.000293
2013   8  29  56533   0.168163   0.328251   0.0388973   0.0002473  -0.088647  -0.013135   0.000029   0.000033  0.0000142  0.0000093    0.000347    0.000172
2013   8  30  56534   0.167661   0.327082   0.0386768   0.0002367  -0.088567  -0.013209   0.000029   0.000033  0.0000058  0.0000095    0.000104    0.000051
2013   8  31  56535   0.166593   0.325700   0.0384634   0.0002152  -0.088479  -0.013238   0.000029   0.000033  0.0000122  0.0000095    0.000059    0.000028
2013   9   1  56536   0.165860   0.324084   0.0382068   0.0002970  -0.088348  -0.013223   0.000029   0.000033  0.0000084  0.0000093    0.000087    0.000041
2013   9   2  56537   0.165573   0.322684   0.0378617   0.0004198  -0.088214  -0.013165   0.000035   0.000036  0.0000102  0.0000109    0.000107    0.000053
2013   9   3  56538   0.165314   0.321419   0.0373927   0.0005024  -0.088177  -0.013106   0.000039   0.000036  0.0000127  0.0000114    0.000133    0.000066
2013   9   4  56539   0.164827   0.320456   0.0367879   0.0006379  -0.088164  -0.013058   0.000034   0.000034  0.0000049  0.0000106    0.000157    0.000077
2013   9   5  56540   0.164368   0.319491   0.0360450   0.0008060  -0.088415  -0.013104   0.000034   0.000034  0.0000114  0.0000104    0.000147    0.000072
2013   9   6  56541   0.164310   0.318349   0.0351748   0.0009072  -0.088826  -0.013138   0.000038   0.000034  0.0000046  0.0000104    0.000129    0.000064
2013   9   7  56542   0.163910   0.317351   0.0342240   0.0009627  -0.089123  -0.013049   0.000034   0.000034  0.0000118  0.0000101    0.000153    0.000083
2013   9   8  56543   0.163508   0.316383   0.0332626   0.0009316  -0.089309  -0.012915   0.000034   0.000031  0.0000085  0.0000098    0.000193    0.000112
2013   9   9  56544   0.162948   0.315306   0.0323533   0.0008653  -0.089279  -0.012794   0.000033   0.000031  0.0000085  0.0000101    0.000236    0.000145
2013   9  10  56545   0.162052   0.314146   0.0315245   0.0007584  -0.089000  -0.012723   0.000033   0.000035  0.0000075  0.0000101    0.000276    0.000176
2013   9  11  56546   0.161094   0.312773   0.0307834   0.0006948  -0.088794  -0.012576   0.000031   0.000029  0.0000096  0.0000100    0.000231    0.000145
2013   9  12  56547   0.159937   0.311450   0.0301155   0.0006528  -0.088724  -0.012451   0.000027   0.000026  0.0000070  0.0000100    0.000165    0.000100
2013   9  13  56548   0.158737   0.309930   0.0294762   0.0006294  -0.088777  -0.012424   0.000027   0.000026  0.0000030  0.0000100    0.000099    0.000055
2013   9  14  56549   0.157790   0.308431   0.0288025   0.0007154  -0.088933  -0.012625   0.000031   0.000029  0.0000144  0.0000103    0.000110    0.000057
2013   9  15  56550   0.157350   0.306944   0.0280242   0.0008645  -0.089101  -0.012857   0.000031   0.000029  0.0000071  0.0000105    0.000150    0.000077
2013   9  16  56551   0.157106   0.305976   0.0270896   0.0010175  -0.089268  -0.012909   0.000030   0.000030  0.0000068  0.0000099    0.000178    0.000091
