# GPS Satellite
-2.661791928199999893e+04 1.798946516100000053e+03 -1.994912198999999831e+01 -1.631212321299999879e-01 -2.212360033700000006e+00 3.154939023599999892e+00
-2.661791928199999893e+04 1.798946516100000053e+03 -1.994912198999999831e+01 -1.631212321299999879e-01 -2.212360033700000006e+00 3.154939023599999892e+00
-2.661791928199999893e+04 1.798946516100000053e+03 -1.994912198999999831e+01 -1.631212321299999879e-01 -2.212360033700000006e+00 3.154939023599999892e+00
-2.661791928199999893e+04 1.798946516100000053e+03 -1.994912198999999831e+01 -1.631212321299999879e-01 -2.212360033700000006e+00 3.154939023599999892e+00
-2.661791928199999893e+04 1.798946516100000053e+03 -1.994912198999999831e+01 -1.631212321299999879e-01 -2.212360033700000006e+00 3.154939023599999892e+00
-2.661791928199999893e+04 1.798946516100000053e+03 -1.994912198999999831e+01 -1.631212321299999879e-01 -2.212360033700000006e+00 3.154939023599999892e+00
-2.661791928199999893e+04 1.798946516100000053e+03 -1.994912198999999831e+01 -1.631212321299999879e-01 -2.212360033700000006e+00 3.154939023599999892e+00
-2.661791928199999893e+04 1.798946516100000053e+03 -1.994912198999999831e+01 -1.631212321299999879e-01 -2.212360033700000006e+00 3.154939023599999892e+00
-2.661791928199999893e+04 1.798946516100000053e+03 -1.994912198999999831e+01 -1.631212321299999879e-01 -2.212360033700000006e+00 3.154939023599999892e+00
-2.661791928199999893e+04 1.798946516100000053e+03 -1.994912198999999831e+01 -1.631212321299999879e-01 -2.212360033700000006e+00 3.154939023599999892e+00
0.000000000000000000e+00 0.000000000000000000e+00 0.000000000000000000e+00 0.000000000000000000e+00 0.000000000000000000e+00 0.000000000000000000e+00
