Altitude (km)	Density (kg/m^3)
86.0	6.958E-06
86.5	6.366E-06
87.0	5.824E-06
87.5	5.328E-06
88.0	4.875E-06
88.5	4.460E-06
89.0	4.081E-06
89.5	3.734E-06
90.0	3.416E-06
90.5	3.126E-06
91.0	2.860E-06
91.5	2.616E-06
92.0	2.393E-06
92.5	2.188E-06
93.0	2.000E-06
93.5	1.828E-06
94.0	1.670E-06
94.5	1.526E-06
95.0	1.393E-06
95.5	1.273E-06
96.0	1.162E-06
96.5	1.061E-06
97.0	9.685E-07
97.5	8.842E-07
98.0	8.071E-07
98.5	7.367E-07
99.0	6.725E-07
99.5	6.139E-07
100.0	5.604E-07
101.0	4.695E-07
102.0	3.935E-07
103.0	3.300E-07
104.0	2.769E-07
105.0	2.325E-07
106.0	1.954E-07
107.0	1.643E-07
108.0	1.381E-07
109.0	1.161E-07
110.0	9.708E-08
111.0	8.111E-08
112.0	6.838E-08
113.0	5.811E-08
114.0	4.975E-08
115.0	4.289E-08
116.0	3.720E-08
117.0	3.246E-08
118.0	2.847E-08
119.0	2.509E-08
120.0	2.222E-08
121.0	1.977E-08
122.0	1.767E-08
123.0	1.585E-08
124.0	1.428E-08
125.0	1.291E-08
126.0	1.171E-08
127.0	1.065E-08
128.0	9.717E-09
129.0	8.889E-09
130.0	8.152E-09
131.0	7.494E-09
132.0	6.904E-09
133.0	6.374E-09
134.0	5.897E-09
135.0	5.465E-09
136.0	5.074E-09
137.0	4.719E-09
138.0	4.396E-09
139.0	4.101E-09
140.0	3.831E-09
141.0	3.584E-09
142.0	3.358E-09
143.0	3.150E-09
144.0	2.958E-09
145.0	2.781E-09
146.0	2.618E-09
147.0	2.466E-09
148.0	2.326E-09
149.0	2.196E-09
150.0	2.076E-09
151.0	1.963E-09
152.0	1.859E-09
153.0	1.761E-09
154.0	1.670E-09
155.0	1.585E-09
156.0	1.505E-09
157.0	1.431E-09
158.0	1.361E-09
159.0	1.295E-09
160.0	1.233E-09
161.0	1.175E-09
162.0	1.121E-09
163.0	1.069E-09
164.0	1.021E-09
165.0	9.750E-10
166.0	9.319E-10
167.0	8.911E-10
168.0	8.525E-10
169.0	8.161E-10
170.0	7.815E-10
171.0	7.488E-10
172.0	7.178E-10
173.0	6.883E-10
174.0	6.604E-10
175.0	6.339E-10
176.0	6.086E-10
177.0	5.846E-10
178.0	5.618E-10
179.0	5.401E-10
180.0	5.194E-10
181.0	4.997E-10
182.0	4.809E-10
183.0	4.630E-10
184.0	4.459E-10
185.0	4.295E-10
186.0	4.139E-10
187.0	3.990E-10
188.0	3.847E-10
189.0	3.711E-10
190.0	3.581E-10
191.0	3.456E-10
192.0	3.336E-10
193.0	3.222E-10
194.0	3.112E-10
195.0	3.006E-10
196.0	2.905E-10
197.0	2.809E-10
198.0	2.716E-10
199.0	2.626E-10
200.0	2.541E-10
201.0	2.458E-10
202.0	2.379E-10
203.0	2.303E-10
204.0	2.230E-10
205.0	2.160E-10
206.0	2.092E-10
207.0	2.027E-10
208.0	1.964E-10
209.0	1.904E-10
210.0	1.846E-10
211.0	1.790E-10
212.0	1.736E-10
213.0	1.683E-10
214.0	1.633E-10
215.0	1.585E-10
216.0	1.538E-10
217.0	1.493E-10
218.0	1.450E-10
219.0	1.408E-10
220.0	1.367E-10
221.0	1.328E-10
222.0	1.290E-10
223.0	1.253E-10
224.0	1.218E-10
225.0	1.184E-10
226.0	1.151E-10
227.0	1.119E-10
228.0	1.088E-10
229.0	1.058E-10
230.0	1.029E-10
231.0	1.001E-10
232.0	9.741E-11
233.0	9.479E-11
234.0	9.225E-11
235.0	8.979E-11
236.0	8.740E-11
237.0	8.509E-11
238.0	8.285E-11
239.0	8.068E-11
240.0	7.858E-11
241.0	7.654E-11
242.0	7.456E-11
243.0	7.265E-11
244.0	7.079E-11
245.0	6.898E-11
246.0	6.723E-11
247.0	6.553E-11
248.0	6.388E-11
249.0	6.228E-11
250.0	6.073E-11
251.0	5.922E-11
252.0	5.775E-11
253.0	5.633E-11
254.0	5.494E-11
255.0	5.360E-11
256.0	5.229E-11
257.0	5.102E-11
258.0	4.979E-11
259.0	4.859E-11
260.0	4.742E-11
261.0	4.629E-11
262.0	4.519E-11
263.0	4.412E-11
264.0	4.307E-11
265.0	4.206E-11
266.0	4.107E-11
267.0	4.011E-11
268.0	3.918E-11
269.0	3.827E-11
270.0	3.738E-11
271.0	3.652E-11
272.0	3.568E-11
273.0	3.486E-11
274.0	3.407E-11
275.0	3.329E-11
276.0	3.254E-11
277.0	3.180E-11
278.0	3.108E-11
279.0	3.039E-11
280.0	2.971E-11
281.0	2.904E-11
282.0	2.840E-11
283.0	2.777E-11
284.0	2.715E-11
285.0	2.656E-11
286.0	2.597E-11
287.0	2.540E-11
288.0	2.485E-11
289.0	2.431E-11
290.0	2.378E-11
291.0	2.326E-11
292.0	2.276E-11
293.0	2.227E-11
294.0	2.179E-11
295.0	2.133E-11
296.0	2.087E-11
297.0	2.043E-11
298.0	1.999E-11
299.0	1.957E-11
300.0	1.916E-11
302.0	1.836E-11
304.0	1.760E-11
306.0	1.688E-11
308.0	1.618E-11
310.0	1.552E-11
312.0	1.489E-11
314.0	1.429E-11
316.0	1.372E-11
318.0	1.317E-11
320.0	1.264E-11
322.0	1.214E-11
324.0	1.166E-11
326.0	1.121E-11
328.0	1.077E-11
330.0	1.035E-11
332.0	9.946E-12
334.0	9.561E-12
336.0	9.193E-12
338.0	8.841E-12
340.0	8.503E-12
342.0	8.179E-12
344.0	7.869E-12
346.0	7.572E-12
348.0	7.287E-12
350.0	7.014E-12
352.0	6.751E-12
354.0	6.500E-12
356.0	6.259E-12
358.0	6.027E-12
360.0	5.805E-12
362.0	5.592E-12
364.0	5.387E-12
366.0	5.190E-12
368.0	5.001E-12
370.0	4.820E-12
372.0	4.645E-12
374.0	4.478E-12
376.0	4.316E-12
378.0	4.162E-12
380.0	4.013E-12
382.0	3.870E-12
384.0	3.732E-12
386.0	3.599E-12
388.0	3.472E-12
390.0	3.350E-12
392.0	3.232E-12
394.0	3.118E-12
396.0	3.009E-12
398.0	2.904E-12
400.0	2.803E-12
402.0	2.705E-12
404.0	2.611E-12
406.0	2.521E-12
408.0	2.434E-12
410.0	2.350E-12
412.0	2.269E-12
414.0	2.192E-12
416.0	2.117E-12
418.0	2.044E-12
420.0	1.975E-12
422.0	1.908E-12
424.0	1.843E-12
426.0	1.781E-12
428.0	1.720E-12
430.0	1.662E-12
432.0	1.606E-12
434.0	1.553E-12
436.0	1.501E-12
438.0	1.450E-12
440.0	1.402E-12
442.0	1.355E-12
444.0	1.310E-12
446.0	1.267E-12
448.0	1.225E-12
450.0	1.184E-12
452.0	1.145E-12
454.0	1.108E-12
456.0	1.071E-12
458.0	1.036E-12
460.0	1.002E-12
462.0	9.694E-13
464.0	9.377E-13
466.0	9.072E-13
468.0	8.777E-13
470.0	8.492E-13
472.0	8.217E-13
474.0	7.952E-13
476.0	7.695E-13
478.0	7.447E-13
480.0	7.208E-13
482.0	6.976E-13
484.0	6.753E-13
486.0	6.537E-13
488.0	6.328E-13
490.0	6.127E-13
492.0	5.932E-13
494.0	5.743E-13
496.0	5.561E-13
498.0	5.385E-13
500.0	5.215E-13
505.0	4.814E-13
510.0	4.446E-13
515.0	4.107E-13
520.0	3.796E-13
525.0	3.509E-13
530.0	3.246E-13
535.0	3.003E-13
540.0	2.780E-13
545.0	2.574E-13
550.0	2.384E-13
555.0	2.210E-13
560.0	2.049E-13
565.0	1.900E-13
570.0	1.763E-13
575.0	1.637E-13
580.0	1.520E-13
585.0	1.413E-13
590.0	1.313E-13
595.0	1.221E-13
600.0	1.137E-13
605.0	1.058E-13
610.0	9.859E-14
615.0	9.190E-14
620.0	8.571E-14
625.0	7.998E-14
630.0	7.468E-14
635.0	6.977E-14
640.0	6.523E-14
645.0	6.102E-14
650.0	5.712E-14
655.0	5.350E-14
660.0	5.015E-14
665.0	4.704E-14
670.0	4.416E-14
675.0	4.148E-14
680.0	3.900E-14
685.0	3.669E-14
690.0	3.454E-14
695.0	3.255E-14
700.0	3.070E-14
705.0	2.897E-14
710.0	2.736E-14
715.0	2.587E-14
720.0	2.448E-14
725.0	2.318E-14
730.0	2.197E-14
735.0	2.084E-14
740.0	1.979E-14
745.0	1.880E-14
750.0	1.788E-14
755.0	1.702E-14
760.0	1.622E-14
765.0	1.547E-14
770.0	1.476E-14
775.0	1.410E-14
780.0	1.348E-14
785.0	1.290E-14
790.0	1.235E-14
795.0	1.184E-14
800.0	1.136E-14
805.0	1.091E-14
810.0	1.048E-14
815.0	1.008E-14
820.0	9.697E-15
825.0	9.339E-15
830.0	9.001E-15
835.0	8.682E-15
840.0	8.380E-15
845.0	8.094E-15
850.0	7.824E-15
855.0	7.567E-15
860.0	7.324E-15
865.0	7.093E-15
870.0	6.873E-15
875.0	6.664E-15
880.0	6.465E-15
885.0	6.276E-15
890.0	6.096E-15
895.0	5.924E-15
900.0	5.759E-15
905.0	5.602E-15
910.0	5.452E-15
915.0	5.308E-15
920.0	5.170E-15
925.0	5.038E-15
930.0	4.912E-15
935.0	4.790E-15
940.0	4.673E-15
945.0	4.561E-15
950.0	4.453E-15
955.0	4.349E-15
960.0	4.248E-15
965.0	4.152E-15
970.0	4.058E-15
975.0	3.968E-15
980.0	3.881E-15
985.0	3.797E-15
990.0	3.716E-15
995.0	3.637E-15
1000.0	3.561E-15
